#chrom	pos	desc	normal	sample1	sample2	sample3	sample4	sample5	sample6	sample7	sample8	sample9
22	50512526	M8394	0	0	0	0.1753	0	0	0	0.4638	0.0571	0
20	61871057	M8573	0	0	0	0	0	0	0.2322	0	0	0
7	146919110	M8721	0	0	0	0.14	0	0	0	0	0	0
15	87814497	M8482	0	0	0	0	0	0	0	0.2579	0	0
8	46681996	M8464	0	0.1612	0	0	0	0	0	0	0.1435	0
1	81585706	M8546	0	0	0	0.1523	0	0	0	0	0.0571	0
23	21686374	M8414	0	0.1079	0	0	0	0	0	0	0.0981	0
13	13104109	M8428	0	0	0.1853	0	0	0	0	0	0	0
10	110637448	M8516	0	0	0.0025	0	0.2574	0	0	0	0.2079	0
14	87914081	M8498	0	0	0	0	0	0.2725	0	0	0.0542	0
22	54930989	M8411	0	0	0	0.1753	0	0	0	0	0.0571	0
21	32567551	M8406	0	0	0	0.1753	0	0	0	0	0.0571	0
18	46595524	M8536	0	0	0	0.1509	0	0	0	0	0	0
7	10339912	M8560	0	0	0	0	0	0.2725	0	0	0	0
13	25415259	M8733	0	0	0	0	0	0	0	0	0	0.0906
13	58371711	M8391	0	0	0	0.1753	0	0	0	0.4638	0.0571	0
2	116106952	M8635	0	0	0	0	0	0	0.2322	0	0	0
15	12134550	M8473	0	0	0.0025	0.1369	0.2574	0	0	0	0.2079	0
6	14239493	M8606	0	0.1612	0	0	0	0	0	0	0	0
20	45261398	M8647	0	0	0	0	0	0	0	0	0.1021	0
8	56713666	M8418	0	0	0.0025	0.2878	0.4876	0	0	0	0.2079	0
18	57480938	M8479	0	0.1612	0	0	0	0	0	0	0.1435	0
4	121579431	M8649	0	0	0	0	0	0	0	0	0.0542	0
23	34666897	M8445	0	0	0	0	0	0	0	0	0	0.0906
13	92442423	M8392	0	0.4942	0.0025	0.2878	0.4876	0.2725	0	0	0.4056	0
13	13114338	M8437	0	0	0	0	0	0.131	0.2549	0	0	0.3877
7	103402315	M8398	0	0	0	0.1753	0	0	0	0	0.0499	0
9	122373675	M8447	0	0.333	0	0	0	0.2725	0	0	0.0542	0
14	42961152	M8646	0	0	0	0	0	0	0	0	0	0.0906
19	19450689	M8443	0	0	0	0	0	0	0	0.2059	0	0
23	17665787	M8403	0	0.2229	0	0	0	0.2141	0	0	0.037	0
11	34249604	M8712	0	0	0.2472	0	0	0	0	0	0	0
17	49831600	M8436	0	0.333	0	0	0	0.2725	0	0	0.0542	0
5	149009737	M8527	0	0	0	0	0	0.131	0.2549	0	0	0
2	104491239	M8412	0	0	0	0	0	0.131	0.2549	0	0	0.3877
8	32338795	M8697	0	0	0	0	0.2574	0	0	0	0.2079	0
19	30172148	M8574	0	0	0	0	0.2303	0	0	0	0	0
20	46181650	M8461	0	0	0	0	0	0	0	0	0	0.3877
16	47457478	M8493	0	0.1612	0	0	0	0	0	0	0.1435	0
5	54935645	M8563	0	0	0.0025	0	0.2574	0	0	0	0.2079	0
11	29997681	M8421	0	0	0	0	0	0	0	0	0	0.0906
16	65858230	M8508	0	0	0	0	0	0	0	0.2059	0	0
2	240380900	M8534	0	0	0	0	0	0	0	0	0	0.3877
12	98472493	M8396	0	0	0	0	0	0	0.185	0	0	0
18	33566944	M8688	0	0	0.1853	0	0	0	0	0	0	0
12	118712591	M8471	0	0	0	0.1509	0	0	0	0	0	0
22	38361504	M8491	0	0	0	0	0	0	0	0	0	0.0906
15	42399940	M8469	0	0	0	0.1753	0	0	0	0	0.0571	0
20	16292841	M8562	0	0	0	0	0	0	0	0.2059	0	0
9	132902432	M8439	0	0	0.0025	0.1369	0.2574	0	0	0	0.2079	0
20	10261931	M8716	0	0	0	0.1369	0	0	0	0	0	0
4	159481870	M8475	0	0	0	0	0	0	0	0	0	0.0906
11	96726940	M8409	0	0	0	0	0	0	0.2322	0	0	0
1	142364519	M8404	0	0	0	0	0	0	0.2322	0	0	0
3	126517932	M8529	0	0.333	0	0	0	0	0	0	0	0
11	28946258	M8588	0	0	0	0.0352	0	0	0	0	0.0571	0
22	54829356	M8632	0	0	0	0	0	0	0.2549	0	0	0
