#chrom	pos	desc	normal	sample1	sample2	sample3	sample4	sample5	sample6	sample7	sample8	sample9	sample10	sample11	sample12	sample13	sample14
23	41797853	M8556	0	0.0005	0.0002	0.0005	0.0004	0.0004	0.0858	0.0002	0.0005	0.0003	0.0001	0.0005	0.0009	0.0003	0.0004
22	50512526	M8394	0	0.0004	0.0002	0.4601	0.0003	0.1027	0.1755	0.4591	0.0004	0.0004	0.0614	0.2855	0.0828	0.2441	0.0004
2	155325441	M8449	0	0.0002	0.072	0.0004	0.0001	0.0003	0.0003	0.0003	0.0002	0.0001	0.0003	0.0003	0.0006	0.0004	0.0004
18	42326532	M8467	0	0.0003	0.0003	0.0001	0.0003	0.0004	0.0884	0.0008	0.0002	0.0006	0.0003	0.0001	0.0003	0.1922	0.163
17	86156068	M8385	0	0.0002	0.0003	0.0001	0.0002	0.0006	0.2407	0.0002	0.0002	0.2711	0.0001	0.1512	0.3186	0.2041	0.1669
21	1611682	M8463	0	0.0002	0.0002	0.0004	0.4106	0.0003	0.0005	0.0003	0.1617	0.0003	0.0002	0.0003	0.0004	0.0003	0.1332
15	87814497	M8482	0	0.0003	0.0002	0.0004	0.0005	0	0.1694	0.1401	0.0002	0.0007	0.0004	0.0004	0.0004	0.2363	0.0004
3	167652928	M8557	0	0.0002	0.0004	0.0001	0	0.0003	0.0002	0.0005	0.0003	0.2639	0.0004	0.1478	0.0002	0.0175	0.0003
1	81585706	M8546	0	0.0005	0.0002	0.0004	0.0006	0.0005	0.0005	0.0003	0.0001	0.0005	0.0006	0.0002	0.0814	0.0001	0.0004
14	7888759	M8462	0	0.0005	0.0003	0.0004	0.0002	0.0003	0.0002	0.0005	0.0003	0.0003	0.0586	0.0005	0.0003	0.0004	0
11	748686	M8616	0	0.0002	0.0002	0.4609	0.0001	0.0003	0	0.0005	0.0005	0.0001	0.0006	0.0001	0.0004	0.0008	0.0002
15	80476947	M8645	0	0.0004	0.0003	0.0003	0.0001	0.0003	0.0002	0.3093	0.0003	0.0001	0.0006	0.292	0.0004	0.0005	0.0003
13	13104109	M8428	0	0.0005	0.0001	0.0003	0.0004	0.0003	0.0005	0.0006	0.0002	0.0005	0.2191	0	0.0005	0.0004	0
10	110637448	M8516	0	0.1728	0.1621	0.0002	0.0003	0.0004	0.0004	0.0005	0.0003	0.0003	0.0002	0.0005	0.0003	0.0006	0.0003
5	27919012	M8548	0	0.0001	0.0002	0.0003	0.0001	0.0007	0.145	0.0003	0.0003	0.0003	0.0004	0.0002	0	0.0008	0.0002
22	54930989	M8411	0	0.0001	0.0003	0.0004	0.0001	0.0003	0.0006	0.312	0.0004	0.0003	0.0004	0.288	0.0827	0.0003	0.0005
21	32567551	M8406	0	0.0002	0.0003	0.0001	0.0004	0.0003	0	0.3098	0.0001	0.0003	0.0002	0.2953	0.0868	0.0004	0.0005
12	82218309	M8572	0	0.0002	0.0002	0.4603	0.0004	0.0003	0.0002	0.0003	0.0004	0.0005	0.0004	0.0003	0.0002	0.0006	0
2	36217847	M8423	0	0.3041	0.0005	0.0003	0.0005	0.0004	0.0003	0.0006	0.0001	0.0004	0.0005	0.0004	0.0002	0.0006	0.0004
13	99197172	M8420	0	0.0001	0.0003	0.0002	0.0004	0.0005	0.1393	0.0002	0.0006	0.2649	0.0004	0.1439	0.0003	0.0183	0.0003
13	133122128	M8704	0	0.0003	0.0002	0.0004	0.0003	0.0002	0.163	0.0001	0.0003	0.0007	0.0003	0.0005	0.0002	0.0004	0.0003
5	5937180	M8494	0	0.0003	0.0005	0.0003	0.0005	0.0153	0.0004	0.0001	0.0003	0.0002	0.0003	0.0002	0.0004	0.0006	0.0004
13	57323550	M8698	0	0.0005	0.0007	0.0005	0.0006	0.0003	0.1489	0.0001	0.0004	0.0004	0.0004	0.0003	0.0006	0.0002	0.0002
15	102885223	M8442	0	0.0005	0.0004	0.0003	0.4019	0.0003	0.0006	0.0008	0.1522	0.0004	0.0001	0.0004	0.0003	0.0003	0.135
22	43841304	M8729	0	0.0003	0.0002	0.0005	0.0001	0.0002	0.0002	0.0005	0.2211	0.0001	0.0004	0.0003	0.0001	0.0003	0.1879
13	58371711	M8391	0	0.0003	0.0006	0.457	0.0003	0.1006	0.1651	0.4403	0.0005	0.0001	0.0674	0.2942	0.082	0.2418	0.0004
15	12134550	M8473	0	0.1828	0.1658	0.0005	0.0005	0.0006	0.0008	0.0001	0.0421	0.0004	0.0004	0.0005	0.0004	0.0003	0.0005
3	160284018	M8718	0	0.0003	0.0005	0.0003	0.0007	0.016	0.0002	0.0003	0	0.0005	0.0007	0.0002	0.0003	0.0004	0.0001
8	56713666	M8418	0	0.1786	0.1702	0.0003	0.0004	0.0004	0.0003	0.0005	0.045	0.1427	0.0167	0.0002	0.0002	0.0008	0.0001
19	49020230	M8739	0	0.0004	0.0001	0.0001	0.0006	0.0004	0.0004	0.1358	0.0001	0.0002	0.0001	0.0003	0.0002	0.0003	0.0005
2	226582975	M8416	0	0.0005	0.0002	0.0005	0.0003	0.0007	0.0001	0.0001	0.0005	0.0002	0.0002	0.0006	0.3282	0	0.0004
23	34666897	M8445	0	0.0008	0.0006	0	0.0008	0.2441	0.0005	0.0008	0.0005	0.0004	0.0003	0	0.0001	0.0004	0.0003
10	7479076	M8575	0	0.3152	0.0006	0.0003	0.0002	0.0002	0.0004	0	0	0.0003	0.0001	0.0002	0.0006	0.0002	0.0003
21	9665822	M8579	0	0.0006	0.0003	0.0005	0.409	0.0001	0.0002	0.0002	0.0007	0.0005	0.0003	0.0004	0.0004	0.0003	0.0001
13	92442423	M8392	0	0.1848	0.1748	0.0004	0.4099	0.0001	0.0001	0.0003	0.203	0.1333	0.017	0.0003	0.0002	0.0004	0.1344
3	11534213	M8735	0	0.0004	0.0005	0.0003	0.0001	0.0003	0.0602	0.0002	0.0002	0.0001	0.0001	0.0002	0.0003	0.0002	0.0003
3	158964350	M8470	0	0.0002	0.0004	0.0002	0.0003	0.0002	0.0008	0.0004	0	0.2576	0.0003	0.1517	0.0004	0.0192	0.0002
7	103402315	M8398	0	0.0005	0.0002	0.0001	0.0004	0.0001	0.0007	0.3174	0.0005	0.0002	0.0004	0.289	0.0638	0.0003	0.0004
22	31086480	M8535	0	0.0001	0.0004	0.0006	0.0002	0.0004	0.0004	0.0006	0.0005	0.0001	0.0619	0.0005	0.0002	0.0001	0.0002
4	156367171	M8569	0	0.0003	0.0003	0.0002	0.0002	0.0003	0.1463	0.0002	0.0004	0.0005	0.0005	0.0001	0.0001	0.0004	0.0003
2	150111445	M8585	0	0.0004	0.0003	0.0002	0.0003	0.0001	0.0005	0	0.0005	0.0004	0.0639	0.0007	0.0002	0.0002	0.0002
14	42961152	M8646	0	0.0003	0.0002	0.0002	0.0002	0.241	0.0003	0.0003	0	0.0001	0.0004	0.0007	0.0002	0.0002	0.0007
19	19450689	M8443	0	0.0003	0.0004	0.0006	0.0001	0.0996	0.0004	0.0002	0.0005	0.0005	0.0579	0.0003	0.0005	0.0004	0.0004
11	34249604	M8712	0	0.0004	0.1846	0.0002	0.0004	0.0007	0.0005	0.0001	0.0003	0	0.0004	0.0001	0.0003	0.0002	0.0001
18	53142742	M8531	0	0.0002	0.0005	0.0003	0.0001	0.0005	0.0637	0	0.2157	0.0006	0.1753	0.0152	0.0001	0.0002	0.1833
10	51468388	M8435	0	0.0003	0.0005	0.0006	0.0005	0.0004	0.0003	0.0002	0.0005	0.0122	0.0137	0.0007	0.0004	0.0001	0.0003
2	138820491	M8452	0	0.0002	0.0002	0.0001	0.406	0.0003	0.0003	0.0007	0.1554	0.0002	0.0004	0.0001	0.0006	0.0001	0.1365
19	30172148	M8574	0	0.0002	0.0005	0.0004	0.0003	0.0005	0.0004	0.0005	0	0.1223	0.0002	0.0003	0.0001	0.0003	0.0006
5	54935645	M8563	0	0.0003	0.1722	0.0005	0.0005	0.0001	0.0004	0.0002	0.0008	0.0003	0.0003	0.0006	0.0005	0.0006	0.0004
16	90023909	M8495	0	0.0004	0.0004	0.0003	0.0004	0.0003	0.1472	0.0006	0.0001	0.0004	0.0002	0.0006	0.0006	0.0008	0.0003
11	29997681	M8421	0	0.0002	0.0004	0.0003	0.0004	0.2446	0.0001	0.0005	0.0002	0.0005	0.0002	0.0003	0.0005	0.0004	0.0003
10	105908073	M8719	0	0.0005	0.0001	0.0005	0.0006	0.0003	0.0003	0.0001	0.0004	0.0003	0.0003	0.0007	0.0003	0.1877	0.0003
23	16236179	M8399	0	0.0002	0.0005	0.0005	0.0003	0.0002	0.1242	0.0006	0.0002	0.2364	0.0004	0.1109	0.0003	0.015	0.0001
21	12733452	M8582	0	0.0005	0.0003	0.0003	0.0003	0.0004	0.0004	0.146	0.0005	0.0003	0.0003	0.0003	0.0002	0.0005	0.0002
1	108382395	M8659	0	0.0003	0.0002	0.0004	0	0.0002	0.0576	0.0003	0.0002	0.0001	0.0002	0.016	0.0003	0.0002	0.0003
5	20083821	M8623	0	0.0004	0.0003	0.0004	0.0002	0.0004	0.1599	0.0003	0.0004	0.0007	0.0007	0.0002	0.0002	0.0007	0.0002
15	58562511	M8678	0	0.0001	0.0002	0.0004	0.0002	0.0005	0.0005	0.0006	0.0004	0.1245	0.0004	0.0004	0.0008	0.0006	0.0004
16	63936372	M8450	0	0.0005	0.0002	0.0003	0.0003	0.0005	0.0629	0.0004	0.2177	0.0003	0.1723	0.0166	0.0002	0.0002	0.1852
16	16418544	M8609	0	0.0002	0.0003	0	0.0001	0.0001	0.0565	0.0004	0.221	0.0006	0.1733	0.0145	0.0002	0.0004	0.184
12	98472493	M8396	0	0.3058	0.0005	0.0003	0.0005	0.0129	0.0606	0.0004	0.2211	0.0001	0.1739	0.0141	0.0005	0.0002	0.1806
18	33566944	M8688	0	0.0003	0.0003	0.0004	0.0002	0.0003	0.0004	0.0005	0.0005	0.0004	0.2164	0.0004	0.0003	0	0.0003
8	43797503	M8629	0	0.0004	0.0002	0.0004	0.0005	0.0003	0	0	0.0003	0.0004	0	0.0003	0.0002	0.0166	0.0005
22	38361504	M8491	0	0.0002	0.0004	0.0004	0.0005	0.2423	0.0003	0.0002	0.0002	0.0006	0.0003	0.0002	0.0007	0.0002	0.0004
15	42399940	M8469	0	0.0006	0.0003	0.0001	0.0003	0.0001	0	0.2943	0.0004	0.0001	0.0009	0.2904	0.0812	0.0002	0.0004
6	72932376	M8417	0	0.0006	0.0002	0.0005	0.0007	0.0121	0.0574	0.0001	0.2187	0.0002	0.1723	0.0158	0.0003	0.0003	0.1835
10	128548219	M8402	0	0.0007	0.0004	0.0003	0.0005	0.0002	0.0007	0.0002	0.0002	0.0001	0.0003	0.0004	0.3223	0.0005	0.0002
9	132902432	M8439	0	0.1821	0.1673	0.0001	0.0003	0.0008	0.0003	0.0003	0.0407	0.0004	0.0004	0.0003	0.0002	0.0002	0.0004
2	105657924	M8680	0	0.0003	0.0002	0.0003	0.0006	0.0004	0.0003	0.1387	0	0.0003	0.0006	0.0002	0.0002	0.0005	0.0003
4	159481870	M8475	0	0.0003	0.0004	0.0001	0.0001	0.2482	0	0.0007	0.0001	0.0003	0.0005	0.0004	0.0004	0.0004	0.0006
11	36752359	M8617	0	0.0003	0.0002	0.0002	0.4102	0.0002	0.0002	0.0004	0	0.0003	0.0002	0.0004	0.0003	0.0009	0.0003
2	122159689	M8434	0	0.3118	0.0003	0.0004	0.0006	0.0006	0.0006	0.0005	0.0003	0.0004	0.0002	0.0005	0.0003	0.0002	0.0002
11	96726940	M8409	0	0.3117	0.0002	0.0004	0.0002	0.0005	0.0002	0.0001	0.0003	0.0004	0.0003	0.0003	0.0005	0.0002	0.0002
1	142364519	M8404	0	0.3113	0.0001	0.0001	0.0003	0.0141	0.0654	0.0004	0.2151	0.0002	0.1786	0.0154	0.0004	0.0002	0.1761
2	77699326	M8514	0	0.0005	0.0006	0.0001	0.0003	0.0003	0.0003	0.0004	0.0004	0	0.001	0.0001	0.0002	0.1866	0.0004
11	28946258	M8588	0	0.0003	0.0002	0.0002	0.0002	0.0005	0.0002	0.0005	0.0003	0.0004	0.0009	0	0.0857	0.0003	0.0003
7	41196672	M8541	0	0.1806	0	0.0002	0.0004	0.0002	0.0002	0.0006	0.0003	0.0002	0.0007	0	0.0003	0.0004	0.0002
