#chrom	pos	desc	normal	sample1	sample2	sample3	sample4	sample5	sample6	sample7	sample8	sample9
22	50512526	M8394	0	0.001	0	0.151	0	0	0.001	0.444	0.056	0
20	61871057	M8573	0	0	0	0	0	0	0.204	0	0	0
7	146919110	M8721	0	0.001	0	0.142	0	0	0.001	0	0	0
15	87814497	M8482	0	0.002	0	0.001	0	0	0.001	0.258	0	0
8	46681996	M8464	0	0.156	0	0.001	0.001	0.001	0.001	0.001	0.139	0
1	81585706	M8546	0	0	0.001	0.135	0	0	0.002	0	0.053	0
23	21686374	M8414	0	0.11	0.001	0	0.001	0	0	0	0.114	0
13	13104109	M8428	0	0	0.172	0.001	0	0.001	0	0	0	0
10	110637448	M8516	0	0	0.003	0	0.273	0.001	0	0	0.211	0
14	87914081	M8498	0	0	0.001	0	0	0.258	0	0.001	0.062	0
22	54930989	M8411	0	0	0.001	0.188	0.001	0.001	0.001	0.001	0.057	0
21	32567551	M8406	0	0	0.001	0.187	0	0	0	0	0.065	0
18	46595524	M8536	0	0.001	0	0.151	0	0	0.001	0	0	0.001
7	10339912	M8560	0	0	0	0.001	0	0.266	0	0.001	0	0
13	25415259	M8733	0	0	0	0	0	0	0	0	0	0.101
13	58371711	M8391	0	0	0	0.181	0	0	0.002	0.479	0.051	0
2	116106952	M8635	0	0	0.001	0.002	0.001	0	0.229	0	0	0
15	12134550	M8473	0	0	0.003	0.131	0.265	0	0	0.001	0.227	0
6	14239493	M8606	0	0.173	0	0	0	0	0	0	0	0
20	45261398	M8647	0	0.001	0.001	0	0	0	0.001	0	0.102	0
8	56713666	M8418	0	0.001	0.007	0.293	0.475	0	0	0	0.199	0
18	57480938	M8479	0	0.189	0	0.001	0.002	0	0	0	0.143	0
4	121579431	M8649	0	0	0	0.001	0	0	0	0	0.059	0
23	34666897	M8445	0	0.001	0.001	0.001	0.002	0	0	0.001	0	0.092
13	92442423	M8392	0	0.48	0	0.29	0.496	0.256	0.001	0	0.416	0
13	13114338	M8437	0	0	0	0	0	0.131	0.27	0	0.001	0.36
7	103402315	M8398	0	0	0	0.179	0	0	0	0.001	0.045	0
9	122373675	M8447	0	0.325	0.001	0	0	0.289	0.001	0.002	0.069	0
14	42961152	M8646	0	0	0.002	0	0.001	0.003	0	0	0	0.094
19	19450689	M8443	0	0.001	0	0	0.001	0	0	0.218	0	0
23	17665787	M8403	0	0.231	0	0.001	0	0.205	0	0	0.049	0
11	34249604	M8712	0	0.001	0.242	0	0	0.001	0	0	0.001	0.001
17	49831600	M8436	0	0.317	0	0	0	0.263	0	0	0.052	0
5	149009737	M8527	0	0	0	0	0.002	0.126	0.252	0.001	0	0.001
2	104491239	M8412	0	0	0	0	0	0.122	0.272	0.001	0	0.392
8	32338795	M8697	0	0	0.001	0	0.248	0	0.001	0.001	0.216	0
19	30172148	M8574	0	0	0	0	0.225	0.001	0.001	0	0.001	0.001
20	46181650	M8461	0	0	0	0	0.001	0.001	0	0.001	0	0.386
16	47457478	M8493	0	0.176	0	0	0	0	0	0.002	0.139	0
5	54935645	M8563	0	0	0.001	0	0.252	0	0.001	0.001	0.184	0.001
11	29997681	M8421	0	0	0.001	0.001	0	0	0	0.001	0	0.075
16	65858230	M8508	0	0	0	0	0	0	0	0.21	0	0
2	240380900	M8534	0	0.002	0	0	0	0.001	0	0.001	0.001	0.403
12	98472493	M8396	0	0	0	0	0	0.002	0.184	0	0	0
18	33566944	M8688	0	0.002	0.214	0	0	0.001	0.001	0	0.001	0
12	118712591	M8471	0	0	0.002	0.157	0	0	0	0	0	0
22	38361504	M8491	0	0	0.001	0	0.001	0	0.001	0	0	0.086
15	42399940	M8469	0	0	0	0.188	0	0	0.001	0	0.068	0.001
20	16292841	M8562	0	0	0	0	0.001	0	0	0.199	0	0
9	132902432	M8439	0	0.001	0.004	0.119	0.25	0	0	0	0.214	0
20	10261931	M8716	0	0	0	0.135	0.001	0.001	0	0	0	0
4	159481870	M8475	0	0	0	0.001	0	0	0.001	0.001	0.001	0.085
11	96726940	M8409	0	0	0.002	0	0	0	0.238	0	0	0
1	142364519	M8404	0	0	0	0.001	0	0	0.234	0	0	0
3	126517932	M8529	0	0.348	0.001	0.001	0.001	0.001	0	0	0.001	0
11	28946258	M8588	0	0.001	0	0.038	0	0.002	0	0	0.048	0
22	54829356	M8632	0	0.001	0	0	0	0	0.274	0	0	0
