#chrom	pos	desc	normal	sample1	sample2	sample3	sample4	sample5	sample6	sample7	sample8	sample9
14	78869070	M6083	0	0	0	0	0	0	0	0	0	0.1284
23	2002717	M5865	0	0	0	0	0.1935	0	0	0	0	0
20	6834817	M5149	0	0	0	0	0	0	0	0	0	0.0409
7	53676368	M5145	0	0.1295	0	0	0.1984	0	0	0	0	0.1284
13	28335714	M5212	0	0.1388	0	0	0	0	0	0	0	0
10	91339083	M5809	0	0	0	0	0	0	0	0	0	0.1369
13	27464232	M5270	0	0	0	0	0	0	0	0.0582	0	0
4	174805919	M6419	0	0.1388	0	0	0	0	0	0	0	0
4	108469909	M5177	0	0.1388	0.0471	0	0	0	0	0	0	0
4	45561146	M5161	0	0	0	0.4277	0	0	0	0	0	0
1	36388152	M5154	0	0	0	0	0.0252	0	0	0	0	0
12	61816526	M5736	0	0	0	0	0	0	0	0	0	0.1046
4	57636413	M5159	0	0	0	0	0	0	0	0	0	0.0409
8	152528090	M5299	0	0	0.1961	0	0	0	0	0	0.1552	0
22	37742959	M5259	0	0	0	0	0	0	0	0	0	0.0409
7	134061260	M5498	0	0	0	0	0	0.495	0	0	0	0
10	49905925	M5230	0	0	0	0.4277	0	0	0	0	0	0
13	47833990	M5426	0	0	0	0	0.0252	0	0	0	0	0
19	52759373	M6549	0	0	0	0	0.1984	0	0	0	0	0
4	187330251	M5162	0	0	0.06	0	0	0	0	0	0	0
13	75376035	M5323	0	0	0	0	0	0	0	0	0	0.0947
20	47022989	M5403	0	0	0	0	0.1046	0	0	0	0	0
18	37585533	M5151	0	0	0	0	0	0	0	0	0	0.1284
2	34536170	M5354	0	0	0	0	0	0	0.4062	0	0	0
14	110075826	M5272	0	0.1201	0	0	0	0	0	0	0	0
22	4510084	M5237	0	0	0	0	0	0	0.4062	0	0	0
6	151520821	M5805	0	0	0	0	0.1046	0	0	0	0	0
21	4803941	M5150	0	0.1563	0	0	0	0	0.4062	0.0804	0	0
11	2726389	M5158	0	0.1388	0.0471	0	0	0	0	0	0	0
18	14756758	M5276	0	0	0	0	0	0.3311	0	0	0	0
15	5062761	M5201	0	0	0	0	0	0	0	0	0	0.1046
22	28839587	M5992	0	0	0.0471	0	0	0	0	0	0	0
3	29313970	M5184	0	0.1295	0	0	0.1984	0	0	0	0	0
4	1814950	M5191	0	0	0	0	0.0252	0	0	0	0	0
14	84637179	M5424	0	0	0	0	0.081	0	0	0	0	0
4	120173845	M5146	0	0	0.1961	0.4277	0.081	0	0	0	0.1552	0.1369
22	48664998	M5762	0	0	0	0	0	0	0.4062	0	0	0
22	3949885	M6192	0	0	0	0	0	0	0	0	0.0621	0
15	59833614	M5416	0	0	0	0	0	0	0	0	0.0621	0
4	35005868	M6314	0	0.1295	0	0	0	0	0	0	0	0
23	39792323	M5778	0	0	0	0	0	0	0	0	0	0.0409
10	82594884	M5166	0	0	0	0	0.0947	0	0	0.2606	0	0
13	41949384	M6566	0	0	0	0	0	0.3311	0	0	0	0
15	10021141	M5823	0	0	0	0	0.021	0	0	0	0	0
9	139249529	M5182	0	0	0.1933	0	0	0	0	0	0	0
9	24641188	M6248	0	0	0	0	0	0	0	0.0804	0	0
16	76123788	M5143	0	0	0.3894	0.4277	0.081	0	0	0	0.1552	0.2824
5	76824108	M5153	0	0	0.06	0	0	0	0	0	0	0
23	27003651	M5207	0	0	0	0	0	0	0	0.0804	0	0
12	25341503	M5280	0	0	0	0	0	0	0	0	0.1965	0
16	47531411	M6352	0	0	0.162	0	0	0	0	0	0	0
12	92041077	M6199	0	0	0	0	0.081	0	0	0	0	0
17	28893385	M5493	0	0	0	0	0	0	0	0.0804	0	0
7	74926450	M5160	0	0	0	0	0	0	0	0	0	0.1284
