#chrom	pos	desc	normal	sample1	sample2	sample3	sample4	sample5	sample6	sample7	sample8	sample9
11	86453363	M87	0	0	0	0.381	0.002	0	0.001	0	0	0
21	16219839	M29	0	0.146	0	0	0.002	0	0.002	0	0.001	0
18	22988629	M50	0	0.001	0.001	0	0	0.156	0	0	0	0
8	138216918	M68	0	0	0	0	0	0	0.12	0	0	0
18	49743028	M4	0	0.215	0	0	0	0	0	0	0	0.001
4	3646475	M62	0	0.002	0	0	0.13	0.002	0	0.001	0.001	0
1	241120348	M61	0	0.108	0.001	0	0	0.05	0.001	0.159	0	0.247
8	57433359	M81	0	0	0	0	0.001	0.152	0	0	0	0
16	77782520	M7	0	0.092	0	0	0.114	0.055	0	0.15	0.467	0.198
14	69951078	M15	0	0.001	0	0	0	0.156	0	0	0	0
5	155044440	M55	0	0.001	0	0.001	0.002	0.001	0.453	0	0	0
5	21409624	M34	0	0	0	0.001	0	0.132	0.001	0	0	0.002
19	38767647	M27	0	0	0	0.001	0.074	0	0.001	0	0.001	0
23	33987298	M63	0	0.001	0	0	0	0.001	0	0	0	0.118
2	12047743	M118	0	0	0.404	0.001	0.001	0	0	0	0	0
8	85119191	M115	0	0.001	0	0	0.002	0.002	0.125	0	0	0
7	144678268	M59	0	0	0.001	0	0	0	0.002	0.209	0	0
3	6528267	M5	0	0.107	0.42	0	0.106	0.147	0	0.165	0	0.001
19	12853472	M69	0	0	0	0	0	0.002	0	0.161	0.002	0
23	42705989	M11	0	0.1	0.001	0	0.001	0.044	0	0.139	0	0.23
5	153893051	M18	0	0	0	0.001	0.127	0	0	0	0	0
6	162865777	M102	0	0	0.002	0	0	0.001	0	0	0	0.108
5	66927894	M36	0	0.118	0.001	0	0	0	0	0	0.001	0
15	38881130	M3	0	0	0	0.394	0	0	0.001	0.198	0	0.062
9	126145024	M60	0	0	0	0	0	0	0.001	0.002	0.473	0.001
22	46424224	M113	0	0	0.001	0	0	0	0	0.153	0	0.105
5	154314448	M0	0	0.32	0.442	0.496	0.108	0.434	0.421	0.36	0	0.159
5	40835551	M1	0	0.219	0	0	0.001	0.234	0.001	0.001	0	0
9	134233229	M19	0	0.001	0	0.099	0	0	0	0	0	0.13
2	225362084	M77	0	0	0.436	0	0	0.001	0	0	0	0
10	1351170	M2	0	0.124	0.401	0	0.116	0.149	0	0.144	0.001	0
2	67726748	M74	0	0	0	0	0	0	0	0	0	0.102
22	9209607	M9	0	0.001	0.001	0.092	0	0	0	0	0	0.113
23	38794352	M39	0	0.001	0	0	0	0.169	0.001	0.001	0.001	0.001
5	8289297	M28	0	0.001	0	0.001	0	0	0.45	0.001	0	0
23	33707218	M31	0	0	0	0.001	0.138	0	0	0	0	0
