#chrom	pos	desc	normal	sample1	sample2	sample3	sample4	sample5	sample6	sample7	sample8	sample9
23	37864818	M8227	0	0	0	0.001	0	0	0	0.118	0	0.002
1	175619238	M9224	0	0.002	0.261	0	0	0	0	0.001	0	0
11	18545108	M9099	0	0	0	0	0	0.091	0.002	0.001	0	0
1	81726621	M8177	0	0.001	0	0	0.001	0	0	0.001	0.001	0.154
11	16753642	M8171	0	0	0.001	0.113	0	0	0.134	0.001	0	0
22	41390553	M8121	0	0.001	0.027	0.001	0	0	0.11	0	0	0
4	117772107	M8147	0	0.001	0	0.001	0	0.056	0	0.11	0	0
9	103984159	M8289	0	0.445	0	0	0.001	0	0	0	0.002	0
3	150319452	M8205	0	0	0.141	0	0.001	0	0	0.001	0.045	0
14	46598029	M8137	0	0	0.232	0	0.066	0	0.001	0.251	0.065	0.001
7	36982749	M9002	0	0.001	0	0	0	0.071	0	0	0	0.001
14	56444757	M8651	0	0	0	0	0	0	0	0.119	0	0
18	58446995	M8211	0	0	0.001	0	0	0	0	0.001	0	0.26
6	151990041	M8199	0	0	0	0.001	0	0.002	0	0	0	0.003
19	9789935	M8707	0	0.001	0.001	0	0	0	0	0	0	0.006
3	178393112	M8126	0	0	0.167	0.1	0	0.104	0.001	0.001	0.045	0.141
8	70220218	M8134	0	0.432	0.001	0	0	0	0.001	0.119	0.168	0.001
18	79718095	M8166	0	0.001	0.001	0	0	0.198	0	0	0	0
23	47828418	M8361	0	0	0	0	0	0	0	0.262	0.001	0.001
2	52623310	M9056	0	0	0.002	0	0	0.001	0.002	0.001	0.036	0
20	15454912	M8132	0	0	0.001	0	0	0.059	0	0.126	0	0
14	80398839	M8143	0	0	0	0	0	0	0.002	0	0.001	0.002
3	80094495	M8192	0	0.452	0	0.001	0	0.001	0	0	0	0
3	12190783	M8243	0	0.001	0	0	0	0.097	0	0	0	0
7	16782582	M8156	0	0	0.001	0	0	0	0	0.001	0	0.254
8	93067897	M8135	0	0	0.156	0.093	0	0.096	0	0	0.032	0.166
8	1448936	M8174	0	0	0	0	0	0.002	0	0.117	0.001	0
5	78098473	M8120	0	0.001	0.16	0.329	0.241	0.406	0.233	0.001	0.21	0.147
22	4513564	M8176	0	0.002	0	0	0	0.001	0	0.109	0.001	0
3	65069991	M8339	0	0	0	0	0.218	0	0	0.002	0	0
18	20528183	M8885	0	0.001	0	0.001	0.001	0.103	0	0.001	0	0.001
6	162036916	M8338	0	0	0.238	0	0	0	0	0	0	0
14	13251608	M8429	0	0	0	0.096	0.001	0.002	0	0.001	0	0
13	116809514	M8125	0	0.436	0	0.001	0	0	0	0.108	0.177	0
20	47673467	M8388	0	0	0	0.001	0.001	0.052	0	0	0	0.001
17	2835201	M8202	0	0.001	0	0	0	0.055	0	0.001	0.001	0
13	47644505	M8667	0	0	0.27	0	0.001	0	0	0	0	0.001
6	149694748	M8299	0	0.001	0.16	0	0	0	0	0	0.032	0
12	36020953	M8194	0	0	0.01	0	0	0	0	0	0.173	0
9	76565271	M9172	0	0	0	0.001	0.001	0.001	0.231	0.001	0.001	0
19	25883411	M8290	0	0	0.014	0	0	0	0	0.001	0	0
17	20320250	M8219	0	0	0	0	0	0.212	0	0	0	0.001
10	37613825	M8268	0	0	0	0	0.063	0.001	0	0	0	0.001
3	43323275	M8155	0	0	0	0.217	0	0.076	0.223	0	0	0
18	5563569	M8772	0	0	0.011	0.001	0	0.001	0.001	0	0	0
15	16523926	M8122	0	0	0.013	0.222	0.001	0.091	0.216	0	0.194	0.001
5	96547527	M8627	0	0.446	0.001	0	0	0	0.001	0	0.001	0.001
13	37342540	M8150	0	0	0.171	0.101	0.001	0	0	0	0.036	0.136
11	28761367	M8831	0	0	0	0	0	0	0	0.133	0	0
12	109165844	M8138	0	0	0	0	0.214	0.2	0	0	0	0.002
