#chrom	pos	desc	normal	sample1	sample2	sample3	sample4	sample5	sample6	sample7	sample8	sample9
23	37864818	M8227	0	0	0	0	0	0	0	0.1239	0	0
1	175619238	M9224	0	0	0.2427	0	0	0	0	0	0	0
11	18545108	M9099	0	0	0	0	0	0.0867	0	0	0	0
1	81726621	M8177	0	0	0	0	0	0	0	0	0	0.153
11	16753642	M8171	0	0	0	0.1062	0	0	0.1242	0	0	0
22	41390553	M8121	0	0	0.032	0	0	0	0.1254	0	0	0
4	117772107	M8147	0	0	0	0	0	0.0531	0	0.1121	0	0
9	103984159	M8289	0	0.4283	0	0	0	0	0	0	0	0
3	150319452	M8205	0	0	0.1588	0	0	0	0	0	0.0399	0
14	46598029	M8137	0	0	0.2427	0	0.069	0	0	0.2465	0.0636	0
7	36982749	M9002	0	0	0	0	0	0.0531	0	0	0	0
14	56444757	M8651	0	0	0	0	0	0	0	0.1239	0	0
18	58446995	M8211	0	0	0	0	0	0	0	0	0	0.2581
6	151990041	M8199	0	0	0	0	0	0	0	0	0	0.0038
19	9789935	M8707	0	0	0	0	0	0	0	0	0	0.0038
3	178393112	M8126	0	0	0.1588	0.0976	0	0.1032	0	0	0.0399	0.1524
8	70220218	M8134	0	0.4283	0	0	0	0	0	0.1239	0.1649	0
18	79718095	M8166	0	0	0	0	0	0.2147	0	0	0	0
23	47828418	M8361	0	0	0	0	0	0	0	0.2465	0	0
2	52623310	M9056	0	0	0	0	0	0	0	0	0.034	0
20	15454912	M8132	0	0	0	0	0	0.0531	0	0.126	0	0
14	80398839	M8143	0	0	0	0	0	0	0	0	0	0.0038
3	80094495	M8192	0	0.4283	0	0	0	0	0	0	0	0
3	12190783	M8243	0	0	0	0	0	0.1032	0	0	0	0
7	16782582	M8156	0	0	0	0	0	0	0	0	0	0.2581
8	93067897	M8135	0	0	0.1539	0.0976	0	0.1032	0	0	0.0399	0.153
8	1448936	M8174	0	0	0	0	0	0	0	0.126	0	0
5	78098473	M8120	0	0	0.1696	0.3097	0.2282	0.4046	0.222	0	0.2133	0.153
22	4513564	M8176	0	0	0	0	0	0	0	0.1102	0	0
3	65069991	M8339	0	0	0	0	0.2282	0	0	0	0	0
18	20528183	M8885	0	0	0	0	0	0.1032	0	0	0	0
6	162036916	M8338	0	0	0.2427	0	0	0	0	0	0	0
14	13251608	M8429	0	0	0	0.0889	0	0	0	0	0	0
13	116809514	M8125	0	0.4283	0	0	0	0	0	0.1239	0.1649	0
20	47673467	M8388	0	0	0	0	0	0.0531	0	0	0	0
17	2835201	M8202	0	0	0	0	0	0.0531	0	0	0	0
13	47644505	M8667	0	0	0.2427	0	0	0	0	0	0	0
6	149694748	M8299	0	0	0.1588	0	0	0	0	0	0.0399	0
12	36020953	M8194	0	0	0.0108	0	0	0	0	0	0.1734	0
9	76565271	M9172	0	0	0	0	0	0	0.222	0	0	0
19	25883411	M8290	0	0	0.0108	0	0	0	0	0	0	0
17	20320250	M8219	0	0	0	0	0	0.2147	0	0	0	0
10	37613825	M8268	0	0	0	0	0.069	0	0	0	0	0
3	43323275	M8155	0	0	0	0.2122	0	0.0867	0.222	0	0	0
18	5563569	M8772	0	0	0.0104	0	0	0	0	0	0	0
15	16523926	M8122	0	0	0.0108	0.2122	0	0.0867	0.222	0	0.1734	0
5	96547527	M8627	0	0.4283	0	0	0	0	0	0	0	0
13	37342540	M8150	0	0	0.1588	0.0976	0	0	0	0	0.0343	0.153
11	28761367	M8831	0	0	0	0	0	0	0	0.126	0	0
12	109165844	M8138	0	0	0	0	0.2282	0.2147	0	0	0	0
