#chrom	pos	desc	normal	sample1	sample2	sample3	sample4	sample5	sample6	sample7	sample8	sample9
19	21164299	M7	0	0.436	0	0	0.001	0.039	0.124	0.212	0.053	0.097
1	183241243	M3	0	0	0	0.002	0.437	0	0	0.223	0.254	0.003
10	96043808	M8	0	0	0.464	0	0	0	0	0.002	0	0
19	37412832	M10	0	0.351	0	0	0	0.001	0.106	0.223	0.06	0.07
1	192436816	M13	0	0	0	0	0.1	0.001	0	0.001	0.001	0
1	167038149	M1	0	0	0	0	0	0	0	0.001	0.12	0.215
13	24094801	M0	0	0.394	0	0.285	0.001	0.048	0.326	0.219	0.042	0.099
15	11192037	M11	0	0	0	0	0.001	0.002	0.103	0.105	0.001	0.083
16	10950872	M6	0	0.001	0	0.201	0	0.444	0.15	0	0.002	0.133
22	14901891	M9	0	0.002	0	0.001	0.357	0	0.001	0.223	0.107	0.001
