#chrom	pos	desc	normal	sample1	sample2	sample3	sample4	sample5	sample6	sample7	sample8	sample9
19	21164299	M7	0	0.4104	0	0	0	0.0391	0.1076	0.2274	0.0453	0.0861
1	183241243	M3	0	0	0	0	0.4575	0	0	0.223	0.2776	0
10	96043808	M8	0	0	0.4572	0	0	0	0	0	0	0
19	37412832	M10	0	0.355	0	0	0	0	0.0943	0.212	0.0453	0.0756
1	192436816	M13	0	0	0	0	0.1019	0	0	0	0	0
1	167038149	M1	0	0	0	0	0	0	0	0	0.1383	0.2087
13	24094801	M0	0	0.4104	0	0.2977	0	0.0391	0.3339	0.2274	0.0453	0.0861
15	11192037	M11	0	0	0	0	0	0	0.0943	0.112	0	0.0756
16	10950872	M6	0	0	0	0.1932	0	0.4448	0.1471	0	0	0.1186
22	14901891	M9	0	0	0	0	0.3557	0	0	0.223	0.1009	0
