#chrom	pos	desc	normal	sample1	sample2	sample3	sample4	sample5	sample6	sample7	sample8	sample9
23	21393294	M414	0	0	0.1873	0	0	0	0.1541	0	0	0
3	189159455	M426	0	0	0	0.4104	0	0	0	0	0	0
22	6630129	M464	0	0	0	0	0	0.1692	0	0	0	0
16	27160304	M409	0	0	0.1053	0	0	0	0	0	0	0
5	91886970	M461	0	0	0	0	0	0	0	0	0.074	0
17	14777132	M459	0	0	0	0.4104	0	0	0	0	0	0
4	55552881	M378	0	0	0	0	0	0	0.1203	0.0595	0.1981	0.3529
22	23425974	M396	0	0	0	0	0	0	0	0	0	0.3529
18	51414918	M385	0	0	0	0	0	0.1613	0	0.2144	0	0
4	151649277	M454	0	0	0	0	0	0.1613	0	0.1343	0	0
15	20553722	M416	0	0	0	0	0	0	0.1203	0	0	0
9	137231068	M377	0	0	0	0	0.1536	0	0	0	0	0.1307
19	57612633	M392	0	0.1203	0.0899	0	0	0	0	0	0	0
15	73862549	M467	0	0	0	0	0.1536	0	0	0	0	0
12	10354946	M499	0	0	0.1873	0	0	0	0.1541	0	0	0
23	17536190	M393	0	0	0	0	0	0	0	0.0595	0	0
18	74545518	M470	0	0	0	0	0	0	0	0	0.2537	0
5	60221359	M379	0	0.1203	0.2772	0	0	0	0.217	0	0	0
6	11492661	M474	0	0	0	0	0	0	0	0.0595	0	0
14	88113297	M376	0	0.3581	0	0	0.2771	0.1613	0.2465	0.274	0.1981	0.3529
20	53540849	M381	0	0	0	0	0	0	0.1203	0.0595	0.1981	0.3529
16	13445747	M391	0	0	0	0	0	0	0	0	0	0.1307
11	101133674	M473	0	0	0.0899	0	0	0	0	0	0	0
8	26771846	M422	0	0	0	0	0	0	0	0	0	0.1307
12	45634560	M484	0	0	0	0	0	0	0.1203	0	0	0
1	132704648	M372	0	0.3581	0.115	0.4104	0.2771	0.1613	0.2465	0.274	0.4518	0.3529
14	74682004	M380	0	0.0099	0	0.0629	0	0.1611	0	0.129	0.039	0
2	3890356	M405	0	0	0	0	0	0	0	0.0801	0	0
12	105093229	M466	0	0.3581	0	0	0	0	0	0	0	0
6	21610716	M400	0	0	0	0	0.2771	0	0.1263	0	0	0
6	49432840	M415	0	0	0	0	0	0.1555	0	0.129	0.039	0
5	107365702	M483	0	0	0	0	0	0.1555	0	0.129	0	0
8	117047550	M433	0	0	0.1053	0	0	0	0	0	0	0
2	46030869	M382	0	0	0.1053	0	0	0	0	0	0	0
9	49343366	M388	0	0	0	0	0	0	0	0	0.1241	0.3529
6	119067137	M384	0	0	0	0	0	0	0	0	0.2537	0
8	7511715	M462	0	0	0.1053	0	0	0	0	0	0	0
2	32031504	M397	0	0	0	0.4104	0	0	0	0	0	0
18	33150646	M374	0	0.3581	0.115	0	0.2771	0.1613	0.2465	0.274	0.4518	0.3529
1	98801750	M402	0	0	0	0.0629	0	0.0056	0	0	0	0
20	1657462	M423	0	0.1203	0	0	0	0	0	0	0	0
8	63009314	M403	0	0	0	0	0	0	0	0	0.074	0
21	56718000	M373	0	0.0099	0	0.0629	0	0.3303	0	0.129	0.039	0
23	7071934	M394	0	0	0.1053	0	0	0	0	0	0	0
1	149888475	M428	0	0	0	0.0629	0	0.0056	0	0	0	0
22	34239622	M419	0	0	0	0	0	0.1613	0	0.1343	0	0
5	143837041	M410	0	0	0	0	0	0	0	0	0	0.3529
13	66167713	M429	0	0	0	0	0	0	0	0	0.074	0
