#chrom	pos	desc	normal	sample1	sample2	sample3	sample4	sample5	sample6	sample7	sample8	sample9
13	115227237	M4956	0	0	0.2456	0	0.1178	0.112	0.2268	0	0	0.0175
23	38811125	M5071	0	0	0	0	0	0	0.0984	0.1705	0	0
14	74660070	M4814	0	0	0	0	0	0	0	0.1637	0	0
11	16371600	M5072	0	0	0	0.4284	0	0	0	0	0	0
20	24003651	M4901	0	0	0	0	0	0	0	0.1637	0	0
15	33177250	M4800	0	0	0	0	0	0	0	0.0875	0	0
9	56608179	M4891	0	0	0.2456	0	0.1178	0.112	0.2268	0	0	0.0175
18	65776232	M5021	0	0	0	0	0	0	0	0	0	0.0175
18	63450750	M5112	0	0	0	0	0	0	0	0.1705	0	0
3	141946122	M4764	0	0	0.1672	0	0	0.1056	0	0.1637	0	0
21	44083848	M4926	0	0	0	0	0.2159	0	0	0	0	0
7	83585779	M5090	0	0	0	0	0	0	0	0.1705	0	0
7	32319123	M4728	0	0	0	0.4284	0	0	0	0.0869	0	0.2115
20	11191701	M5003	0	0	0	0	0.2159	0	0	0	0	0
22	55231271	M4899	0	0	0.2456	0	0.1178	0.112	0.2268	0	0	0.0175
8	102836593	M5006	0	0	0.2456	0	0	0.112	0	0	0	0
19	8645814	M4791	0	0	0	0.4284	0	0	0	0	0	0.2115
23	5621846	M5051	0	0	0	0.4284	0	0	0	0	0	0
5	143911436	M4756	0	0	0.1672	0	0	0.1056	0	0.2813	0	0
2	93864493	M4937	0	0.4895	0	0	0	0.196	0.0984	0.1568	0	0.1803
6	48368048	M4801	0	0	0.2456	0	0.1178	0.112	0.2268	0	0	0.0175
14	80279791	M4849	0	0	0	0	0	0	0	0.1637	0	0
17	45141682	M5026	0	0	0	0	0	0	0	0	0	0.2115
3	190871167	M4775	0	0	0.2456	0	0.2084	0.112	0.3212	0.0068	0.4324	0.0175
7	106927664	M4820	0	0	0	0	0	0	0.0944	0	0.4324	0
7	11757537	M4893	0	0	0	0	0	0	0	0.0869	0	0
19	24602496	M5052	0	0	0	0	0	0.1244	0	0	0	0
22	55084384	M4911	0	0	0.1672	0	0	0.1056	0	0	0	0
14	74816284	M5031	0	0	0	0	0	0	0.0984	0.1705	0	0.1088
16	63074759	M4847	0	0.4895	0	0	0	0.196	0.0984	0.1705	0	0.1803
12	113019252	M4991	0	0	0.1972	0	0.0975	0.1007	0.1717	0	0	0.0172
7	115818406	M5050	0	0	0	0	0.0905	0	0	0	0	0
18	53116374	M4777	0	0	0	0	0	0	0	0.0875	0	0
5	73527977	M4870	0	0	0	0	0	0	0	0.1637	0	0
23	49661134	M5036	0	0	0	0	0.0905	0	0	0	0	0
23	46225169	M5084	0	0	0	0	0	0.0717	0	0	0	0.1097
23	11339907	M4993	0	0.4895	0	0	0	0	0.0984	0.1705	0	0.1088
19	77535298	M4913	0	0	0	0	0.0905	0	0	0.0068	0	0
23	44627285	M5064	0	0	0	0	0.1178	0	0.2268	0	0	0
7	120879857	M4723	0	0	0.1672	0	0	0.1056	0	0.1637	0	0
16	62007725	M4896	0	0	0	0	0.0905	0	0	0.0068	0	0
20	31670094	M4702	0	0	0.1672	0	0	0.1056	0	0.1637	0	0
17	46258017	M4715	0	0	0	0.4284	0	0	0	0.0875	0	0.2115
13	49128111	M4890	0	0	0.1672	0	0	0.1056	0	0	0	0
20	423762	M4969	0	0.4895	0	0	0	0.196	0.0984	0.1705	0	0.2185
23	47403373	M4960	0	0	0.1672	0	0	0.1056	0	0	0	0
17	67009904	M4930	0	0	0	0	0	0	0	0.1637	0	0
21	45617477	M5086	0	0	0	0	0	0	0	0.1637	0	0
11	54584084	M5013	0	0	0	0	0.1178	0	0.2268	0	0	0
12	39641892	M4709	0	0	0.1672	0	0	0.1056	0	0.1637	0	0
15	4313985	M4875	0	0	0.1672	0	0	0.1056	0	0	0	0
15	42673403	M4806	0	0	0	0	0	0	0.0944	0	0.4324	0
10	105700029	M5041	0	0	0.1672	0	0	0	0	0	0	0
14	63641221	M4905	0	0	0.2456	0	0.1178	0.112	0.2268	0	0	0.0175
19	76312450	M4925	0	0	0	0	0	0	0	0.0875	0	0
6	166741588	M4917	0	0.4895	0	0	0	0.196	0.0984	0.1705	0	0.2185
9	30350905	M5011	0	0	0.1672	0	0	0.1056	0	0	0	0
