#chrom	pos	desc	normal	sample1	sample2	sample3	sample4	sample5	sample6	sample7	sample8	sample9	sample10	sample11	sample12	sample13	sample14
11	31086941	M10039	0	0.4576	0	0.1625	0	0.4979	0	0	0	0	0	0	0	0	0
1	224629567	M10052	0	0.4576	0	0.1625	0	0.4979	0	0	0	0	0	0	0	0	0
20	22094273	M10070	0	0	0	0	0	0	0	0	0	0	0	0.1227	0	0.04	0.3514
17	66340085	M10096	0	0	0	0	0	0	0	0	0	0	0	0	0.1025	0	0
8	52945639	M10068	0	0	0	0	0	0	0	0	0.0559	0	0	0.2562	0.1103	0.3961	0
2	1842964	M10062	0	0	0	0	0	0	0.0589	0	0	0.0812	0	0	0.1025	0	0
13	112126767	M10093	0	0	0.1527	0	0	0	0	0	0	0	0	0	0	0	0.0577
23	30257499	M10111	0	0	0	0	0	0	0.4009	0	0	0	0	0	0	0	0
11	52951821	M10046	0	0	0	0	0	0	0.4598	0.1893	0.1038	0.1877	0	0.118	0.1025	0	0
11	70767059	M10083	0	0	0	0	0	0	0.0589	0	0	0	0	0	0	0	0
8	144202270	M10115	0	0	0	0	0	0	0	0	0.0559	0	0	0.2562	0	0	0
1	201621129	M10047	0	0	0.1527	0	0	0	0	0	0	0	0	0.1227	0.005	0.04	0.4092
2	13169212	M10100	0	0	0	0	0	0	0	0	0	0.1462	0	0	0	0	0
17	59597640	M10050	0	0	0.2042	0.2738	0.4185	0	0	0	0.3251	0.1246	0	0.2562	0.1103	0.3961	0
2	126492487	M10074	0	0	0	0	0	0	0	0	0	0	0	0	0	0.3961	0
21	29901632	M10060	0	0	0.0485	0	0	0	0	0	0	0	0.4448	0	0	0	0
4	63900729	M10117	0	0	0	0.0215	0	0	0	0	0	0	0	0	0	0	0
13	125993521	M10065	0	0	0.1527	0	0	0	0	0	0	0	0	0.1227	0	0.04	0.4092
19	74546009	M10113	0	0	0	0	0	0	0	0	0	0.1246	0	0	0	0	0
1	171829282	M10075	0	0	0	0	0	0	0	0	0	0	0	0	0	0	0.3514
23	2751478	M10067	0	0	0.0485	0	0	0	0	0	0	0	0.4448	0	0	0	0
4	85110031	M10090	0	0	0	0	0	0	0	0.0299	0	0	0	0.118	0	0	0
3	178409682	M10118	0	0	0	0	0	0	0	0	0.2692	0	0	0	0	0	0
3	142602849	M10071	0	0.4576	0	0	0	0.4979	0	0	0	0	0	0	0	0	0
17	27203731	M10041	0	0.4576	0	0.1625	0	0.4979	0	0	0	0	0	0	0	0	0
12	64425403	M10057	0	0	0	0	0	0	0.0589	0	0	0.1669	0	0	0.0923	0	0
17	37507854	M10064	0	0	0	0	0	0	0.4009	0	0	0	0	0	0	0	0
18	68062461	M10108	0	0	0	0	0	0	0	0	0	0.0812	0	0	0	0	0
22	34713060	M10105	0	0	0	0	0	0	0	0	0	0.1246	0	0	0	0	0
15	21129382	M10119	0	0	0	0	0	0	0	0	0	0	0	0	0	0	0.0577
20	44421053	M10045	0	0.4576	0	0.1625	0	0.4979	0	0	0	0	0	0	0	0	0
7	73879314	M10110	0	0	0	0	0	0	0	0	0	0	0	0.1227	0	0.04	0
21	37988318	M10089	0	0	0	0	0	0	0	0.2621	0	0.1462	0	0	0	0	0
3	134859183	M10095	0	0	0.0485	0	0	0	0	0	0	0	0.4448	0	0	0	0
12	116871329	M10037	0	0.4576	0.1527	0.1591	0	0.4979	0.4598	0.15	0.1038	0.1638	0	0.2406	0.0906	0.04	0.4092
7	29824284	M10087	0	0.4576	0	0	0	0	0	0	0	0	0	0	0	0	0
5	34031382	M10106	0	0	0	0	0	0	0	0	0	0.1066	0	0	0	0	0
9	114710123	M10112	0	0	0.0485	0	0	0	0	0	0	0	0	0	0	0	0
15	57672138	M10072	0	0	0	0.2738	0.4185	0	0	0	0	0	0	0	0	0	0
14	29021758	M10066	0	0	0	0	0	0	0	0.1594	0	0	0	0	0	0	0
18	75837668	M10080	0	0	0	0	0	0	0	0	0	0	0	0	0.1103	0	0
16	76578822	M10077	0	0	0	0.1625	0	0	0	0	0	0	0	0	0	0	0
23	39711063	M10073	0	0	0	0	0	0	0	0	0	0	0	0	0.1025	0	0
11	975817	M10084	0	0	0	0	0	0	0.4009	0	0	0	0	0	0	0	0
