#chrom	pos	desc	normal	sample1	sample2	sample3	sample4	sample5	sample6	sample7	sample8	sample9	sample10	sample11	sample12	sample13	sample14
11	31086941	M10039	0	0.445	0.001	0.146	0	0.491	0	0	0	0	0.001	0	0	0.001	0
1	224629567	M10052	0	0.434	0	0.16	0.001	0.498	0	0.001	0	0	0	0	0.001	0	0.001
20	22094273	M10070	0	0	0	0	0	0.001	0	0	0	0	0	0.121	0	0.04	0.346
17	66340085	M10096	0	0	0.001	0	0	0	0	0.001	0	0	0.001	0.001	0.104	0	0.001
8	52945639	M10068	0	0.001	0	0	0	0.001	0	0	0.056	0	0	0.268	0.105	0.39	0
2	1842964	M10062	0	0	0.001	0.001	0.002	0.001	0.072	0	0	0.085	0	0	0.106	0	0
13	112126767	M10093	0	0	0.152	0	0	0	0.001	0	0	0.001	0	0	0	0	0.055
23	30257499	M10111	0	0.001	0	0	0.001	0	0.39	0.002	0.001	0	0.002	0	0	0.001	0
11	52951821	M10046	0	0	0	0.001	0.001	0.001	0.48	0.185	0.097	0.178	0	0.127	0.105	0	0.001
11	70767059	M10083	0	0	0	0.001	0	0	0.049	0	0	0	0	0	0	0	0
8	144202270	M10115	0	0	0	0.001	0	0	0	0	0.059	0.003	0	0.252	0	0.001	0
1	201621129	M10047	0	0.001	0.152	0	0	0	0	0	0.001	0	0	0.136	0.007	0.036	0.405
2	13169212	M10100	0	0	0	0.002	0	0	0.002	0	0	0.162	0	0.001	0	0	0
17	59597640	M10050	0	0	0.221	0.276	0.404	0	0.001	0	0.332	0.126	0	0.259	0.114	0.402	0
2	126492487	M10074	0	0	0	0.001	0	0	0	0	0	0	0	0	0.001	0.382	0
21	29901632	M10060	0	0	0.061	0	0	0	0.001	0.002	0	0	0.442	0	0	0.001	0
4	63900729	M10117	0	0	0	0.017	0.001	0	0	0.001	0	0	0	0	0.001	0	0.002
13	125993521	M10065	0	0	0.153	0	0	0.002	0	0.001	0	0	0.001	0.124	0	0.027	0.4
19	74546009	M10113	0	0	0.001	0	0	0	0.001	0.001	0	0.13	0	0	0	0	0
1	171829282	M10075	0	0	0	0.001	0.001	0	0	0	0	0	0	0.001	0	0	0.352
23	2751478	M10067	0	0	0.052	0	0	0	0.002	0	0	0	0.454	0	0	0	0
4	85110031	M10090	0	0	0	0	0	0.001	0	0.027	0.001	0	0.001	0.128	0	0	0
3	178409682	M10118	0	0.001	0	0	0	0.001	0	0.001	0.269	0	0.001	0	0	0.001	0
3	142602849	M10071	0	0.47	0	0.001	0	0.485	0	0	0	0	0	0	0	0	0
17	27203731	M10041	0	0.461	0.001	0.174	0	0.488	0	0	0.001	0.001	0.002	0.001	0	0	0
12	64425403	M10057	0	0	0	0.001	0.001	0	0.054	0.001	0	0.179	0	0	0.097	0	0
17	37507854	M10064	0	0.002	0	0	0.001	0	0.387	0	0	0.002	0	0	0	0.001	0
18	68062461	M10108	0	0	0.001	0	0	0	0.001	0	0	0.099	0	0	0	0	0
22	34713060	M10105	0	0	0	0	0	0	0	0	0	0.119	0	0.001	0.001	0	0
15	21129382	M10119	0	0	0	0.001	0.002	0.002	0	0	0	0	0.001	0	0.001	0	0.061
20	44421053	M10045	0	0.475	0	0.162	0.001	0.485	0.001	0	0	0	0	0	0	0	0
7	73879314	M10110	0	0.001	0	0	0	0	0.001	0	0	0	0	0.12	0	0.037	0.001
21	37988318	M10089	0	0	0	0	0	0.001	0.002	0.266	0.001	0.136	0	0	0	0	0.001
3	134859183	M10095	0	0	0.048	0	0	0	0	0.001	0	0	0.468	0	0	0	0.001
12	116871329	M10037	0	0.467	0.16	0.166	0	0.506	0.466	0.144	0.105	0.161	0	0.273	0.075	0.031	0.43
7	29824284	M10087	0	0.451	0	0	0.002	0	0	0.003	0	0	0.001	0.001	0	0	0.001
5	34031382	M10106	0	0.002	0	0	0	0	0.001	0	0.001	0.104	0.001	0	0.001	0	0.001
9	114710123	M10112	0	0	0.057	0	0	0	0	0	0	0	0	0	0	0	0
15	57672138	M10072	0	0	0.001	0.255	0.403	0	0	0	0	0	0.001	0	0	0	0
14	29021758	M10066	0	0	0	0	0.001	0	0	0.143	0	0	0	0	0	0	0
18	75837668	M10080	0	0	0.001	0.001	0.001	0	0	0	0.001	0	0	0	0.114	0	0
16	76578822	M10077	0	0.001	0	0.156	0.001	0	0.001	0	0	0	0	0	0	0	0.001
23	39711063	M10073	0	0.001	0	0	0	0	0	0	0	0	0	0	0.096	0	0.001
11	975817	M10084	0	0	0	0	0	0.001	0.38	0	0	0	0	0	0	0	0
