#chrom	pos	desc	normal	sample1	sample2	sample3	sample4	sample5	sample6	sample7	sample8	sample9
11	31086941	M10039	0	0	0	0	0	0.2017	0	0.1691	0.2218	0.2348
1	224629567	M10052	0	0	0	0	0	0.2017	0	0.1691	0.2218	0.2348
20	22094273	M10070	0	0	0.0207	0	0	0	0	0.0599	0.2109	0
8	52945639	M10068	0	0	0.1152	0	0	0	0	0	0	0
2	1842964	M10062	0	0	0	0.107	0	0	0	0.1571	0	0
13	112126767	M10093	0	0.0581	0	0	0	0	0	0	0	0
18	39403332	M10082	0	0	0	0	0	0	0.4997	0	0	0
11	52951821	M10046	0	0.1724	0.1368	0.246	0	0.0454	0	0.1755	0	0
7	121190769	M10098	0	0	0	0	0	0	0.4997	0	0	0
1	201621129	M10047	0	0.0581	0.0207	0	0	0	0	0.0599	0.218	0
17	59597640	M10050	0	0.1699	0.3384	0.1948	0	0.1812	0	0	0	0.2281
2	126492487	M10074	0	0	0.1152	0	0	0	0	0	0	0
20	19997854	M10116	0	0	0.0207	0	0	0	0	0	0	0
21	29901632	M10060	0	0	0	0	0.4844	0	0	0	0	0
13	125993521	M10065	0	0.0581	0.0207	0	0	0	0	0.0599	0.2109	0
19	74546009	M10113	0	0.1699	0	0	0	0.1812	0	0	0	0.2281
23	2751478	M10067	0	0	0	0	0.4844	0	0	0	0	0
17	9664689	M10121	0	0	0	0	0.4844	0	0	0	0	0
4	85110031	M10090	0	0	0	0	0	0.0318	0	0	0	0
3	142602849	M10071	0	0	0	0	0	0.2017	0	0	0.2218	0.2348
14	4440166	M10104	0	0	0.1033	0	0	0	0	0	0	0
12	64425403	M10057	0	0	0.1226	0.107	0	0	0	0.1571	0	0
17	27203731	M10041	0	0	0	0	0	0.2017	0	0.1691	0.2218	0.2348
17	37507854	M10064	0	0	0	0.1389	0	0.0136	0	0.0184	0	0
18	68062461	M10108	0	0	0	0.107	0	0	0	0.1571	0	0
15	21129382	M10119	0	0.0581	0	0	0	0	0	0	0	0
22	34713060	M10105	0	0.1699	0	0	0	0.1812	0	0	0	0.2281
20	44421053	M10045	0	0	0	0	0	0.2017	0	0.1691	0.2218	0.2348
7	73879314	M10110	0	0	0	0	0	0	0	0.0599	0	0
1	246088770	M10120	0	0	0	0	0	0	0	0.0599	0	0
3	134859183	M10095	0	0	0	0	0.4844	0	0	0	0	0
12	116871329	M10037	0	0.2305	0.1575	0.246	0	0.2471	0	0.4046	0.4398	0.2348
7	16959794	M10069	0	0	0	0.1389	0	0	0	0	0	0
7	29824284	M10087	0	0	0	0	0	0.2017	0	0	0.2218	0
5	34031382	M10106	0	0	0.1368	0	0	0	0	0	0	0
9	114710123	M10112	0	0	0	0	0.4844	0	0	0	0	0
14	29021758	M10066	0	0.1473	0	0	0	0	0	0	0	0
15	57672138	M10072	0	0	0	0.1948	0	0	0	0	0	0
13	57079253	M10088	0	0	0.1152	0	0	0	0	0	0	0
16	76578822	M10077	0	0	0	0	0	0	0	0.1691	0	0
11	975817	M10084	0	0	0	0	0	0.0136	0	0.0184	0	0
