#chrom	pos	desc	normal	sample1	sample2	sample3	sample4	sample5	sample6	sample7	sample8	sample9
18	21699836	M397	0	0	0	0	0.308	0.097	0.001	0	0	0
14	20586800	M380	0	0.1	0	0	0	0.001	0	0	0	0.001
16	62026530	M443	0	0	0	0.002	0	0.123	0	0	0	0
9	2656764	M447	0	0	0.001	0	0	0	0.273	0.001	0.001	0
15	68808730	M369	0	0	0	0.494	0.001	0.065	0.092	0	0.035	0
5	59689606	M372	0	0.001	0	0	0	0	0.046	0.002	0.218	0.039
14	5065803	M451	0	0.001	0	0	0	0	0.001	0	0.006	0
11	47087676	M393	0	0	0	0	0.001	0.001	0	0.104	0	0
12	92242567	M377	0	0	0	0	0	0	0.003	0	0.009	0
1	144343287	M376	0	0	0.002	0	0.001	0	0	0.001	0.255	0
3	153025601	M462	0	0	0.001	0	0	0.001	0.04	0	0	0.001
5	11604712	M370	0	0	0.129	0.002	0	0.105	0	0.048	0	0.162
10	18600747	M366	0	0	0	0.001	0	0	0.253	0.132	0.001	0.001
11	21274935	M410	0	0	0	0.001	0.301	0.111	0.001	0.001	0	0.001
17	87981831	M412	0	0.001	0	0	0.001	0	0.001	0	0	0.148
23	15066780	M361	0	0	0.144	0	0	0.102	0.302	0.19	0.265	0.147
2	44556735	M438	0	0	0	0	0	0	0.001	0	0	0.038
13	34125429	M391	0	0	0.081	0.001	0.001	0	0	0	0	0
23	12576733	M363	0	0	0.002	0.001	0	0	0	0	0.227	0
7	97106901	M374	0	0.001	0.001	0	0	0.069	0	0	0.025	0
16	11474044	M390	0	0	0	0	0.001	0	0	0	0.21	0
15	52133281	M445	0	0.332	0.232	0	0	0.001	0	0	0	0
13	34933107	M388	0	0.345	0.244	0	0.123	0.001	0.001	0	0	0.001
16	80542084	M395	0	0.001	0	0	0	0	0	0	0.21	0
3	134972940	M476	0	0.001	0.064	0.002	0	0	0	0	0	0
4	167806859	M378	0	0	0	0	0	0.002	0.038	0.001	0	0
4	178233063	M416	0	0	0	0.002	0	0.002	0.001	0.039	0.002	0
8	146308345	M453	0	0.002	0.001	0	0.002	0	0	0.038	0.001	0.001
21	57304753	M419	0	0	0	0.487	0.001	0	0.114	0	0	0
22	5990366	M407	0	0.001	0.162	0	0	0	0	0	0	0
20	42498109	M358	0	0.083	0	0	0.24	0.087	0	0	0.001	0.102
19	6253948	M368	0	0.115	0	0	0.278	0.121	0.001	0	0	0.114
7	57313876	M434	0	0	0	0.486	0.001	0.003	0.102	0	0.001	0
5	23661062	M362	0	0.339	0.198	0	0.128	0.097	0.033	0.253	0.194	0.198
8	136330531	M421	0	0	0	0	0	0.106	0	0.001	0.001	0.001
8	152285510	M375	0	0.001	0.072	0	0	0.001	0.001	0	0	0
5	12678435	M381	0	0	0	0	0	0.065	0.001	0	0.026	0.001
23	15357986	M359	0	0.323	0.221	0.492	0.138	0.177	0.141	0.253	0.246	0.199
3	176598538	M383	0	0	0.144	0	0	0.115	0	0.037	0.001	0.153
17	13534085	M367	0	0.366	0.22	0.001	0.144	0	0.041	0.092	0.204	0.177
13	117872479	M474	0	0	0.225	0.001	0	0	0	0	0	0
21	18895401	M385	0	0.001	0	0	0	0.073	0	0	0	0
11	79081489	M409	0	0	0	0	0	0	0	0.093	0	0.001
