#chrom	pos	desc	normal	sample1	sample2	sample3	sample4	sample5	sample6	sample7	sample8	sample9
18	21699836	M397	0	0	0	0	0.2884	0.1059	0	0	0	0
14	20586800	M380	0	0.1053	0	0	0	0	0	0	0	0
16	62026530	M443	0	0	0	0	0	0.1173	0	0	0	0
9	2656764	M447	0	0	0	0	0	0	0.2715	0	0	0
15	68808730	M369	0	0	0	0.4801	0	0.0703	0.1014	0	0.0324	0
5	59689606	M372	0	0	0	0	0	0	0.0406	0	0.2056	0.0433
14	5065803	M451	0	0	0	0	0	0	0	0	0.0065	0
11	47087676	M393	0	0	0	0	0	0	0	0.0971	0	0
12	92242567	M377	0	0	0	0	0	0	0	0	0.0065	0
1	144343287	M376	0	0	0	0	0	0	0	0	0.2493	0
3	153025601	M462	0	0	0	0	0	0	0.0406	0	0	0
5	11604712	M370	0	0	0.1475	0	0	0.1173	0	0.0367	0	0.156
10	18600747	M366	0	0	0	0	0	0	0.2715	0.13	0	0
11	21274935	M410	0	0	0	0	0.2884	0.1059	0	0	0	0
17	87981831	M412	0	0	0	0	0	0	0	0	0	0.1403
23	15066780	M361	0	0	0.1475	0	0	0.1173	0.2715	0.1667	0.2493	0.156
2	44556735	M438	0	0	0	0	0	0	0	0	0	0.0433
13	34125429	M391	0	0	0.0708	0	0	0	0	0	0	0
23	12576733	M363	0	0	0	0	0	0	0	0	0.2493	0
7	97106901	M374	0	0	0	0	0	0.0703	0	0	0.0259	0
16	11474044	M390	0	0	0	0	0	0	0	0	0.2056	0
15	52133281	M445	0	0.3492	0.2271	0	0	0	0	0	0	0
13	34933107	M388	0	0.3492	0.2271	0	0.1407	0	0	0	0	0
16	80542084	M395	0	0	0	0	0	0	0	0	0.2056	0
3	134972940	M476	0	0	0.0708	0	0	0	0	0	0	0
4	167806859	M378	0	0	0	0	0	0	0.0406	0	0	0
4	178233063	M416	0	0	0	0	0	0	0	0.0367	0	0
8	146308345	M453	0	0	0	0	0	0	0	0.0354	0	0
21	57304753	M419	0	0	0	0.4801	0	0	0.1014	0	0	0
22	5990366	M407	0	0	0.1475	0	0	0	0	0	0	0
20	42498109	M358	0	0.078	0	0	0.2528	0.0816	0	0	0	0.0837
19	6253948	M368	0	0.1053	0	0	0.2884	0.1059	0	0	0	0.1122
7	57313876	M434	0	0	0	0.4801	0	0	0.1014	0	0	0
5	23661062	M362	0	0.3492	0.2271	0	0.1407	0.1094	0.0406	0.2687	0.2056	0.1836
8	136330531	M421	0	0	0	0	0	0.105	0	0	0	0
8	152285510	M375	0	0	0.0708	0	0	0	0	0	0	0
5	12678435	M381	0	0	0	0	0	0.0703	0	0	0.0259	0
23	15357986	M359	0	0.3492	0.2271	0.4801	0.1407	0.1797	0.142	0.2687	0.2379	0.1836
3	176598538	M383	0	0	0.1475	0	0	0.1173	0	0.0367	0	0.156
17	13534085	M367	0	0.3492	0.2271	0	0.1407	0	0.0406	0.0971	0.2056	0.1836
13	117872479	M474	0	0	0.2271	0	0	0	0	0	0	0
21	18895401	M385	0	0	0	0	0	0.0703	0	0	0	0
11	79081489	M409	0	0	0	0	0	0	0	0.0971	0	0
