#chrom	pos	desc	normal	sample1	sample2	sample3	sample4	sample5	sample6	sample7	sample8	sample9
8	20126987	M3117	0	0	0.033	0	0.001	0.001	0	0.001	0	0
15	27079817	M2750	0	0	0.001	0	0	0	0.069	0	0	0
11	30171270	M3174	0	0	0	0	0	0.001	0	0	0	0.048
13	98910994	M3691	0	0.001	0	0	0.001	0	0.228	0.001	0	0.001
6	82584997	M2772	0	0	0	0.001	0	0	0	0	0.2	0.001
8	8697624	M2761	0	0.001	0	0	0	0	0.417	0	0	0
23	16616174	M2735	0	0	0.282	0	0.001	0.001	0.441	0	0	0.001
11	121026652	M2741	0	0	0	0	0.001	0.001	0.068	0.001	0	0.112
18	70741050	M2925	0	0	0	0	0	0	0	0	0.208	0
5	31783673	M2743	0	0.1	0	0	0.001	0.001	0	0	0	0.001
21	54566148	M3017	0	0	0.001	0.42	0	0.001	0	0	0	0
7	67018293	M2851	0	0	0	0	0	0.042	0	0	0	0
21	47950863	M2766	0	0.001	0.001	0.001	0	0.001	0.079	0	0.001	0
17	58975356	M2790	0	0	0.001	0.001	0.001	0	0.065	0	0.001	0.001
17	48343057	M2875	0	0	0.263	0	0	0	0	0.001	0	0
5	152436015	M2738	0	0.043	0.001	0	0.001	0.064	0	0	0.001	0
15	35516767	M2747	0	0.044	0.001	0	0	0.045	0.001	0	0	0
3	124799978	M2762	0	0	0	0	0.422	0.001	0	0.001	0	0
17	53269983	M3009	0	0.142	0	0	0	0.002	0	0.001	0	0.001
6	24493046	M2919	0	0.044	0	0.001	0	0.001	0.001	0	0	0
18	45829808	M2776	0	0.001	0.32	0	0.001	0	0	0	0	0
6	91612040	M2736	0	0.162	0	0.39	0	0.264	0.001	0.001	0.002	0.002
22	14699024	M2739	0	0	0.1	0	0	0.157	0	0	0.211	0.06
19	64971531	M2746	0	0.002	0	0	0.426	0	0.001	0	0	0
11	116568238	M3139	0	0	0	0	0.001	0.001	0	0	0	0.157
23	18113350	M2827	0	0.05	0	0.002	0	0	0	0	0	0.001
22	41116394	M2865	0	0	0	0.001	0.41	0	0.001	0.001	0	0.001
7	112772847	M2764	0	0	0.096	0	0	0	0	0.001	0.194	0.057
4	142016433	M3378	0	0	0	0	0	0.155	0	0.001	0	0.001
1	87436022	M3781	0	0.124	0	0	0	0	0.001	0.001	0	0
6	45171752	M2974	0	0.001	0	0	0	0	0.057	0	0	0
17	53455199	M3156	0	0	0.001	0	0.001	0	0.199	0	0	0
19	31369514	M2843	0	0.001	0	0.404	0	0	0	0	0	0
3	140192630	M3578	0	0.115	0.001	0.001	0	0	0.001	0	0	0
2	144597657	M3409	0	0	0	0.001	0	0.001	0	0.001	0	0.108
1	154047598	M2782	0	0.107	0.001	0	0	0	0.001	0.44	0	0
12	81679274	M2966	0	0	0	0	0.001	0	0.002	0.422	0	0
18	57955197	M3200	0	0.001	0	0	0	0	0	0	0.246	0
4	135153636	M2834	0	0.149	0	0	0.001	0	0.001	0	0.001	0
23	40427389	M2757	0	0.155	0.001	0	0	0.003	0.001	0	0.001	0
21	22881335	M2788	0	0	0	0	0	0.001	0	0	0.205	0.05
12	45656328	M2831	0	0.091	0.001	0	0.001	0	0	0.001	0	0
9	23093518	M2866	0	0.001	0.084	0	0	0	0	0	0	0
23	50854115	M3259	0	0.124	0.001	0	0.001	0	0	0.001	0	0
22	50402788	M2874	0	0	0	0	0	0	0	0	0	0.118
12	13769539	M2760	0	0.116	0	0	0	0.001	0	0	0	0
4	99521267	M3036	0	0	0.092	0	0	0.001	0	0	0	0
23	42251864	M2948	0	0.104	0.001	0.001	0.001	0	0	0	0.001	0
16	71156646	M3237	0	0.041	0	0.001	0	0	0	0	0	0
13	56956289	M2737	0	0	0	0	0.415	0	0.055	0	0.239	0.125
14	104052278	M2793	0	0.001	0	0.001	0	0	0	0	0	0.149
12	15621822	M2813	0	0	0.001	0	0	0	0.214	0	0.001	0
