#chrom	pos	desc	normal	sample1	sample2	sample3	sample4	sample5	sample6	sample7	sample8	sample9
8	20126987	M3117	0	0	0.038	0	0	0	0	0	0	0
15	27079817	M2750	0	0	0	0	0	0	0.0636	0	0	0
11	30171270	M3174	0	0	0	0	0	0	0	0	0	0.0603
13	98910994	M3691	0	0	0	0	0	0	0.2049	0	0	0
6	82584997	M2772	0	0	0	0	0	0	0	0	0.1769	0
8	8697624	M2761	0	0	0	0	0	0	0.4165	0	0	0
23	16616174	M2735	0	0	0.2838	0	0	0	0.4165	0	0	0
11	121026652	M2741	0	0	0	0	0	0	0.0636	0	0	0.123
18	70741050	M2925	0	0	0	0	0	0	0	0	0.1947	0
5	31783673	M2743	0	0.1194	0	0	0	0	0	0	0	0
21	54566148	M3017	0	0	0	0.4077	0	0	0	0	0	0
7	67018293	M2851	0	0	0	0	0	0.057	0	0	0	0
21	47950863	M2766	0	0	0	0	0	0	0.0636	0	0	0
17	58975356	M2790	0	0	0	0	0	0	0.0636	0	0	0
17	48343057	M2875	0	0	0.2838	0	0	0	0	0	0	0
5	152436015	M2738	0	0.0433	0	0	0	0.057	0	0	0	0
15	35516767	M2747	0	0.0433	0	0	0	0.057	0	0	0	0
3	124799978	M2762	0	0	0	0	0.4107	0	0	0	0	0
17	53269983	M3009	0	0.1462	0	0	0	0	0	0	0	0
6	24493046	M2919	0	0.0433	0	0	0	0	0	0	0	0
18	45829808	M2776	0	0	0.2838	0	0	0	0	0	0	0
6	91612040	M2736	0	0.1462	0	0.4077	0	0.2713	0	0	0	0
22	14699024	M2739	0	0	0.0952	0	0	0.1531	0	0	0.1947	0.0603
19	64971531	M2746	0	0	0	0	0.4107	0	0	0	0	0
11	116568238	M3139	0	0	0	0	0	0	0	0	0	0.1568
23	18113350	M2827	0	0.0433	0	0	0	0	0	0	0	0
22	41116394	M2865	0	0	0	0	0.4107	0	0	0	0	0
7	112772847	M2764	0	0	0.0952	0	0	0	0	0	0.1947	0.0603
4	142016433	M3378	0	0	0	0	0	0.1531	0	0	0	0
1	87436022	M3781	0	0.1194	0	0	0	0	0	0	0	0
6	45171752	M2974	0	0	0	0	0	0	0.0636	0	0	0
17	53455199	M3156	0	0	0	0	0	0	0.2049	0	0	0
19	31369514	M2843	0	0	0	0.4077	0	0	0	0	0	0
3	140192630	M3578	0	0.0962	0	0	0	0	0	0	0	0
2	144597657	M3409	0	0	0	0	0	0	0	0	0	0.1121
1	154047598	M2782	0	0.0962	0	0	0	0	0	0.438	0	0
12	81679274	M2966	0	0	0	0	0	0	0	0.438	0	0
18	57955197	M3200	0	0	0	0	0	0	0	0	0.2458	0
4	135153636	M2834	0	0.1462	0	0	0	0	0	0	0	0
23	40427389	M2757	0	0.1462	0	0	0	0	0	0	0	0
21	22881335	M2788	0	0	0	0	0	0	0	0	0.1947	0.0603
12	45656328	M2831	0	0.0962	0	0	0	0	0	0	0	0
9	23093518	M2866	0	0	0.0952	0	0	0	0	0	0	0
23	50854115	M3259	0	0.1194	0	0	0	0	0	0	0	0
22	50402788	M2874	0	0	0	0	0	0	0	0	0	0.123
12	13769539	M2760	0	0.1194	0	0	0	0	0	0	0	0
4	99521267	M3036	0	0	0.0952	0	0	0	0	0	0	0
23	42251864	M2948	0	0.1194	0	0	0	0	0	0	0	0
16	71156646	M3237	0	0.0433	0	0	0	0	0	0	0	0
13	56956289	M2737	0	0	0	0	0.4107	0	0.0636	0	0.2458	0.123
14	104052278	M2793	0	0	0	0	0	0	0	0	0	0.1568
12	15621822	M2813	0	0	0	0	0	0	0.2049	0	0	0
