#chrom	pos	desc	normal	sample1	sample2	sample3	sample4	sample5	sample6	sample7	sample8	sample9	sample10	sample11	sample12	sample13	sample14
21	31944845	M3054	0	0	0	0	0.084	0	0.001	0	0	0	0	0	0	0.002	0
8	140358769	M3063	0	0.001	0	0.001	0	0	0	0	0	0.034	0.001	0.001	0	0	0.001
12	73178321	M3003	0	0	0	0	0	0.381	0	0.177	0.109	0.001	0	0	0	0	0.13
6	78667652	M3004	0	0.001	0	0.001	0.002	0	0	0	0	0.129	0	0	0.001	0.465	0
9	14211971	M3009	0	0	0.001	0	0.066	0.001	0.001	0	0	0	0.223	0	0	0.003	0
22	57896027	M2992	0	0	0.001	0	0	0.352	0.001	0.232	0.127	0.036	0	0.001	0	0	0.132
19	43527315	M3046	0	0	0	0	0	0	0	0.177	0	0.001	0.001	0	0	0.001	0.14
8	30363238	M3017	0	0	0	0.499	0.001	0.001	0	0.001	0.002	0	0	0.001	0.001	0	0.001
9	24204394	M3022	0	0	0	0.001	0	0.017	0.001	0	0	0	0	0	0.001	0	0
15	8506751	M2998	0	0	0	0	0.001	0	0	0	0	0	0.127	0	0	0	0
12	50115034	M3050	0	0	0	0	0	0.013	0	0	0	0	0	0	0	0	0
21	21423522	M3056	0	0	0.453	0	0	0	0.001	0	0	0.001	0	0	0	0	0
22	41719169	M3015	0	0	0.001	0	0	0	0	0	0	0.035	0	0.002	0	0	0
17	29368729	M3005	0	0.001	0.492	0	0.009	0	0	0	0.002	0.146	0.036	0	0.168	0	0
4	119783867	M3072	0	0.001	0	0	0	0	0.001	0.245	0.001	0	0.001	0	0	0.001	0
7	104335141	M3037	0	0	0	0	0	0.013	0.001	0	0	0.001	0	0.001	0	0	0
8	129500757	M3016	0	0	0	0	0	0.002	0	0.154	0.115	0	0	0.001	0	0.001	0.127
15	103226951	M3011	0	0.001	0	0	0	0	0.239	0	0	0	0.001	0.001	0.294	0	0
23	38655478	M3039	0	0	0	0	0.11	0	0	0	0.001	0	0.001	0	0.001	0	0
17	77178859	M3055	0	0	0.001	0	0	0	0	0	0.001	0.001	0.001	0.467	0	0	0
19	4955038	M3076	0	0.001	0	0	0	0	0.002	0	0	0.173	0.003	0	0	0	0.001
14	64992126	M2984	0	0	0.474	0.513	0.413	0.42	0.429	0.211	0.404	0.426	0.465	0.48	0.489	0.5	0.473
20	22622243	M3062	0	0	0	0	0.162	0	0	0	0	0	0	0.001	0	0.001	0
1	44537879	M3026	0	0	0	0	0.066	0	0	0.001	0	0	0	0	0	0.001	0
13	110477388	M3033	0	0	0	0	0	0	0	0	0	0.001	0.001	0	0.177	0	0.001
13	69890419	M3073	0	0	0.001	0	0	0.001	0.001	0.178	0	0	0.001	0	0	0	0
7	79598726	M2985	0	0	0.492	0	0.294	0.395	0	0.212	0.118	0.352	0.43	0.501	0.169	0.488	0.117
2	68727294	M3019	0	0	0	0	0.214	0	0	0	0	0	0	0	0	0.001	0
17	63534559	M3041	0	0.001	0.001	0.001	0.181	0.001	0	0	0	0	0	0	0.001	0.001	0
15	49777803	M3010	0	0	0	0.001	0	0.001	0	0	0	0	0	0	0.001	0.48	0
2	63319080	M2990	0	0.001	0	0.001	0.275	0.001	0	0	0.001	0	0.205	0.477	0	0	0
20	3742989	M2988	0	0.001	0	0	0	0	0.419	0	0.301	0.09	0	0	0.307	0	0.34
21	7365604	M2987	0	0	0	0.002	0.001	0	0.452	0.001	0.333	0.087	0	0	0.301	0.001	0.326
13	125740209	M2996	0	0	0	0.509	0.142	0.008	0	0	0	0	0	0	0	0	0
21	20210837	M3069	0	0	0	0	0	0.001	0.001	0.001	0.001	0.166	0	0.001	0	0	0
23	1292884	M2997	0	0	0.474	0	0.009	0	0	0	0	0.327	0.031	0	0.155	0.447	0
1	172497134	M3047	0	0	0	0	0.005	0	0	0	0	0.155	0.017	0.001	0.001	0.001	0
11	54388466	M3036	0	0	0	0.001	0	0	0	0	0.099	0	0	0	0.001	0	0
16	55641924	M3028	0	0	0.001	0	0	0.002	0	0	0	0.04	0	0	0.001	0.001	0
19	22057472	M3023	0	0	0.001	0	0.001	0	0	0.001	0	0	0.189	0.002	0.001	0	0
14	55549417	M3074	0	0.439	0	0	0.001	0	0	0	0	0.001	0.001	0.001	0	0	0
15	6964150	M3008	0	0	0.001	0.001	0	0	0	0	0	0	0.169	0	0.001	0.001	0
4	123758681	M3040	0	0	0	0.001	0	0	0	0	0	0	0	0.001	0.306	0	0
2	100160826	M3030	0	0	0	0	0	0	0.001	0.001	0	0	0	0.455	0	0	0
