#chrom	pos	desc	normal	sample1	sample2	sample3	sample4	sample5	sample6	sample7	sample8	sample9
18	71841883	M3038	0	0	0	0	0	0.114	0.029	0	0.163	0
8	140358769	M3063	0	0.001	0	0.447	0	0	0.002	0	0.001	0
12	73178321	M3003	0	0	0.173	0.001	0	0.104	0.034	0.334	0.158	0.211
9	14211971	M3009	0	0	0	0	0.173	0	0	0	0	0.001
22	57896027	M2992	0	0	0.167	0.427	0	0.108	0.44	0.327	0.188	0.224
19	43527315	M3046	0	0	0.171	0	0	0	0	0.19	0	0
10	53046692	M3068	0	0	0.001	0.001	0	0.059	0	0.001	0	0
4	81491288	M3061	0	0.001	0.053	0	0	0	0	0	0	0
22	41719169	M3015	0	0	0	0.456	0	0	0.411	0	0	0
17	29368729	M3005	0	0.001	0.064	0.001	0	0.09	0.027	0.001	0.144	0.188
8	129500757	M3016	0	0	0.152	0	0	0	0.001	0.333	0	0.24
15	103226951	M3011	0	0.171	0	0	0	0	0	0	0.171	0.001
10	137391598	M3059	0	0	0	0.002	0.183	0	0.001	0	0	0
14	64992126	M2984	0	0.492	0.471	0.431	0.47	0.359	0.489	0.336	0.454	0.468
1	44537879	M3026	0	0	0.001	0	0.189	0.001	0	0	0	0
23	28346947	M3027	0	0.161	0	0	0	0	0	0	0.192	0.001
13	110477388	M3033	0	0	0.063	0	0.001	0.072	0	0.001	0.114	0.178
13	69890419	M3073	0	0	0.16	0	0	0	0	0.169	0	0
7	79598726	M2985	0	0	0.318	0.441	0.292	0.347	0.471	0.343	0.307	0.488
2	68727294	M3019	0	0.001	0	0.002	0.001	0.157	0	0	0	0
2	63319080	M2990	0	0	0	0	0.184	0.147	0	0	0	0
20	3742989	M2988	0	0.485	0.152	0	0.213	0.001	0	0.001	0.196	0.002
21	7365604	M2987	0	0.486	0.158	0	0.238	0	0	0	0.168	0
3	109249841	M3043	0	0.001	0	0	0	0.001	0	0.001	0.138	0
15	46066366	M3013	0	0.001	0	0.001	0	0	0	0.001	0	0.081
23	1292884	M2997	0	0	0.153	0.001	0.081	0.083	0.022	0	0.126	0.258
16	55641924	M3028	0	0	0.001	0.456	0	0	0.413	0	0	0
14	1102221	M3031	0	0	0.097	0	0.095	0	0	0	0	0
19	66670995	M3051	0	0	0	0	0	0.001	0.029	0.001	0.001	0.002
