#chrom	pos	desc	normal	sample1	sample2	sample3	sample4	sample5	sample6	sample7	sample8	sample9
18	71841883	M3038	0	0.0002	0.0004	0.0004	0.0004	0.1121	0.0398	0.0002	0.1601	0.0001
8	140358769	M3063	0	0.0004	0.0002	0.4259	0.0006	0.0005	0.0005	0.0004	0.0001	0.0004
12	73178321	M3003	0	0.0005	0.1676	0.0003	0.0002	0.1211	0.0405	0.3221	0.1595	0.2248
9	14211971	M3009	0	0.0009	0.0003	0.0005	0.191	0.0001	0.0001	0.0003	0.0004	0.0003
22	57896027	M2992	0	0.0003	0.1566	0.4261	0.0004	0.1194	0.4446	0.3231	0.163	0.2158
19	43527315	M3046	0	0.0002	0.1695	0.0005	0.0004	0.0002	0.0003	0.1884	0.0001	0.0001
10	53046692	M3068	0	0.0004	0.0006	0.0002	0.0002	0.0641	0.0001	0.0006	0.0004	0.0005
4	81491288	M3061	0	0.0007	0.0541	0.0002	0.0001	0.0005	0.0004	0	0.0006	0.0001
22	41719169	M3015	0	0.0004	0.0006	0.4341	0.0001	0	0.4206	0.0006	0.0007	0.0003
17	29368729	M3005	0	0.0001	0.0562	0	0.0004	0.0876	0.0215	0.0006	0.1225	0.1703
8	129500757	M3016	0	0.0003	0.1641	0.0006	0.0001	0.0003	0.0004	0.3183	0.0005	0.212
15	103226951	M3011	0	0.1881	0.0001	0.0006	0.0003	0.0004	0.0002	0.0005	0.1774	0.0006
10	137391598	M3059	0	0.0006	0.0001	0.0001	0.1883	0.0001	0	0.0006	0	0.0003
14	64992126	M2984	0	0.478	0.475	0.4316	0.4947	0.3425	0.4648	0.3273	0.4566	0.459
1	44537879	M3026	0	0.0002	0.0003	0.0003	0.1913	0.0003	0.0003	0.0007	0.0005	0.0004
23	28346947	M3027	0	0.1901	0.0002	0.0003	0.0002	0.0006	0.0007	0.0002	0.178	0.0004
13	110477388	M3033	0	0.0002	0.0571	0.0005	0.0001	0.086	0.0001	0	0.1207	0.1702
13	69890419	M3073	0	0.0007	0.1659	0.0002	0	0.0004	0.0006	0.1733	0.0004	0.0003
7	79598726	M2985	0	0.0007	0.321	0.4301	0.2883	0.3327	0.4738	0.3213	0.2858	0.4708
2	68727294	M3019	0	0.0001	0.0005	0.0003	0.0006	0.1281	0.0004	0.0003	0.0005	0.0005
2	63319080	M2990	0	0.0004	0.0001	0.0005	0.1852	0.1419	0.0002	0.0004	0.0005	0.0005
20	3742989	M2988	0	0.4932	0.1605	0.0005	0.2027	0.0003	0.0005	0.0004	0.1766	0.0001
21	7365604	M2987	0	0.489	0.1643	0.0002	0.2111	0.0009	0.0003	0.0003	0.1818	0.0002
3	109249841	M3043	0	0.0002	0.0003	0.0003	0.0001	0.0003	0.0003	0.0004	0.1483	0.0003
15	46066366	M3013	0	0.0007	0.0002	0.0004	0	0.0007	0.0003	0.0002	0.0003	0.0821
23	1292884	M2997	0	0.0002	0.1574	0.0006	0.0976	0.0829	0.0178	0.0002	0.1211	0.2598
16	55641924	M3028	0	0.0002	0.0004	0.4417	0.0003	0.0004	0.4209	0.0003	0.0003	0.0003
14	1102221	M3031	0	0.0004	0.1051	0.0003	0.1017	0.0005	0.0002	0.0004	0.0003	0.0002
19	66670995	M3051	0	0.0003	0.0002	0.0003	0.0002	0.0005	0.0424	0.0006	0.0003	0.0001
