#chrom	pos	desc	normal	sample1	sample2	sample3	sample4	sample5	sample6	sample7	sample8	sample9	sample10	sample11	sample12	sample13	sample14
21	31944845	M3054	0	0	0	0	0.0715	0	0	0	0	0	0	0	0	0	0
8	140358769	M3063	0	0	0	0	0	0	0	0	0	0.0337	0	0	0	0	0
12	73178321	M3003	0	0	0	0	0	0.3862	0	0.1755	0.1202	0	0	0	0	0	0.1276
6	78667652	M3004	0	0	0	0	0	0	0	0	0	0.1342	0	0	0	0.4831	0
9	14211971	M3009	0	0	0	0	0.0715	0	0	0	0	0	0.2053	0	0	0	0
22	57896027	M2992	0	0	0	0	0	0.3862	0	0.2025	0.1202	0.0337	0	0	0	0	0.1276
19	43527315	M3046	0	0	0	0	0	0	0	0.1755	0	0	0	0	0	0	0.1276
8	30363238	M3017	0	0	0	0.4977	0	0	0	0	0	0	0	0	0	0	0
9	24204394	M3022	0	0	0	0	0	0.018	0	0	0	0	0	0	0	0	0
15	8506751	M2998	0	0	0	0	0	0	0	0	0	0	0.1554	0	0	0	0
12	50115034	M3050	0	0	0	0	0	0.018	0	0	0	0	0	0	0	0	0
21	21423522	M3056	0	0	0.4866	0	0	0	0	0	0	0	0	0	0	0	0
22	41719169	M3015	0	0	0	0	0	0	0	0	0	0.0337	0	0	0	0	0
17	29368729	M3005	0	0	0.4866	0	0.0089	0	0	0	0	0.1686	0.0354	0	0.1717	0	0
4	119783867	M3072	0	0	0	0	0	0	0	0.2368	0	0	0	0	0	0	0
7	104335141	M3037	0	0	0	0	0	0.018	0	0	0	0	0	0	0	0	0
8	129500757	M3016	0	0	0	0	0	0	0	0.1755	0.1202	0	0	0	0	0	0.1276
15	103226951	M3011	0	0	0	0	0	0	0.2447	0	0	0	0	0	0.3128	0	0
23	38655478	M3039	0	0	0	0	0.1291	0	0	0	0	0	0	0	0	0	0
17	77178859	M3055	0	0	0	0	0	0	0	0	0	0	0	0.4749	0	0	0
19	4955038	M3076	0	0	0	0	0	0	0	0	0	0.1686	0	0	0	0	0
14	64992126	M2984	0	0	0.4866	0.4977	0.4268	0.4042	0.4396	0.2025	0.4399	0.4261	0.4281	0.4749	0.4845	0.4831	0.4566
20	22622243	M3062	0	0	0	0	0.1482	0	0	0	0	0	0	0	0	0	0
1	44537879	M3026	0	0	0	0	0.0715	0	0	0	0	0	0	0	0	0	0
13	110477388	M3033	0	0	0	0	0	0	0	0	0	0	0	0	0.1717	0	0
13	69890419	M3073	0	0	0	0	0	0	0	0.1755	0	0	0	0	0	0	0
7	79598726	M2985	0	0	0.4866	0	0.2786	0.3862	0	0.2025	0.1202	0.3409	0.4281	0.4749	0.1717	0.4831	0.1276
2	68727294	M3019	0	0	0	0	0.1982	0	0	0	0	0	0	0	0	0	0
17	63534559	M3041	0	0	0	0	0.1982	0	0	0	0	0	0	0	0	0	0
15	49777803	M3010	0	0	0	0	0	0	0	0	0	0	0	0	0	0.4831	0
2	63319080	M2990	0	0	0	0	0.2697	0	0	0	0	0	0.2053	0.4749	0	0	0
20	3742989	M2988	0	0	0	0	0	0	0.4396	0	0.3198	0.0852	0	0	0.3128	0	0.329
21	7365604	M2987	0	0	0	0	0	0	0.4396	0	0.3198	0.0852	0	0	0.3128	0	0.329
13	125740209	M2996	0	0	0	0.4977	0.1482	0.018	0	0	0	0	0	0	0	0	0
21	20210837	M3069	0	0	0	0	0	0	0	0	0	0.1686	0	0	0	0	0
23	1292884	M2997	0	0	0.4866	0	0.0089	0	0	0	0	0.3073	0.0354	0	0.1717	0.4831	0
1	172497134	M3047	0	0	0	0	0.0089	0	0	0	0	0.1686	0.0166	0	0	0	0
11	54388466	M3036	0	0	0	0	0	0	0	0	0.1202	0	0	0	0	0	0
16	55641924	M3028	0	0	0	0	0	0	0	0	0	0.0337	0	0	0	0	0
19	22057472	M3023	0	0	0	0	0	0	0	0	0	0	0.2053	0	0	0	0
14	55549417	M3074	0	0.4307	0	0	0	0	0	0	0	0	0	0	0	0	0
15	6964150	M3008	0	0	0	0	0	0	0	0	0	0	0.1554	0	0	0	0
4	123758681	M3040	0	0	0	0	0	0	0	0	0	0	0	0	0.3128	0	0
2	100160826	M3030	0	0	0	0	0	0	0	0	0	0	0	0.4749	0	0	0
