#chrom	pos	desc	normal	sample1	sample2	sample3	sample4	sample5	sample6	sample7	sample8	sample9
6	23664441	M6944	0	0	0.0668	0	0	0.0392	0.034	0	0	0
13	90119550	M6938	0	0	0	0.1781	0	0.1215	0.1093	0	0	0.1126
5	3859130	M6940	0	0.4861	0.4033	0.2531	0	0.3477	0.1949	0.3132	0.2133	0.3027
3	105048080	M6951	0	0	0	0.136	0	0	0	0	0	0.1126
14	19647433	M6955	0	0	0	0	0	0	0.1352	0.0946	0.2479	0
13	117989242	M6947	0	0	0.3365	0	0	0.1809	0.161	0.1165	0	0.2175
4	126612071	M6945	0	0	0.3365	0	0	0.3086	0.161	0.2	0.2133	0.3027
20	13961563	M6952	0	0	0	0	0.454	0	0	0	0	0
8	91221218	M6942	0	0	0	0.1781	0	0.1215	0.1093	0	0	0.1126
2	72826922	M6956	0	0	0	0	0	0.1215	0.1093	0	0	0
2	202997621	M6953	0	0	0.3162	0	0	0.1809	0.161	0.1165	0	0.2175
23	15042447	M6949	0	0	0	0	0	0	0	0	0	0.0851
