#chrom	pos	desc	normal	sample1	sample2	sample3	sample4	sample5	sample6	sample7	sample8	sample9
6	23664441	M6944	0	0.0004	0.0673	0.0002	0.0005	0.0373	0.0309	0.0003	0.0006	0.0006
13	90119550	M6938	0	0	0.0005	0.1801	0.0004	0.1284	0.1135	0.0007	0.0003	0.1141
5	3859130	M6940	0	0.4825	0.3907	0.2555	0.0003	0.3481	0.1989	0.3136	0.2144	0.2941
3	105048080	M6951	0	0.0003	0.0002	0.1308	0.0003	0.0003	0	0.0006	0.0003	0.1156
14	19647433	M6955	0	0.0002	0.0005	0.0002	0.0005	0.0002	0.1332	0.0909	0.2496	0.0002
13	117989242	M6947	0	0.0003	0.3422	0.0002	0.0001	0.1867	0.1574	0.1153	0.0002	0.2207
4	126612071	M6945	0	0	0.3368	0.0005	0.0001	0.3057	0.1576	0.1956	0.2072	0.3017
20	13961563	M6952	0	0.0006	0.0006	0.0003	0.4561	0.0004	0.0005	0.0003	0.0004	0.0003
8	91221218	M6942	0	0.0003	0.0003	0.1765	0.0004	0.1241	0.1058	0.0007	0.0003	0.1102
2	72826922	M6956	0	0.0003	0.0005	0.0004	0.0004	0.1185	0.1081	0.0002	0.0004	0.0005
2	202997621	M6953	0	0.0002	0.317	0.0005	0.0002	0.178	0.1637	0.1166	0.0003	0.2121
23	15042447	M6949	0	0.0004	0.0004	0.0003	0.0001	0.0006	0.0002	0	0.0004	0.0872
