#chrom	pos	desc	normal	sample1	sample2	sample3	sample4	sample5	sample6	sample7	sample8	sample9
6	23664441	M6944	0	0	0.067	0.001	0.001	0.038	0.038	0.002	0	0
13	90119550	M6938	0	0.001	0	0.165	0	0.115	0.114	0	0.001	0.117
5	3859130	M6940	0	0.467	0.396	0.254	0	0.346	0.195	0.293	0.264	0.311
3	105048080	M6951	0	0.001	0	0.135	0	0	0	0	0.001	0.127
14	19647433	M6955	0	0	0.001	0.001	0	0	0.137	0.111	0.239	0
13	117989242	M6947	0	0.001	0.37	0.003	0	0.181	0.157	0.091	0.001	0.219
4	126612071	M6945	0	0	0.338	0	0.001	0.321	0.173	0.178	0.228	0.293
20	13961563	M6952	0	0	0.001	0	0.45	0.001	0	0	0	0
8	91221218	M6942	0	0	0	0.196	0	0.136	0.115	0.001	0	0.089
2	72826922	M6956	0	0	0	0	0.001	0.123	0.11	0	0	0
2	202997621	M6953	0	0	0.316	0	0.002	0.181	0.185	0.139	0	0.2
23	15042447	M6949	0	0	0	0	0	0	0	0.001	0.001	0.084
