#chrom	pos	desc	normal	sample1	sample2	sample3	sample4	sample5	sample6	sample7	sample8	sample9	sample10	sample11	sample12	sample13	sample14
6	23664441	M6944	0	0.0004	0	0.0005	0.0002	0.0775	0.0004	0.0002	0.0804	0.0004	0.0004	0.0002	0.0004	0.0002	0.0002
13	90119550	M6938	0	0.0003	0.1298	0.3116	0.4085	0.0003	0.0003	0.1433	0.1868	0.161	0.0002	0.0001	0.0001	0.1125	0.0005
5	3859130	M6940	0	0.324	0.3105	0.161	0.0001	0.4463	0.4086	0.113	0.2081	0.3157	0.4158	0.4863	0.2818	0.159	0.2037
3	105048080	M6951	0	0.0003	0.0933	0.1344	0.0007	0.0003	0.0003	0.1357	0.1906	0.1641	0.0002	0.0006	0.0004	0.0004	0.0001
14	19647433	M6955	0	0.0006	0.0008	0.0003	0.0004	0.0004	0.0002	0.2214	0.0004	0.0002	0.0005	0	0.0003	0.0004	0.2661
13	117989242	M6947	0	0.0002	0.0003	0.0003	0.0003	0.3648	0.4087	0	0.0001	0.3074	0.0005	0.0002	0.1113	0.0003	0.0002
4	126612071	M6945	0	0.1692	0.1343	0.1595	0.0003	0.3596	0.4028	0.1056	0.1413	0.3132	0.1689	0.0002	0.1774	0.0001	0.2026
20	13961563	M6952	0	0.1636	0.0001	0.0002	0.0004	0.0005	0.0005	0.0007	0.0005	0.0001	0.0004	0.0002	0.1311	0.1808	0.0005
8	91221218	M6942	0	0.0001	0.1272	0.3124	0.4005	0.0003	0.0004	0.138	0.1857	0.162	0.0003	0.0001	0.0002	0.1147	0.0001
2	72826922	M6956	0	0.0004	0.0002	0.1684	0.4036	0.0005	0.0003	0.0002	0.0003	0.0003	0.0005	0.0005	0.0007	0.1133	0.0003
2	202997621	M6953	0	0.0005	0.0003	0.0001	0.0002	0.3641	0.4115	0.0004	0	0.3117	0.0001	0.0003	0.1095	0.0002	0
23	15042447	M6949	0	0.0566	0.0004	0.1613	0.0003	0.0005	0.0004	0.1058	0.1403	0.0002	0.0005	0.0005	0.0681	0.0005	0.1976
