#chrom	pos	desc	normal	sample1	sample2	sample3	sample4	sample5	sample6	sample7	sample8	sample9	sample10	sample11	sample12	sample13	sample14
6	23664441	M6944	0	0	0	0	0	0.0774	0	0	0.0772	0	0	0	0	0	0
13	90119550	M6938	0	0	0.1273	0.3089	0.4093	0	0	0.1383	0.1896	0.1628	0	0	0	0.1105	0
5	3859130	M6940	0	0.3194	0.3146	0.161	0	0.4421	0.4079	0.1052	0.2194	0.3117	0.4185	0.4834	0.2841	0.1594	0.2045
3	105048080	M6951	0	0	0.097	0.1332	0	0	0	0.1383	0.1896	0.1628	0	0	0	0	0
14	19647433	M6955	0	0	0	0	0	0	0	0.2202	0	0	0	0	0	0	0.2737
13	117989242	M6947	0	0	0	0	0	0.3647	0.4079	0	0	0.3117	0	0	0.1102	0	0
4	126612071	M6945	0	0.1679	0.1322	0.161	0	0.3647	0.4079	0.1052	0.1422	0.3117	0.1767	0	0.1774	0	0.2045
20	13961563	M6952	0	0.1683	0	0	0	0	0	0	0	0	0	0	0.1221	0.1823	0
8	91221218	M6942	0	0	0.1273	0.3089	0.4093	0	0	0.1383	0.1896	0.1628	0	0	0	0.1105	0
2	72826922	M6956	0	0	0	0.1757	0.4093	0	0	0	0	0	0	0	0	0.1105	0
2	202997621	M6953	0	0	0	0	0	0.3647	0.4079	0	0	0.3117	0	0	0.1102	0	0
23	15042447	M6949	0	0.0597	0	0.161	0	0	0	0.1052	0.1422	0	0	0	0.0672	0	0.2045
