#chrom	pos	desc	normal	sample1	sample2	sample3	sample4	sample5	sample6	sample7	sample8	sample9	sample10	sample11	sample12	sample13	sample14
23	40306442	M6578	0	0	0.1293	0	0	0	0	0.1074	0	0	0.2454	0	0.1641	0.4176	0
23	33287396	M6638	0	0	0	0	0	0.2229	0	0	0	0	0	0	0	0	0
19	11972316	M6569	0	0	0	0	0	0	0	0	0.0154	0	0	0.0075	0	0	0.1145
9	16848738	M6615	0	0	0.2127	0	0	0	0	0	0.2218	0	0	0	0	0	0
13	90097044	M6876	0	0	0	0	0	0	0	0	0	0	0.0971	0	0	0	0
11	128250741	M6575	0	0.2306	0	0	0	0	0.4015	0	0	0.0981	0	0	0	0	0
13	90007282	M6889	0	0	0.2127	0	0	0	0	0	0.2218	0	0	0	0	0	0
20	58826566	M6634	0	0	0	0	0	0	0	0	0.0154	0	0	0.0075	0	0	0.1145
7	48657520	M6931	0	0	0	0	0	0	0	0	0	0.1336	0	0	0	0	0
10	69447009	M6829	0	0	0	0	0	0	0	0	0	0.1703	0	0	0	0	0
7	86791512	M6604	0	0	0	0	0	0.2229	0	0	0	0	0	0	0	0	0
16	40554236	M6696	0	0.2657	0	0	0	0	0	0	0	0	0	0	0	0	0
15	106659029	M6650	0	0	0.1293	0	0	0	0	0	0	0	0.1086	0	0.1641	0	0
12	83845372	M6592	0	0	0	0	0.2192	0	0	0	0	0	0	0.4897	0.2565	0	0
15	17779726	M6558	0	0.2657	0.3126	0.4164	0.1911	0.4738	0	0	0.2371	0.3656	0.1921	0.0075	0	0	0.1145
16	34065603	M6576	0	0	0.1293	0	0	0	0	0.1074	0	0	0.2454	0	0.1641	0.4176	0
18	47905881	M6710	0	0	0	0	0.1798	0	0	0	0	0	0	0	0	0	0
9	118826196	M6855	0	0	0	0	0	0	0	0	0	0	0	0	0	0	0.1061
13	7289581	M6573	0	0	0.3126	0.4164	0	0.2229	0	0	0.2218	0.3656	0	0	0	0	0
17	50776575	M6656	0	0	0	0	0	0.2509	0	0	0	0	0	0	0	0	0
18	77850784	M6914	0	0	0	0	0	0	0	0	0	0	0.1921	0	0	0	0
1	129199420	M6935	0	0	0.2127	0	0	0	0	0	0.2218	0	0	0	0	0	0
14	75731284	M6755	0	0	0	0	0	0	0	0	0	0	0	0.0075	0	0	0.1145
7	35551511	M6601	0	0	0	0	0	0	0	0	0.0154	0	0	0.0075	0	0	0.1145
1	54714039	M6776	0	0	0	0	0	0	0	0	0	0.1173	0	0	0	0	0
17	10004772	M6731	0	0	0	0	0.1911	0	0	0	0	0	0	0	0	0	0
16	61624466	M6619	0	0	0	0	0	0.2229	0	0	0	0	0	0	0	0	0
11	128109801	M6730	0	0	0	0	0	0	0	0	0.1384	0	0	0	0	0	0
13	761660	M6793	0	0	0	0	0	0	0	0	0	0	0	0	0	0	0.1145
19	21934965	M6618	0	0	0	0	0	0	0	0	0.0853	0	0	0	0	0	0
3	121930661	M6559	0	0	0	0	0	0	0	0	0	0	0	0	0	0	0.0777
17	17005384	M6917	0	0	0.1293	0	0	0	0	0	0	0	0	0	0	0	0
4	73832267	M6700	0	0	0	0	0	0	0	0	0	0	0.1921	0	0	0	0
13	98187261	M6567	0	0	0.1293	0	0	0	0	0.4953	0	0	0.2193	0	0.1641	0.2946	0.1915
3	22870396	M6645	0	0	0	0	0	0	0	0	0	0	0	0	0	0	0.0777
18	52727057	M6582	0	0	0	0	0	0	0	0	0.0141	0	0	0.0075	0	0	0.1145
2	24291111	M6633	0	0	0	0	0	0	0	0	0	0	0	0	0	0	0.1915
17	21940514	M6648	0	0	0	0	0.2192	0	0	0	0	0	0	0.4897	0	0	0
2	73609924	M6583	0	0	0.3126	0.4164	0	0	0	0	0.1897	0.3656	0	0	0	0	0
10	3791925	M6662	0	0	0	0	0	0	0	0	0	0	0	0	0	0	0.1061
9	125552668	M6625	0	0.2657	0	0	0	0	0	0	0	0	0	0	0	0	0
1	96192340	M6896	0	0	0	0	0	0	0	0	0	0	0	0	0	0	0.0777
15	66131213	M6865	0	0.2657	0	0	0	0	0	0	0	0	0	0	0	0	0
14	4431104	M6764	0	0	0	0	0	0	0	0	0	0	0.1921	0	0	0	0
11	122485080	M6587	0	0	0	0	0	0	0	0	0	0	0	0	0	0	0.0777
15	22292400	M6621	0	0	0	0	0	0	0	0	0	0.1173	0	0	0	0	0
18	70527683	M6734	0	0	0	0	0	0	0	0	0	0	0	0	0	0	0.1915
13	71574039	M6801	0	0	0	0	0	0	0	0	0	0	0.1222	0	0	0.2946	0
10	110880861	M6564	0	0.2099	0.3126	0.4164	0.1911	0.4738	0	0	0.2371	0.3656	0.1921	0.0075	0	0	0.1145
22	8323753	M6868	0	0	0	0.4164	0	0	0	0	0	0.1336	0	0	0	0	0
6	75619904	M6599	0	0	0	0	0	0	0	0	0	0	0	0	0	0	0.1915
12	100227998	M6682	0	0	0	0	0	0.2509	0	0	0	0	0	0	0	0	0
7	76396297	M6572	0	0.2306	0	0	0	0	0.4015	0	0	0.1173	0	0	0	0	0
20	9824435	M6668	0	0	0	0	0	0.2229	0	0	0	0	0	0	0	0	0
16	26706793	M6629	0	0	0	0	0	0.2509	0	0	0	0	0	0	0	0	0
1	128863632	M6630	0	0	0	0	0	0	0	0.388	0	0	0	0	0	0	0
7	132766895	M6616	0	0	0	0	0	0	0	0.1074	0	0	0	0	0	0	0
12	94245061	M6834	0	0	0.2127	0	0	0	0	0	0.2218	0	0	0	0	0	0
5	6885015	M6920	0	0	0	0	0.2192	0	0	0	0	0	0	0	0	0	0
14	31177444	M6628	0	0.2306	0	0	0	0	0	0	0	0	0	0	0	0	0
19	7587074	M6778	0	0	0.1293	0	0	0	0	0	0	0	0.1086	0	0.1641	0	0
18	15387894	M6812	0	0	0.0999	0	0	0	0	0	0	0	0	0	0	0	0
20	11322023	M6605	0	0	0	0	0	0	0	0	0	0	0	0	0	0	0.0777
2	202640095	M6659	0	0	0	0	0	0	0	0	0	0	0	0.4897	0	0	0
1	145435418	M6632	0	0	0	0	0.2192	0	0	0	0	0	0	0.4897	0	0	0
13	103174578	M6736	0	0	0	0	0	0	0	0	0	0	0	0.4897	0	0	0
6	109814411	M6806	0	0	0	0	0	0	0	0	0	0	0	0	0	0	0.1061
16	76215644	M6777	0	0	0	0	0	0	0	0	0.0154	0	0	0	0	0	0
17	85729386	M6679	0	0	0	0	0	0	0	0.1074	0	0	0	0	0	0	0
1	137112596	M6560	0	0.2657	0.3126	0.4164	0.1911	0.4738	0	0	0.2371	0.3656	0.1921	0.0075	0	0	0.1145
22	16558229	M6770	0	0	0	0	0	0	0	0	0	0	0	0	0	0	0.1915
4	144262994	M6651	0	0	0.2127	0	0	0	0	0	0.2044	0	0	0	0	0	0
10	42869838	M6606	0	0	0.1293	0	0	0	0	0	0	0	0.2454	0	0.1641	0.4176	0
