#chrom	pos	desc	normal	sample1	sample2	sample3	sample4	sample5	sample6	sample7	sample8	sample9	sample10	sample11	sample12	sample13	sample14
23	40306442	M6578	0	0	0.155	0	0	0	0	0.109	0	0.001	0.256	0.001	0.163	0.425	0
23	33287396	M6638	0	0	0.002	0.001	0	0.232	0	0	0	0.001	0	0.001	0.001	0	0
19	11972316	M6569	0	0	0	0.001	0	0	0	0	0.018	0	0	0.01	0	0.001	0.12
9	16848738	M6615	0	0	0.192	0	0.001	0	0.002	0	0.217	0	0	0	0	0	0
13	90097044	M6876	0	0.001	0	0	0	0.001	0	0	0	0	0.089	0.001	0.002	0	0
11	128250741	M6575	0	0.207	0	0	0	0.001	0.42	0	0.001	0.114	0.001	0.001	0	0.001	0
13	90007282	M6889	0	0	0.225	0.001	0	0	0	0.002	0.234	0	0	0.002	0	0.001	0
20	58826566	M6634	0	0.001	0	0	0	0	0.001	0.002	0.017	0	0	0.009	0.001	0	0.122
7	48657520	M6931	0	0.001	0.001	0	0.001	0	0	0	0	0.13	0.001	0	0	0.001	0.002
10	69447009	M6829	0	0.002	0.002	0.001	0.001	0	0	0	0	0.175	0	0	0	0	0
7	86791512	M6604	0	0	0	0	0	0.241	0	0.001	0	0	0	0.001	0	0.001	0
16	40554236	M6696	0	0.25	0.001	0.002	0	0	0	0	0	0.001	0	0.001	0.001	0	0
15	106659029	M6650	0	0	0.127	0	0.001	0	0	0	0	0.001	0.089	0	0.147	0.001	0.001
12	83845372	M6592	0	0.001	0	0.002	0.2	0	0.001	0	0	0	0.001	0.473	0.258	0.001	0
15	17779726	M6558	0	0.242	0.294	0.431	0.197	0.461	0	0	0.236	0.364	0.195	0.01	0.001	0	0.111
16	34065603	M6576	0	0	0.138	0.001	0	0	0.001	0.108	0	0.001	0.257	0	0.158	0.437	0
18	47905881	M6710	0	0	0	0	0.169	0	0	0	0	0.001	0	0	0	0	0
9	118826196	M6855	0	0.001	0	0	0	0	0.001	0.001	0.002	0	0	0.001	0	0	0.129
13	7289581	M6573	0	0	0.316	0.405	0	0.233	0.001	0	0.221	0.369	0	0.001	0	0	0.001
17	50776575	M6656	0	0.001	0	0	0	0.278	0	0.001	0	0.001	0	0.001	0	0	0
18	77850784	M6914	0	0	0.001	0.001	0	0.001	0.001	0	0.001	0.001	0.174	0	0	0	0
1	129199420	M6935	0	0.001	0.214	0	0	0	0	0	0.203	0	0	0	0	0	0
14	75731284	M6755	0	0	0	0	0	0.001	0	0.002	0.001	0	0	0.007	0.002	0	0.098
7	35551511	M6601	0	0.001	0.002	0	0	0.001	0	0	0.011	0	0	0.013	0	0	0.134
1	54714039	M6776	0	0.001	0	0	0	0	0	0.001	0.001	0.128	0	0	0	0	0
17	10004772	M6731	0	0	0	0	0.182	0	0.001	0	0	0	0	0	0	0.001	0
16	61624466	M6619	0	0	0	0	0	0.214	0.001	0	0	0	0	0	0	0	0
11	128109801	M6730	0	0	0.002	0	0.001	0	0	0	0.124	0	0	0	0	0	0.001
13	761660	M6793	0	0	0	0	0	0	0.001	0	0	0.001	0	0.001	0	0.001	0.112
19	21934965	M6618	0	0.001	0	0	0	0.001	0	0.001	0.089	0	0	0.001	0	0	0
3	121930661	M6559	0	0	0	0.002	0	0	0	0.001	0	0.001	0	0.001	0	0.001	0.081
17	17005384	M6917	0	0	0.146	0	0	0.001	0	0	0.002	0	0	0.001	0.002	0	0
4	73832267	M6700	0	0	0	0.001	0	0	0	0	0.001	0.002	0.168	0	0.001	0	0
13	98187261	M6567	0	0.001	0.109	0.001	0.001	0	0.001	0.488	0	0.002	0.219	0	0.152	0.297	0.187
3	22870396	M6645	0	0.002	0	0	0	0	0	0.001	0.001	0	0	0	0	0	0.09
18	52727057	M6582	0	0	0.001	0.001	0.001	0	0.001	0.001	0.02	0	0	0.006	0.001	0	0.121
2	24291111	M6633	0	0	0	0.002	0.001	0.001	0	0	0.001	0	0	0	0	0.001	0.179
17	21940514	M6648	0	0	0	0.001	0.201	0	0.001	0.002	0.001	0.001	0	0.505	0	0	0
2	73609924	M6583	0	0.001	0.307	0.43	0	0.001	0	0.001	0.201	0.39	0	0.001	0	0.001	0
10	3791925	M6662	0	0	0	0	0	0	0	0	0.001	0.001	0	0	0	0	0.111
9	125552668	M6625	0	0.236	0	0.001	0.001	0	0.001	0	0	0.001	0.001	0.001	0	0.001	0
1	96192340	M6896	0	0	0	0.001	0	0.001	0	0.001	0	0	0	0	0	0	0.089
15	66131213	M6865	0	0.289	0	0	0	0	0.001	0.002	0	0	0	0	0	0	0
14	4431104	M6764	0	0	0.001	0	0	0	0	0	0	0	0.168	0	0	0.001	0
11	122485080	M6587	0	0.001	0	0	0	0	0	0	0	0	0	0	0.001	0	0.085
15	22292400	M6621	0	0	0.001	0	0.001	0.001	0	0	0	0.121	0	0.001	0	0	0
18	70527683	M6734	0	0	0	0	0.001	0	0.001	0	0.001	0.002	0	0	0	0	0.179
13	71574039	M6801	0	0.002	0	0.002	0	0	0	0	0	0	0.128	0	0	0.309	0.002
10	110880861	M6564	0	0.2	0.31	0.408	0.188	0.472	0	0	0.243	0.345	0.173	0.012	0	0	0.134
22	8323753	M6868	0	0.001	0	0.415	0	0	0	0	0	0.138	0	0	0	0	0
6	75619904	M6599	0	0.001	0.001	0.001	0	0.001	0.001	0	0.001	0.001	0	0	0	0	0.191
12	100227998	M6682	0	0	0	0.001	0.001	0.245	0	0	0	0	0	0	0.001	0	0.001
7	76396297	M6572	0	0.221	0.001	0	0.001	0	0.416	0	0	0.118	0	0.001	0	0	0.001
20	9824435	M6668	0	0	0	0	0	0.231	0.002	0	0	0	0	0	0.002	0.001	0.001
16	26706793	M6629	0	0	0	0	0	0.26	0.002	0	0	0.001	0	0	0	0.001	0
1	128863632	M6630	0	0	0	0	0	0	0.001	0.371	0	0	0	0	0.001	0	0.001
7	132766895	M6616	0	0.002	0	0	0	0	0	0.116	0	0	0	0	0	0	0
12	94245061	M6834	0	0.001	0.212	0	0	0	0	0	0.232	0	0.001	0	0.001	0	0
5	6885015	M6920	0	0	0	0.001	0.218	0	0	0.001	0.001	0	0	0	0	0.002	0
14	31177444	M6628	0	0.249	0	0	0	0	0	0	0	0	0	0	0	0	0.001
19	7587074	M6778	0	0	0.136	0.001	0.001	0	0	0.001	0.001	0.001	0.09	0	0.161	0	0
18	15387894	M6812	0	0	0.106	0.001	0.001	0	0.001	0	0	0.001	0	0.001	0	0.001	0
20	11322023	M6605	0	0	0.001	0	0	0	0	0	0	0.001	0	0	0.001	0.001	0.078
2	202640095	M6659	0	0	0	0	0.002	0	0	0.001	0	0	0	0.473	0	0	0.002
1	145435418	M6632	0	0	0	0	0.22	0.001	0	0.001	0	0	0	0.487	0	0.001	0
13	103174578	M6736	0	0.001	0	0.001	0	0.001	0.003	0.001	0.001	0.001	0.001	0.469	0	0	0
6	109814411	M6806	0	0	0	0	0	0	0	0	0	0	0.001	0	0	0.001	0.125
16	76215644	M6777	0	0	0.001	0	0.001	0	0	0	0.014	0	0	0.002	0.002	0	0.002
17	85729386	M6679	0	0	0	0	0.002	0	0.001	0.126	0	0	0	0	0.001	0.001	0
1	137112596	M6560	0	0.254	0.324	0.436	0.195	0.461	0.001	0.001	0.229	0.346	0.197	0.007	0.002	0	0.101
22	16558229	M6770	0	0	0	0	0	0	0	0	0	0.001	0	0.002	0	0	0.176
4	144262994	M6651	0	0	0.213	0.001	0	0.001	0	0.002	0.225	0.001	0	0.001	0.001	0.001	0
10	42869838	M6606	0	0	0.135	0.001	0	0	0.001	0	0.002	0	0.239	0	0.179	0.402	0
