#chrom	pos	desc	normal	sample1	sample2	sample3	sample4	sample5	sample6	sample7	sample8	sample9
7	144470207	M1695	0	0.02	0.1303	0.4056	0.4554	0.0003	0.4587	0.3899	0.3873	0.3555
9	83924846	M1706	0	0.3767	0.2929	0.0003	0.0004	0.4837	0.0002	0.0701	0.1099	0.1496
11	24044569	M1707	0	0.0001	0.0005	0.0004	0.0004	0.0003	0.4591	0.0002	0.2084	0.0007
8	132446694	M1693	0	0.3999	0.4224	0.401	0.4541	0.4835	0.4631	0.4508	0.4961	0.4931
8	129366957	M1713	0	0.0229	0.0003	0.4067	0.056	0.0008	0.0001	0.0003	0.0183	0.0004
17	46178459	M1710	0	0.0005	0.0003	0.0001	0.0003	0.0001	0.0005	0.0001	0.0005	0.0709
5	133964458	M1694	0	0.406	0.4315	0.4011	0.4498	0.4831	0.4569	0.4499	0.499	0.5023
21	52457377	M1704	0	0.0004	0.0001	0.0001	0.0001	0.0004	0.4568	0.2713	0.3741	0.2167
16	29157719	M1709	0	0.0002	0.0005	0.0002	0.0006	0.0002	0.0002	0.1822	0.0003	0.2182
6	76024602	M1708	0	0.0006	0.1234	0.0003	0.3919	0.0004	0.0004	0.0007	0.0004	0.0006
17	19425357	M1714	0	0.3744	0.2915	0.0006	0.0002	0.0005	0.0002	0.0004	0.0004	0.0005
18	71405804	M1701	0	0.0233	0.1328	0.4089	0.4424	0.0005	0.4655	0.383	0.3926	0.3471
