#chrom	pos	desc	normal	sample1	sample2	sample3	sample4	sample5	sample6	sample7	sample8	sample9	sample10	sample11	sample12	sample13	sample14
7	144470207	M1695	0	0.3228	0.1278	0.2327	0.4601	0.2724	0.0001	0	0.5007	0.0002	0.4947	0.0003	0.3745	0.0003	0.501
9	83924846	M1706	0	0.0002	0.0004	0.1853	0.0003	0.1509	0.4125	0.4368	0.0004	0.4097	0.0003	0.0001	0.0884	0.4559	0.0005
11	24044569	M1707	0	0.0003	0.0004	0.0002	0.2013	0.0006	0.0004	0.0006	0.0003	0.0003	0.0002	0.0002	0.1917	0	0.0003
8	132446694	M1693	0	0.3207	0.1197	0.4124	0.4621	0.4243	0.4254	0.4323	0.5013	0.4021	0.498	0.0001	0.4523	0.4643	0.4941
8	129366957	M1713	0	0.0282	0.1239	0.0005	0.0003	0.022	0.0004	0.0003	0.0003	0.0004	0.0004	0.0004	0.0162	0.0001	0.02
17	46178459	M1710	0	0.0004	0.0002	0.1811	0.0003	0.0004	0.0814	0.4383	0.0004	0.0005	0.0003	0.0001	0.0883	0.0003	0.0005
5	133964458	M1694	0	0.3211	0.1298	0.4065	0.4623	0.4276	0.4128	0.4497	0.4967	0.4017	0.4971	0.0005	0.4658	0.4659	0.4998
21	52457377	M1704	0	0.2939	0.0003	0.0008	0.3484	0.0001	0.0001	0.0004	0.2729	0.0006	0.4946	0.0006	0.1922	0	0.3393
16	29157719	M1709	0	0.0005	0.0004	0.0003	0.0003	0.0003	0.0005	0.0004	0.0003	0.0002	0.5056	0.0005	0.0005	0.0004	0.3402
6	76024602	M1708	0	0.0002	0.0003	0.2311	0.1142	0.0003	0.0003	0.0004	0.2145	0.0006	0.0005	0.0003	0.0003	0.0003	0.1359
17	19425357	M1714	0	0.0004	0.0003	0.0006	0.0003	0.0002	0.2376	0.0001	0	0.0004	0.0003	0.0005	0.0003	0.4664	0.0001
18	71405804	M1701	0	0.3325	0.1214	0.2226	0.4647	0.2798	0.0004	0.0006	0.4947	0.0003	0.4997	0.0002	0.3762	0.0002	0.4921
