#chrom	pos	desc	normal	sample1	sample2	sample3	sample4	sample5	sample6	sample7	sample8	sample9
7	144470207	M1695	0	0.0234	0.1285	0.4068	0.4515	0	0.458	0.3862	0.3868	0.3506
9	83924846	M1706	0	0.379	0.2972	0	0	0.4838	0	0.0664	0.1096	0.1473
11	24044569	M1707	0	0	0	0	0	0	0.458	0	0.2108	0
8	132446694	M1693	0	0.4025	0.4257	0.4068	0.4515	0.4838	0.458	0.4526	0.4964	0.4979
8	129366957	M1713	0	0.0234	0	0.4068	0.0563	0	0	0	0.0172	0
17	46178459	M1710	0	0	0	0	0	0	0	0	0	0.0677
5	133964458	M1694	0	0.4025	0.4257	0.4068	0.4515	0.4838	0.458	0.4526	0.4964	0.4979
21	52457377	M1704	0	0	0	0	0	0	0.458	0.2712	0.3696	0.2143
16	29157719	M1709	0	0	0	0	0	0	0	0.178	0	0.2143
6	76024602	M1708	0	0	0.1285	0	0.3952	0	0	0	0	0
17	19425357	M1714	0	0.379	0.2972	0	0	0	0	0	0	0
18	71405804	M1701	0	0.0234	0.1285	0.4068	0.4515	0	0.458	0.3862	0.3868	0.3506
