#chrom	pos	desc	normal	sample1	sample2	sample3	sample4	sample5	sample6	sample7	sample8	sample9
2	219585881	M553	0	0	0.001	0	0.238	0.001	0	0	0	0.002
7	81708021	M588	0	0.001	0	0	0	0.098	0.001	0.001	0	0
15	73704911	M555	0	0.01	0	0.001	0	0.001	0.001	0	0.001	0
4	71883336	M545	0	0	0	0	0	0	0.002	0	0	0.398
7	13048154	M480	0	0.215	0.425	0.001	0.214	0.287	0	0	0	0.391
9	38391415	M526	0	0	0	0	0.001	0	0.474	0.001	0	0
16	33542213	M584	0	0	0	0	0.001	0	0.001	0.39	0	0
8	34079465	M483	0	0.231	0.001	0.425	0	0.097	0.001	0.434	0	0
21	54108323	M489	0	0.231	0	0.464	0	0.095	0.002	0	0	0.001
2	233980182	M497	0	0.218	0	0	0	0.102	0.002	0.001	0	0
15	72776648	M548	0	0	0.001	0	0	0	0.019	0	0	0
7	118564978	M493	0	0.001	0	0	0.002	0	0	0.43	0	0
4	18714757	M567	0	0	0.446	0	0	0	0	0	0	0
16	7030349	M559	0	0	0.001	0.464	0	0	0	0	0	0
21	31078223	M518	0	0.157	0.427	0	0	0	0	0.001	0	0.002
21	26797271	M565	0	0	0	0	0	0	0.002	0.42	0.001	0
12	32654104	M479	0	0.25	0.074	0.442	0.21	0.083	0.445	0.415	0.403	0.002
1	71068788	M481	0	0.232	0.065	0.492	0.235	0.099	0.449	0.414	0.421	0
12	73351731	M513	0	0	0	0	0	0	0.017	0	0	0
22	47268241	M491	0	0	0	0.002	0	0.001	0.001	0.425	0.002	0
13	93929970	M531	0	0.001	0.001	0.458	0.001	0	0.002	0	0.001	0
12	72133306	M573	0	0.001	0	0	0.243	0	0	0	0	0.001
23	25321988	M530	0	0	0	0.002	0.215	0	0	0	0	0.002
4	164477145	M589	0	0	0	0.001	0	0.067	0.001	0	0.001	0.001
19	26132658	M504	0	0	0	0	0.001	0	0.001	0	0.447	0.003
13	76308023	M486	0	0.005	0	0	0	0.072	0	0	0.001	0.001
13	31079088	M496	0	0.003	0	0	0	0.001	0.001	0	0.433	0
17	27868080	M503	0	0	0.06	0	0.229	0	0.478	0	0	0
5	128105081	M502	0	0.195	0.427	0	0	0.297	0.001	0	0	0.42
22	44543339	M515	0	0.007	0	0.001	0.001	0.056	0.001	0	0.001	0
11	75949498	M484	0	0	0	0	0.001	0.001	0.002	0	0.424	0.001
