#chrom	pos	desc	normal	sample1	sample2	sample3	sample4	sample5	sample6	sample7	sample8	sample9
2	219585881	M553	0	0	0	0	0.2288	0	0	0	0	0
7	81708021	M588	0	0	0	0	0	0.0997	0	0	0	0
15	73704911	M555	0	0.0081	0	0	0	0	0	0	0	0
4	71883336	M545	0	0	0	0	0	0	0	0	0	0.4241
7	13048154	M480	0	0.1815	0.4316	0	0.2097	0.3061	0	0	0	0.4241
9	38391415	M526	0	0	0	0	0	0	0.4745	0	0	0
16	33542213	M584	0	0	0	0	0	0	0	0.4226	0	0
8	34079465	M483	0	0.234	0	0.4594	0	0.0997	0	0.4226	0	0
21	54108323	M489	0	0.234	0	0.4594	0	0.0997	0	0	0	0
2	233980182	M497	0	0.234	0	0	0	0.0997	0	0	0	0
15	72776648	M548	0	0	0	0	0	0	0.0164	0	0	0
7	118564978	M493	0	0	0	0	0	0	0	0.4226	0	0
4	18714757	M567	0	0	0.4316	0	0	0	0	0	0	0
16	7030349	M559	0	0	0	0.4594	0	0	0	0	0	0
21	31078223	M518	0	0.1815	0.4316	0	0	0	0	0	0	0
21	26797271	M565	0	0	0	0	0	0	0	0.4226	0	0
12	32654104	M479	0	0.234	0.063	0.4594	0.2288	0.0997	0.4745	0.4226	0.4273	0
1	71068788	M481	0	0.234	0.063	0.4594	0.2288	0.0997	0.4745	0.4226	0.4273	0
12	73351731	M513	0	0	0	0	0	0	0.0164	0	0	0
22	47268241	M491	0	0	0	0	0	0	0	0.4226	0	0
13	93929970	M531	0	0	0	0.4594	0	0	0	0	0	0
12	72133306	M573	0	0	0	0	0.2288	0	0	0	0	0
23	25321988	M530	0	0	0	0	0.2097	0	0	0	0	0
4	164477145	M589	0	0	0	0	0	0.0698	0	0	0	0
19	26132658	M504	0	0	0	0	0	0	0	0	0.4273	0
13	76308023	M486	0	0.0081	0	0	0	0.0698	0	0	0	0
13	31079088	M496	0	0	0	0	0	0	0	0	0.4273	0
17	27868080	M503	0	0	0.063	0	0.2288	0	0.4745	0	0	0
5	128105081	M502	0	0.1815	0.4316	0	0	0.3061	0	0	0	0.4241
22	44543339	M515	0	0.0081	0	0	0	0.0698	0	0	0	0
11	75949498	M484	0	0	0	0	0	0	0	0	0.4273	0
