#chrom	pos	desc	normal	sample1	sample2	sample3	sample4	sample5	sample6	sample7	sample8	sample9
20	1816759	M1028	0	0	0	0.001	0	0	0	0	0.146	0.001
18	66340059	M1105	0	0.001	0	0.283	0.001	0	0	0.001	0.001	0
10	91031831	M1023	0	0.001	0	0	0	0	0.245	0.158	0	0.001
23	9100323	M1024	0	0.001	0	0.001	0	0	0.001	0	0.106	0
4	113559067	M1057	0	0	0	0	0.413	0.002	0	0	0	0
8	29430376	M1011	0	0	0.001	0	0.43	0.001	0.001	0	0	0.135
2	71103008	M1108	0	0	0.001	0	0.001	0.068	0	0	0	0.001
3	106119265	M981	0	0.204	0.001	0	0	0	0	0	0	0
15	96962517	M1005	0	0	0.037	0.001	0	0	0	0.001	0	0
14	50531513	M991	0	0	0	0.32	0	0	0	0.271	0.001	0
1	72324487	M985	0	0	0.001	0.001	0	0	0.243	0.042	0.135	0.118
15	77614884	M1063	0	0.003	0	0	0	0	0	0	0.129	0
4	100898408	M1099	0	0	0	0	0	0	0	0	0.043	0
15	106686032	M979	0	0.514	0.061	0.313	0	0.243	0.25	0.3	0.434	0.125
14	6151946	M999	0	0	0	0	0.001	0	0.001	0	0.002	0.209
11	78631453	M984	0	0.126	0.001	0.316	0	0.067	0	0.271	0.257	0
14	2212092	M1020	0	0	0	0.001	0.001	0	0	0	0	0.213
4	134938426	M1008	0	0	0.238	0	0	0	0.001	0	0.001	0
12	65674675	M1054	0	0.122	0	0.001	0.001	0.062	0	0	0.001	0
20	51622516	M990	0	0	0	0.001	0	0	0.242	0.049	0	0.121
5	1047743	M1040	0	0	0	0	0	0.001	0	0.158	0	0.001
1	134686052	M1067	0	0	0	0	0	0	0	0	0.201	0
10	121831062	M1083	0	0.002	0.002	0	0	0.068	0	0	0	0
21	18794854	M1062	0	0	0	0.001	0	0	0	0	0.104	0
3	191370742	M997	0	0.197	0	0	0	0	0	0.001	0	0
3	134632909	M1041	0	0.001	0	0	0	0	0.221	0	0	0
1	114944735	M1044	0	0.002	0	0	0	0	0	0.001	0.053	0
9	91108308	M1016	0	0	0.224	0	0.001	0	0	0	0	0
4	9099492	M1007	0	0	0.001	0	0	0	0	0	0.193	0
2	216939047	M983	0	0	0.244	0	0	0	0.232	0.178	0	0.206
3	197918131	M1009	0	0	0.002	0	0.001	0	0	0	0.151	0.001
2	130850679	M1070	0	0	0	0	0	0.255	0	0	0	0.001
21	24566584	M1017	0	0	0.001	0	0	0	0	0.051	0	0.001
17	74905798	M1033	0	0	0.001	0.317	0	0	0.001	0.282	0	0
3	10070256	M1029	0	0	0.001	0	0	0.259	0	0	0.001	0
19	18744305	M994	0	0.12	0	0	0	0.064	0	0	0.206	0
17	31783946	M1092	0	0.001	0.001	0.001	0	0.157	0	0	0.001	0.001
17	21138600	M1012	0	0	0.001	0	0.002	0.169	0	0	0	0
3	71175020	M1065	0	0	0	0.321	0	0	0	0.284	0	0
13	110533845	M1072	0	0	0.054	0	0	0.002	0	0	0	0
11	60519556	M1010	0	0	0.15	0.112	0	0.242	0.002	0	0	0
19	12585242	M1086	0	0	0.001	0	0	0	0	0.277	0	0
10	29840649	M1056	0	0.002	0.148	0.115	0.001	0	0	0.002	0	0
9	32114028	M992	0	0.002	0	0.001	0.001	0	0.232	0.056	0	0.001
13	63568320	M1042	0	0	0	0.001	0	0.231	0	0	0	0
4	51781135	M1091	0	0	0.001	0	0.001	0	0.001	0.002	0.002	0.134
9	12889618	M996	0	0	0	0	0.027	0	0	0.001	0	0.001
20	13920502	M1084	0	0.001	0	0.104	0	0	0	0.001	0	0
13	41414098	M1001	0	0.001	0.154	0.108	0.001	0.215	0.001	0	0	0
3	33282506	M980	0	0.001	0.383	0.11	0.001	0.22	0.228	0.171	0.049	0.206
15	40889764	M982	0	0	0.047	0	0	0.171	0.237	0.05	0.14	0.109
10	83864019	M1038	0	0.001	0	0.001	0	0	0	0	0.187	0.001
21	56524146	M1051	0	0.001	0	0.001	0.001	0.223	0	0	0.001	0.002
