#chrom	pos	desc	normal	sample1	sample2	sample3	sample4	sample5	sample6	sample7	sample8	sample9
5	89167202	M6619	0	0	0	0	0	0	0	0.001	0.342	0
1	144988650	M6307	0	0	0.001	0.073	0.001	0	0.242	0.386	0.354	0.418
7	43903015	M5880	0	0.156	0.002	0	0	0	0	0	0.001	0.001
9	32875183	M6388	0	0	0	0.089	0	0.001	0.194	0.371	0.368	0.401
8	124320826	M5955	0	0	0.115	0	0	0.205	0	0.001	0	0.001
1	137765938	M5950	0	0.158	0.002	0	0.001	0	0	0	0	0
10	134897003	M6644	0	0.149	0.001	0	0	0	0	0	0.002	0
17	86963004	M6640	0	0	0.008	0.006	0	0	0	0.001	0	0
12	131433778	M6334	0	0.155	0	0	0.002	0	0	0	0	0
11	47578463	M6164	0	0	0.16	0.015	0.001	0.255	0	0	0	0
14	96640075	M6631	0	0.002	0.002	0	0	0	0.001	0	0.001	0.401
21	5612372	M6294	0	0.096	0	0	0.001	0	0	0	0.001	0
20	31079864	M6532	0	0	0.119	0.001	0	0	0.001	0	0	0
7	59235731	M5760	0	0.444	0.471	0.486	0.092	0.465	0.431	0.377	0.514	0.38
11	26618222	M5764	0	0.445	0.482	0.513	0.081	0.43	0.435	0.348	0.485	0.412
8	88653721	M6595	0	0	0	0.084	0	0.002	0.001	0	0	0.404
3	56506844	M6025	0	0	0.124	0	0	0.214	0	0	0	0.001
15	67586220	M6238	0	0.001	0.151	0	0	0.202	0	0.001	0	0
3	193553159	M6711	0	0.001	0	0.177	0	0.001	0	0.001	0	0
17	71638900	M6597	0	0	0.106	0.001	0	0.134	0	0	0	0
14	97842647	M5787	0	0.459	0.45	0.477	0.081	0.467	0.426	0.366	0.516	0.377
17	80291697	M6448	0	0.001	0.001	0	0.001	0	0.164	0.249	0	0
7	93291148	M5863	0	0.459	0.462	0.486	0.073	0.438	0.431	0.37	0.476	0.422
19	43471749	M6615	0	0.16	0	0	0	0	0	0.001	0	0
6	51994802	M5781	0	0.429	0.46	0.495	0.079	0.44	0.417	0.364	0.504	0.418
6	157643427	M6386	0	0	0.168	0	0	0.267	0	0	0	0
17	18294934	M5961	0	0	0.131	0.001	0	0.213	0	0.001	0	0
8	128907281	M6682	0	0	0	0	0	0	0.216	0	0	0
12	89119800	M6612	0	0	0.149	0	0	0	0	0.002	0	0.001
21	24770285	M6117	0	0	0.127	0.007	0.001	0.184	0.001	0	0	0
7	39578575	M6041	0	0.001	0.139	0	0	0.201	0	0.001	0	0
14	63949754	M6522	0	0	0.168	0	0	0.254	0.001	0	0.002	0
22	3166096	M6217	0	0.136	0	0	0	0	0	0	0	0
18	50118160	M6269	0	0	0.008	0.018	0	0	0	0.001	0	0
17	17535781	M6579	0	0	0.011	0.012	0	0.001	0	0	0	0
22	20280950	M6289	0	0.001	0.008	0.023	0	0	0	0.001	0	0
7	15939291	M6190	0	0.307	0	0.419	0.085	0	0	0.001	0.001	0
20	13712357	M6140	0	0.124	0.001	0.001	0.001	0.001	0	0	0.004	0.001
12	45869507	M6604	0	0	0.002	0.001	0.385	0.001	0	0.04	0	0
12	53168783	M6372	0	0.151	0	0.001	0	0	0.001	0	0	0.001
7	18591556	M6498	0	0	0.117	0	0	0.23	0	0	0	0.001
6	80138130	M6531	0	0.001	0.144	0	0	0.001	0	0.001	0	0
10	133308023	M5994	0	0.276	0.275	0.489	0.1	0.19	0.402	0.334	0.475	0.391
21	54383348	M6672	0	0.001	0	0.186	0.085	0	0	0.001	0	0.001
3	79379387	M6647	0	0	0	0	0	0	0	0	0	0.365
3	128294604	M6347	0	0.001	0.017	0.015	0	0	0.001	0.001	0	0
12	46278983	M6575	0	0	0	0.001	0.001	0	0.001	0.001	0.338	0.001
13	125869274	M6320	0	0.16	0	0	0.002	0.002	0.001	0.001	0.001	0
19	5306927	M5795	0	0.442	0.378	0.51	0.084	0.442	0.447	0.357	0.504	0.41
9	10322138	M5887	0	0	0.115	0	0	0.194	0.001	0	0	0
1	172704559	M5773	0	0.455	0.477	0.497	0.08	0.446	0.422	0.394	0.494	0.385
16	30271793	M6284	0	0.001	0	0.07	0	0	0.191	0.363	0.332	0.387
19	49843869	M6657	0	0	0	0	0	0	0.196	0.372	0	0
20	28682439	M6147	0	0	0.092	0	0	0.138	0	0	0	0
18	42061324	M6472	0	0.001	0	0.065	0	0.001	0	0	0.319	0.363
2	200772230	M6105	0	0.118	0	0	0.001	0	0	0	0	0.001
18	55459899	M6258	0	0	0.16	0.001	0.001	0.249	0	0	0.001	0
22	21683190	M6242	0	0	0.165	0.002	0	0	0.217	0	0.137	0
18	37367285	M5763	0	0.46	0.43	0.492	0.095	0.454	0.421	0.35	0.482	0.419
21	17133050	M6131	0	0.211	0.104	0.316	0.083	0	0.271	0.261	0.301	0.284
18	44886781	M6627	0	0	0.144	0.001	0.001	0	0.001	0	0.001	0
21	32854411	M6543	0	0.284	0.002	0.184	0.087	0	0.001	0	0	0.001
2	182516472	M6499	0	0.113	0	0	0.001	0.001	0	0	0.002	0
18	11140155	M6093	0	0	0.178	0.01	0	0.254	0	0	0.001	0
7	153806001	M6483	0	0	0.178	0	0.002	0	0.213	0	0.125	0
9	21948283	M6213	0	0	0.171	0.017	0	0.246	0	0	0	0
16	85617483	M6557	0	0	0.128	0.001	0	0	0	0	0	0.001
5	23669532	M6598	0	0.169	0	0	0	0	0	0	0.001	0
14	32198183	M5980	0	0.166	0.001	0	0	0	0	0	0.001	0.001
17	1034566	M5916	0	0	0.136	0	0.001	0.192	0	0.001	0	0
11	134780444	M6120	0	0.163	0	0.001	0	0	0	0	0	0
3	193724545	M6470	0	0	0.146	0	0	0.221	0	0	0	0
10	109289125	M5796	0	0.407	0.378	0.506	0.08	0.389	0.43	0.347	0.492	0.396
19	52042814	M6681	0	0	0.128	0	0	0.222	0.001	0	0	0
13	42105690	M6505	0	0	0.131	0	0	0	0.228	0	0.172	0
21	47299529	M6459	0	0	0	0	0	0	0.21	0.344	0.001	0
10	129130119	M6333	0	0	0	0.08	0	0.001	0.212	0.36	0.332	0.405
1	40428607	M6651	0	0	0	0	0	0.001	0.208	0	0.163	0
19	17871646	M5913	0	0.166	0	0	0.001	0.002	0.001	0	0	0.002
12	19374282	M6646	0	0	0.156	0.001	0	0	0	0	0	0
