#chrom	pos	desc	normal	sample1	sample2	sample3	sample4	sample5	sample6	sample7	sample8	sample9
5	89167202	M6619	0	0	0	0	0	0	0	0	0.3459	0
1	144988650	M6307	0	0	0	0.0737	0	0	0.2065	0.3673	0.3459	0.4037
7	43903015	M5880	0	0.1564	0	0	0	0	0	0	0	0
9	32875183	M6388	0	0	0	0.0737	0	0	0.2065	0.3673	0.3459	0.4037
8	124320826	M5955	0	0	0.1325	0	0	0.2039	0	0	0	0
1	137765938	M5950	0	0.1564	0	0	0	0	0	0	0	0
10	134897003	M6644	0	0.1564	0	0	0	0	0	0	0	0
17	86963004	M6640	0	0	0.0065	0.0098	0	0	0	0	0	0
12	131433778	M6334	0	0.1564	0	0	0	0	0	0	0	0
11	47578463	M6164	0	0	0.1618	0.0147	0	0.2505	0	0	0	0
14	96640075	M6631	0	0	0	0	0	0	0	0	0	0.4037
21	5612372	M6294	0	0.1085	0	0	0	0	0	0	0	0
20	31079864	M6532	0	0	0.1054	0	0	0	0	0	0	0
7	59235731	M5760	0	0.4413	0.4466	0.493	0.0883	0.4545	0.4316	0.3673	0.4907	0.4037
11	26618222	M5764	0	0.4413	0.4466	0.493	0.0883	0.4545	0.4316	0.3673	0.4907	0.4037
8	88653721	M6595	0	0	0	0.0737	0	0	0	0	0	0.4037
3	56506844	M6025	0	0	0.115	0	0	0.2039	0	0	0	0
15	67586220	M6238	0	0	0.1325	0	0	0.2039	0	0	0	0
3	193553159	M6711	0	0	0	0.1837	0	0	0	0	0	0
17	71638900	M6597	0	0	0.0916	0	0	0.1402	0	0	0	0
14	97842647	M5787	0	0.4413	0.4466	0.493	0.0883	0.4545	0.4316	0.3673	0.4907	0.4037
17	80291697	M6448	0	0	0	0	0	0	0.1442	0.2686	0	0
7	93291148	M5863	0	0.4413	0.4466	0.493	0.0883	0.4545	0.4316	0.3673	0.4907	0.4037
19	43471749	M6615	0	0.1564	0	0	0	0	0	0	0	0
6	51994802	M5781	0	0.4413	0.4466	0.493	0.0883	0.4545	0.4316	0.3673	0.4907	0.4037
6	157643427	M6386	0	0	0.1524	0	0	0.2505	0	0	0	0
17	18294934	M5961	0	0	0.1325	0	0	0.2039	0	0	0	0
8	128907281	M6682	0	0	0	0	0	0	0.2065	0	0	0
12	89119800	M6612	0	0	0.1345	0	0	0	0	0	0	0
21	24770285	M6117	0	0	0.1118	0.0098	0	0.1723	0	0	0	0
7	39578575	M6041	0	0	0.1325	0	0	0.2039	0	0	0	0
14	63949754	M6522	0	0	0.1524	0	0	0.2505	0	0	0	0
22	3166096	M6217	0	0.1564	0	0	0	0	0	0	0	0
18	50118160	M6269	0	0	0.0094	0.0147	0	0	0	0	0	0
17	17535781	M6579	0	0	0.0094	0.0147	0	0	0	0	0	0
22	20280950	M6289	0	0	0.0094	0.0147	0	0	0	0	0	0
7	15939291	M6190	0	0.2849	0	0.4047	0.0883	0	0	0	0	0
20	13712357	M6140	0	0.1085	0	0	0	0	0	0	0	0
12	45869507	M6604	0	0	0	0	0.3861	0	0	0.0436	0	0
12	53168783	M6372	0	0.1564	0	0	0	0	0	0	0	0
7	18591556	M6498	0	0	0.1325	0	0	0.2039	0	0	0	0
6	80138130	M6531	0	0	0.1523	0	0	0	0	0	0	0
10	133308023	M5994	0	0.2849	0.2773	0.493	0.0883	0.2081	0.4316	0.3673	0.4907	0.4037
21	54383348	M6672	0	0	0	0.1837	0.0883	0	0	0	0	0
3	79379387	M6647	0	0	0	0	0	0	0	0	0	0.4037
3	128294604	M6347	0	0	0.0094	0.0147	0	0	0	0	0	0
12	46278983	M6575	0	0	0	0	0	0	0	0	0.3459	0
13	125869274	M6320	0	0.1564	0	0	0	0	0	0	0	0
19	5306927	M5795	0	0.4413	0.4466	0.493	0.0883	0.4545	0.4316	0.3673	0.4907	0.4037
9	10322138	M5887	0	0	0.1325	0	0	0.2039	0	0	0	0
1	172704559	M5773	0	0.4413	0.4466	0.493	0.0883	0.4545	0.4316	0.3673	0.4907	0.4037
16	30271793	M6284	0	0	0	0.0737	0	0	0.2065	0.3673	0.3459	0.4037
19	49843869	M6657	0	0	0	0	0	0	0.2065	0.3673	0	0
20	28682439	M6147	0	0	0.0916	0	0	0.1402	0	0	0	0
18	42061324	M6472	0	0	0	0.0737	0	0	0	0	0.3459	0.4037
2	200772230	M6105	0	0.1218	0	0	0	0	0	0	0	0
18	55459899	M6258	0	0	0.1524	0	0	0.2505	0	0	0	0
22	21683190	M6242	0	0	0.1523	0	0	0	0.2251	0	0.1448	0
18	37367285	M5763	0	0.4413	0.4466	0.493	0.0883	0.4545	0.4316	0.3673	0.4907	0.4037
21	17133050	M6131	0	0.1977	0.1053	0.3204	0.0811	0	0.3015	0.2686	0.3292	0.2876
18	44886781	M6627	0	0	0.1524	0	0	0	0	0	0	0
21	32854411	M6543	0	0.2849	0	0.1837	0.0883	0	0	0	0	0
2	182516472	M6499	0	0.1218	0	0	0	0	0	0	0	0
18	11140155	M6093	0	0	0.1618	0.0147	0	0.2505	0	0	0	0
7	153806001	M6483	0	0	0.1523	0	0	0	0.2251	0	0.1448	0
9	21948283	M6213	0	0	0.1618	0.0147	0	0.2505	0	0	0	0
16	85617483	M6557	0	0	0.1159	0	0	0	0	0	0	0
5	23669532	M6598	0	0.1564	0	0	0	0	0	0	0	0
14	32198183	M5980	0	0.1564	0	0	0	0	0	0	0	0
17	1034566	M5916	0	0	0.1325	0	0	0.2039	0	0	0	0
11	134780444	M6120	0	0.1564	0	0	0	0	0	0	0	0
3	193724545	M6470	0	0	0.1325	0	0	0.2039	0	0	0	0
10	109289125	M5796	0	0.4413	0.3943	0.493	0.0883	0.3775	0.4316	0.3673	0.4907	0.4037
19	52042814	M6681	0	0	0.1325	0	0	0.2039	0	0	0	0
13	42105690	M6505	0	0	0.1523	0	0	0	0.2251	0	0.1448	0
21	47299529	M6459	0	0	0	0	0	0	0.2065	0.3673	0	0
10	129130119	M6333	0	0	0	0.0737	0	0	0.2065	0.3673	0.3459	0.4037
1	40428607	M6651	0	0	0	0	0	0	0.2251	0	0.1448	0
19	17871646	M5913	0	0.1564	0	0	0	0	0	0	0	0
12	19374282	M6646	0	0	0.1524	0	0	0	0	0	0	0
