#chrom	pos	desc	normal	sample1	sample2	sample3	sample4	sample5	sample6	sample7	sample8	sample9
8	140878828	M667	0	0	0.001	0	0.001	0.065	0	0.072	0.168	0
13	9634927	M707	0	0	0.13	0.002	0	0	0.002	0	0	0
23	18137602	M665	0	0.128	0	0.001	0.003	0.022	0	0.001	0.172	0.122
12	48480194	M789	0	0	0.12	0	0.002	0	0.001	0	0	0
13	84595048	M932	0	0.001	0.001	0	0	0	0.423	0	0	0
8	97261209	M819	0	0	0.002	0.447	0	0	0	0.001	0	0
18	23432103	M1017	0	0	0.001	0.437	0	0	0	0	0	0.001
13	32895599	M1065	0	0	0.184	0.001	0.001	0	0	0	0	0
8	82323240	M674	0	0	0.001	0	0	0.295	0	0	0	0.001
7	87166603	M923	0	0	0.001	0	0	0	0	0.127	0	0.002
20	9642489	M655	0	0.001	0	0.001	0	0.172	0	0	0	0
16	47152244	M878	0	0	0	0	0.001	0	0.445	0	0	0
16	45856091	M680	0	0	0.065	0.449	0.462	0	0	0.001	0	0
11	82512435	M689	0	0	0.017	0	0	0	0	0	0	0
17	43037505	M654	0	0.001	0.189	0	0.001	0	0	0.112	0.001	0
7	73867066	M956	0	0	0	0	0.001	0	0	0	0.182	0
1	243656586	M652	0	0.001	0.176	0.001	0	0	0.001	0.113	0	0
20	46532676	M1152	0	0.001	0	0	0.001	0	0.002	0	0	0.117
4	3305435	M646	0	0.361	0.13	0	0	0	0	0.136	0	0.163
19	33327916	M779	0	0	0.001	0	0	0.001	0	0	0	0.05
9	68671749	M852	0	0	0.018	0.001	0.002	0	0	0	0	0
6	68674410	M702	0	0.001	0.014	0.001	0	0	0	0.001	0	0
9	33085254	M727	0	0	0	0	0	0.001	0	0.116	0	0.143
11	9738412	M903	0	0	0	0	0	0.169	0	0	0.001	0
16	4909930	M845	0	0	0	0	0	0.001	0.001	0.131	0	0
21	6761261	M663	0	0	0.08	0.464	0.475	0.001	0	0	0	0
14	60394357	M670	0	0.121	0.001	0.001	0	0.019	0	0	0.176	0.101
10	27360865	M1004	0	0	0	0	0	0	0	0.133	0	0
19	53263020	M676	0	0	0.013	0	0	0.001	0	0.001	0	0.001
11	87190226	M929	0	0	0	0.001	0	0.001	0	0.119	0	0
19	22753867	M687	0	0.106	0	0	0	0.026	0	0	0	0
5	59444232	M704	0	0.001	0	0	0	0	0	0	0.17	0
8	107909624	M747	0	0	0	0.001	0.001	0.06	0.001	0.076	0.165	0.001
1	14247820	M1143	0	0	0.001	0	0	0	0	0.157	0	0
15	88216968	M650	0	0	0.203	0	0	0.161	0	0.109	0	0
13	57633452	M716	0	0.001	0	0	0	0.177	0	0.158	0	0.134
19	22125441	M764	0	0.02	0	0	0	0.001	0	0.001	0.167	0
19	31164414	M811	0	0	0	0.002	0	0	0	0.121	0.001	0
16	8316275	M645	0	0	0.001	0.001	0.001	0.167	0.439	0.154	0.172	0.132
6	46259027	M728	0	0.001	0	0.467	0.477	0.001	0.001	0.001	0	0
13	126172879	M706	0	0	0.069	0.472	0.448	0	0.001	0.001	0	0
20	53710550	M662	0	0.002	0	0	0	0.171	0	0	0	0.001
3	131835315	M671	0	0	0	0	0.001	0.165	0.406	0.139	0	0.132
13	20470388	M836	0	0.001	0	0	0	0	0	0	0.173	0.001
8	28471645	M669	0	0	0.015	0.001	0	0	0.001	0	0.002	0.002
9	110053650	M1113	0	0	0	0	0	0.015	0	0	0.001	0
10	91468420	M898	0	0	0	0.001	0	0.18	0	0	0	0
9	137085039	M726	0	0	0	0	0	0	0	0.001	0.177	0
4	136633352	M744	0	0	0	0	0.476	0	0	0	0.001	0
16	92368178	M816	0	0	0.185	0	0	0.001	0.001	0	0.001	0
17	2427160	M664	0	0	0	0	0	0	0	0	0.168	0
12	71746080	M658	0	0	0.001	0.001	0	0.174	0.001	0.002	0	0
17	11393583	M1114	0	0	0	0	0	0	0	0	0	0.071
4	100483274	M688	0	0.001	0	0	0	0.176	0.412	0.147	0	0.12
6	73184230	M768	0	0.088	0	0	0	0.024	0.002	0	0	0
2	191036997	M901	0	0	0.008	0	0	0	0.001	0	0	0
12	20338581	M1054	0	0	0	0	0	0	0	0.167	0	0.001
2	215268001	M705	0	0	0	0.002	0.002	0	0	0.136	0	0.144
7	41163388	M834	0	0	0	0	0	0	0	0.001	0	0.122
17	29853408	M718	0	0	0.172	0.001	0.001	0	0	0	0	0
7	39740546	M691	0	0	0.001	0	0	0.001	0	0	0	0.058
6	82605046	M781	0	0.351	0	0	0	0.001	0	0	0	0
9	51979491	M969	0	0	0	0.001	0	0	0	0.137	0	0
15	82335338	M681	0	0.349	0.13	0	0.001	0.001	0	0	0	0.001
21	22570756	M644	0	0.002	0	0.001	0	0.189	0.431	0.143	0.184	0.13
2	145460305	M722	0	0	0.002	0	0	0.001	0.001	0	0	0.056
17	36807381	M1230	0	0	0	0	0	0	0.001	0.121	0	0.002
15	2807209	M715	0	0.115	0	0	0	0.016	0	0	0	0
21	46283706	M690	0	0	0.196	0	0	0.001	0	0.001	0	0
19	182594	M790	0	0.001	0.001	0	0	0.065	0.001	0.049	0.001	0
4	123183414	M696	0	0	0	0	0	0	0.428	0	0	0
22	40675646	M818	0	0	0.002	0	0.001	0	0	0.142	0	0.147
16	82983297	M760	0	0	0	0	0	0	0	0	0.001	0.062
7	68539930	M937	0	0	0.014	0	0	0.001	0	0	0.001	0
17	37927703	M672	0	0.346	0.128	0	0.001	0	0	0.132	0.001	0.192
13	35341949	M708	0	0	0.177	0	0.002	0	0.001	0	0.001	0.001
14	8328757	M647	0	0.113	0.187	0	0.001	0.203	0	0.111	0.153	0.121
19	39152441	M661	0	0	0.198	0	0.001	0	0.001	0.108	0	0
11	18868443	M1094	0	0	0	0.002	0	0	0.001	0	0.001	0.143
4	169060257	M651	0	0.338	0.123	0	0	0	0	0.112	0	0.207
3	170300144	M914	0	0.001	0	0	0.001	0.001	0	0	0.16	0
22	58604460	M883	0	0	0	0	0	0	0	0	0.164	0
8	35437857	M784	0	0	0.062	0	0	0.001	0	0.001	0	0
