#chrom	pos	desc	normal	sample1	sample2	sample3	sample4	sample5	sample6	sample7	sample8	sample9	sample10	sample11	sample12	sample13	sample14
13	9634927	M707	0	0.001	0	0	0	0	0	0.067	0	0	0	0	0	0.266	0
20	35418179	M821	0	0	0.001	0.046	0.001	0	0	0	0	0	0.001	0.001	0	0	0.159
19	72275102	M1087	0	0.018	0	0.001	0	0.001	0	0.001	0	0.002	0	0	0	0	0.001
8	97261209	M819	0	0.046	0	0	0	0.001	0.001	0	0	0.001	0	0	0	0	0
10	98713768	M853	0	0	0.071	0	0	0	0	0	0	0.002	0	0.001	0	0	0
11	111376306	M992	0	0	0.001	0	0	0.001	0	0	0	0	0	0.302	0.001	0.002	0
11	82512435	M689	0	0.002	0	0	0	0.508	0.475	0	0.462	0	0	0	0	0.001	0
18	11603140	M1244	0	0	0.001	0	0.001	0.001	0	0	0.001	0.001	0	0	0.12	0	0.001
7	110484011	M814	0	0	0.119	0	0.001	0	0.001	0	0.002	0.001	0	0	0	0	0
8	65337778	M1045	0	0	0	0.048	0	0.001	0.001	0.001	0	0	0	0.001	0	0	0.169
9	33085254	M727	0	0.001	0	0	0	0.001	0	0.001	0	0	0	0	0.121	0	0.001
7	118169905	M1111	0	0	0	0	0	0	0.001	0.001	0.001	0.061	0	0	0	0	0
8	111841562	M974	0	0	0	0	0	0	0.001	0.074	0.001	0.001	0	0	0	0.263	0.001
15	87342524	M880	0	0	0	0.001	0	0	0.001	0	0	0	0.002	0.304	0	0.001	0
8	107909624	M747	0	0.001	0	0.368	0.001	0.001	0.002	0.001	0	0	0	0.001	0	0.001	0.168
19	18599621	M1222	0	0	0.001	0.001	0	0	0	0.001	0	0	0.001	0	0.001	0.182	0
15	88216968	M650	0	0	0.102	0	0	0.501	0.48	0.173	0.505	0.393	0.001	0.001	0	0	0.002
13	57633452	M716	0	0	0	0.099	0	0	0	0.145	0	0	0	0	0	0	0.2
15	104279168	M893	0	0	0	0.001	0.002	0	0.001	0.182	0	0	0.001	0	0	0.001	0
14	87792122	M1056	0	0	0	0	0	0.001	0	0	0.001	0.002	0.001	0	0.146	0	0
19	22125441	M764	0	0.222	0	0	0.001	0	0	0	0	0	0	0.002	0.001	0.001	0.001
6	46259027	M728	0	0.039	0	0	0	0	0	0.001	0.001	0.066	0	0.157	0.124	0.2	0
13	126172879	M706	0	0.028	0.058	0.001	0	0	0	0.001	0	0.055	0.001	0.153	0.122	0.193	0
3	131835315	M671	0	0	0	0.11	0.001	0	0.001	0.16	0.002	0.001	0	0.001	0.001	0	0.203
4	27588260	M1047	0	0	0	0	0.001	0	0.001	0.001	0	0.001	0	0.312	0	0	0
8	28471645	M669	0	0.001	0	0.002	0	0.469	0.453	0	0.488	0.001	0	0	0.001	0	0
9	137085039	M726	0	0	0.002	0.001	0.001	0.001	0	0	0	0	0.425	0	0.002	0	0
4	136633352	M744	0	0	0.001	0	0	0	0	0	0	0	0.001	0	0.131	0.197	0
4	81308337	M873	0	0.002	0	0	0.002	0	0	0	0.001	0.327	0	0.001	0	0	0
8	101831204	M1193	0	0	0.13	0	0	0.001	0	0.001	0	0.001	0.001	0	0.001	0	0
21	54707472	M1103	0	0	0.001	0	0	0	0.001	0.001	0	0	0	0.002	0	0	0.167
13	131591219	M1160	0	0.208	0	0	0	0.001	0	0	0	0	0	0.002	0	0	0
18	59241475	M785	0	0	0.126	0.001	0	0.001	0	0.099	0	0	0	0.002	0	0	0
13	52026355	M835	0	0	0.114	0.002	0	0.001	0.001	0	0.001	0.002	0.001	0	0	0.001	0
9	19424554	M966	0	0.019	0	0	0	0	0.001	0	0	0	0.001	0	0	0	0
2	215268001	M705	0	0.001	0	0	0.001	0	0.001	0.001	0	0	0	0	0.135	0	0
15	82335338	M681	0	0.161	0	0	0.384	0	0	0.08	0	0	0.002	0	0.001	0.264	0
21	22570756	M644	0	0	0.13	0.101	0	0	0	0.154	0	0.001	0.411	0.308	0	0	0.215
17	36219827	M675	0	0.001	0.129	0	0	0	0	0.096	0.001	0.002	0	0	0.176	0	0
5	86915036	M804	0	0	0	0	0	0.003	0.001	0	0.001	0.001	0	0.001	0.13	0.198	0
18	80141330	M743	0	0.149	0	0	0	0	0.001	0	0	0.001	0	0.001	0.002	0.001	0
20	39344529	M698	0	0.145	0	0	0.001	0	0	0	0	0	0	0	0.001	0	0.001
6	80603773	M875	0	0	0	0	0	0.003	0	0	0	0.05	0	0	0	0	0.001
10	38409591	M842	0	0	0	0	0	0	0	0.001	0	0.313	0	0.002	0.001	0	0.001
16	101214727	M935	0	0	0	0	0.002	0	0	0.169	0	0	0.001	0	0	0	0.002
22	58604460	M883	0	0	0.001	0.001	0	0	0.001	0	0	0	0.459	0	0.001	0	0.001
8	140878828	M667	0	0	0	0.377	0	0	0	0	0.001	0	0	0	0	0	0.16
23	18137602	M665	0	0.24	0	0.001	0.067	0	0	0.001	0.002	0	0	0	0	0	0
19	43461247	M759	0	0.001	0	0.002	0.061	0	0	0	0	0	0	0.001	0	0	0
15	21716834	M692	0	0.181	0	0.001	0	0	0	0	0	0.001	0	0.001	0.002	0.001	0
16	45856091	M680	0	0.026	0.069	0	0	0	0	0	0	0.056	0	0.16	0.131	0.154	0
11	19335370	M1121	0	0.026	0	0	0.001	0.001	0.003	0	0	0	0	0	0.001	0	0.001
4	170070005	M736	0	0	0.12	0.001	0.002	0	0	0	0	0	0	0.001	0	0	0
17	43037505	M654	0	0	0.111	0	0.001	0.491	0.468	0.173	0.48	0.341	0	0	0	0	0.001
1	243656586	M652	0	0	0.106	0	0	0.482	0.456	0.172	0.479	0.391	0.001	0	0	0	0.001
4	3305435	M646	0	0.187	0	0.001	0.392	0	0.001	0.08	0	0.001	0	0	0.133	0.268	0.126
6	112647488	M939	0	0	0	0.001	0.001	0.001	0	0	0.001	0.001	0	0.169	0	0	0
5	20902226	M849	0	0	0.001	0	0	0	0.001	0	0.001	0	0	0	0	0	0.109
22	15780641	M719	0	0	0.002	0	0.068	0.001	0.001	0	0	0.001	0.001	0	0	0	0
21	6761261	M663	0	0.046	0.201	0	0	0.001	0	0.104	0.001	0.069	0	0.155	0.273	0.187	0.002
14	60394357	M670	0	0.22	0	0	0.071	0	0.001	0	0.001	0	0.001	0	0.001	0.001	0
5	65884258	M697	0	0	0	0	0.001	0.465	0	0.001	0	0	0	0	0	0	0
22	33223562	M1001	0	0.001	0	0	0	0	0	0	0.002	0.001	0.001	0	0.119	0	0.001
19	53263020	M676	0	0.001	0.001	0	0	0.51	0.468	0	0.469	0	0	0	0.002	0.001	0
18	20263440	M800	0	0.001	0	0	0	0.001	0.467	0	0.483	0	0.001	0.001	0.001	0	0
5	59444232	M704	0	0	0.128	0	0.001	0	0.001	0	0	0	0.406	0.291	0.001	0	0.002
12	35118503	M930	0	0	0.073	0	0.001	0.002	0.001	0	0	0	0	0	0	0	0
7	148392228	M1075	0	0.001	0.113	0	0	0	0	0	0	0	0.001	0	0	0.001	0
3	92811755	M1115	0	0.001	0	0	0.371	0	0.002	0	0.001	0	0	0.001	0.001	0	0
16	8316275	M645	0	0	0.123	0.089	0	0	0	0.143	0.001	0	0.436	0.314	0	0	0.196
8	5545629	M673	0	0	0.108	0	0	0	0	0	0	0	0.001	0	0	0	0
23	23157817	M1159	0	0	0	0	0.079	0	0	0	0	0	0	0	0	0.001	0
2	70841682	M712	0	0.001	0.142	0.001	0.001	0	0.001	0.118	0.001	0.001	0	0	0	0	0
21	58146146	M938	0	0	0	0.002	0.001	0.001	0	0.179	0	0.001	0	0	0	0.002	0.001
1	49493135	M1248	0	0	0	0	0.207	0.001	0	0	0	0.003	0	0	0	0.001	0.001
1	97868037	M887	0	0	0	0.347	0	0	0	0.001	0	0.003	0.001	0	0.001	0	0
17	2427160	M664	0	0.001	0.127	0	0	0	0	0.002	0	0	0.418	0.317	0	0	0
7	142934626	M962	0	0.001	0.001	0	0.002	0	0	0.001	0	0.061	0	0	0	0	0
17	62013982	M1166	0	0.002	0	0.002	0	0	0	0	0	0	0	0	0.001	0.001	0.154
10	129076636	M840	0	0	0	0.001	0.001	0	0	0.109	0	0	0	0.002	0	0	0
21	18711524	M1101	0	0	0.001	0	0.001	0.001	0	0.064	0	0	0	0	0.001	0	0.001
10	121299578	M724	0	0.16	0	0	0	0	0	0	0.001	0	0	0.002	0.001	0	0
4	100483274	M688	0	0	0	0.117	0	0	0.001	0.152	0	0	0.002	0.001	0	0	0.205
18	27965342	M1165	0	0.001	0.118	0	0	0	0.001	0	0.001	0	0	0	0	0	0
12	20338581	M1054	0	0	0	0	0.001	0	0	0	0.001	0	0	0.001	0	0	0.166
19	4718522	M1196	0	0	0.002	0	0	0	0	0.001	0	0.001	0	0	0.001	0	0.161
6	82605046	M781	0	0	0	0.001	0.374	0	0	0	0.001	0.001	0.001	0.001	0	0.001	0
7	8181724	M892	0	0	0.134	0	0	0	0	0	0	0.001	0	0	0	0.001	0.001
2	102392055	M950	0	0.001	0.001	0	0	0	0	0	0	0	0	0.001	0.138	0.203	0.001
2	46051751	M657	0	0	0	0.001	0	0	0.003	0	0	0.072	0.001	0	0	0	0.001
12	53943354	M1042	0	0	0	0	0	0	0.001	0.072	0	0	0	0	0	0.001	0
19	75359376	M1063	0	0.001	0.001	0	0	0	0.463	0	0	0	0.001	0.001	0	0	0.001
7	4002337	M798	0	0.001	0	0	0	0	0	0.174	0.001	0.319	0	0	0	0	0.001
17	37927703	M672	0	0.182	0	0	0.405	0	0	0.082	0	0	0	0	0.147	0.283	0
14	8328757	M647	0	0.208	0.123	0.001	0.067	0.496	0.444	0.17	0.486	0.386	0	0.001	0.001	0	0.001
19	39152441	M661	0	0.001	0.104	0	0	0.5	0.443	0.176	0.472	0.308	0	0.001	0	0	0
3	170300144	M914	0	0.017	0	0	0.001	0	0.003	0	0	0.001	0	0	0.001	0	0
4	169060257	M651	0	0.17	0	0	0.374	0.001	0.001	0.067	0	0.001	0	0	0.156	0.266	0.128
19	49226583	M1210	0	0	0	0.078	0	0	0	0	0	0	0	0	0	0	0
13	19056811	M1058	0	0.15	0	0.001	0	0	0	0	0	0.002	0	0	0	0	0
