#chrom	pos	desc	normal	sample1	sample2	sample3	sample4	sample5	sample6	sample7	sample8	sample9	sample10	sample11	sample12	sample13	sample14
13	9634927	M707	0	0.0004	0.0007	0.0003	0.0003	0.0005	0.0003	0.0764	0.0001	0.0004	0.0003	0.0002	0.0002	0.274	0.0004
20	35418179	M821	0	0.0005	0.0004	0.0462	0.0002	0.0003	0	0.0002	0.0005	0.0002	0.0008	0.0002	0.0004	0.0002	0.1613
19	72275102	M1087	0	0.0118	0.0006	0.0002	0	0.0004	0.0004	0.0003	0.0004	0.0003	0.0001	0.0006	0.0004	0.0005	0.0003
8	97261209	M819	0	0.0362	0.0006	0.0003	0.0003	0.0003	0	0.0007	0.0003	0.0002	0.0003	0.0001	0.0001	0.0002	0.0006
10	98713768	M853	0	0.0007	0.0669	0.0003	0.0002	0.0002	0.0004	0.0002	0.0004	0.0001	0.0002	0.0003	0.0005	0.0009	0.0003
11	111376306	M992	0	0.0002	0.0004	0.0002	0.0001	0.0003	0.0004	0.0002	0.0003	0	0.0003	0.2914	0.0002	0.0003	0.0007
11	82512435	M689	0	0.0005	0.0004	0.0003	0.0002	0.5032	0.4648	0.0005	0.4877	0.0002	0.0002	0.0004	0.0004	0.0002	0.0001
18	11603140	M1244	0	0.0002	0.0002	0.0005	0.0001	0.0004	0.0005	0.0003	0.0004	0.0005	0.0007	0.0003	0.1252	0.0003	0.0007
7	110484011	M814	0	0.0002	0.1177	0.0003	0.0003	0.0004	0	0.0002	0.0002	0.0003	0.0003	0.0005	0.0001	0.0002	0.0002
8	65337778	M1045	0	0.0003	0.0004	0.0508	0.0001	0.0003	0.0006	0.0001	0.0005	0	0.0001	0.0003	0.0005	0.0004	0.1613
9	33085254	M727	0	0.0004	0.0003	0	0	0.0002	0.0003	0.0003	0.0004	0.0005	0.0004	0.0006	0.1328	0.0004	0.0001
7	118169905	M1111	0	0.0004	0.0003	0.0003	0.0006	0.0003	0.0004	0.0003	0.0001	0.0607	0.0001	0.0004	0.0002	0	0.0003
8	111841562	M974	0	0.0003	0.0002	0.0005	0.0001	0.0002	0.0004	0.0753	0.0004	0.0005	0.0002	0.0008	0.0006	0.2631	0.0009
15	87342524	M880	0	0.0003	0.0004	0.0003	0.0004	0.0001	0.0002	0.0002	0.0002	0.0002	0.0003	0.2971	0.0003	0.0001	0.0004
8	107909624	M747	0	0.0001	0.0002	0.3879	0.0001	0.0007	0.0003	0	0.0003	0.0005	0.0007	0.0002	0.0002	0.0004	0.1636
19	18599621	M1222	0	0.0003	0.0005	0.0003	0.0002	0.0005	0.0004	0.0005	0.0004	0.0003	0.0006	0.0003	0.0005	0.2014	0.0006
15	88216968	M650	0	0.0005	0.1142	0.0005	0.0007	0.4825	0.461	0.1705	0.4683	0.3929	0.0005	0.0003	0.0005	0.0003	0.0006
13	57633452	M716	0	0.0005	0.0004	0.0956	0.0004	0.0005	0.0004	0.1409	0.0004	0.0001	0.0005	0.0007	0.0002	0.0002	0.1923
15	104279168	M893	0	0.0009	0.0005	0.0004	0.0003	0.0002	0.0002	0.1703	0	0.0002	0.0004	0.0002	0.0005	0.0003	0.0003
14	87792122	M1056	0	0.0004	0.0005	0.0002	0.0005	0.0005	0.0004	0.0003	0.0007	0.0001	0.0001	0.0002	0.1338	0.0003	0.0004
19	22125441	M764	0	0.2161	0.0003	0.0003	0.0004	0.0006	0.0002	0.0002	0.0002	0.0002	0.0003	0.0003	0.0003	0.0001	0.0003
6	46259027	M728	0	0.0336	0.0005	0.0002	0.0005	0.0004	0.0005	0.0001	0.0004	0.058	0.0003	0.1534	0.1191	0.2004	0.0005
13	126172879	M706	0	0.0404	0.0688	0.0004	0.0003	0.0002	0.0003	0.0003	0.0003	0.0608	0	0.1565	0.1207	0.1949	0.0006
3	131835315	M671	0	0.0006	0.0003	0.1015	0.0001	0.0002	0.0002	0.1459	0.001	0.0003	0.0003	0.0003	0.0005	0.0002	0.1935
4	27588260	M1047	0	0.0002	0.0001	0.0007	0.0003	0.0002	0.0004	0.0002	0.0004	0.0001	0.0001	0.2987	0.0007	0	0.0002
8	28471645	M669	0	0.0002	0.0004	0.0005	0.0001	0.5033	0.4688	0.0005	0.4684	0.0004	0.0003	0.0003	0.0002	0.0007	0.0003
9	137085039	M726	0	0.0002	0.0003	0.0002	0.0002	0.0004	0.0001	0.0005	0.0001	0.0001	0.4219	0	0.0004	0.0003	0.0005
4	136633352	M744	0	0.0005	0.0001	0	0.0002	0.0003	0.0002	0.0003	0.0002	0.0004	0.0005	0.0004	0.1168	0.2005	0.0004
4	81308337	M873	0	0.0003	0.0002	0.0005	0.0006	0.0001	0.0004	0.0005	0.0005	0.331	0.0001	0.0003	0.0005	0.0003	0.0007
8	101831204	M1193	0	0.0005	0.1313	0	0	0.0003	0.0002	0.0006	0.0003	0.0004	0.0003	0.0002	0.0006	0	0.0003
21	54707472	M1103	0	0.0002	0.0008	0.0002	0.0003	0	0.0005	0.0007	0.0003	0.0002	0.0004	0.0004	0.0002	0.0004	0.1637
13	131591219	M1160	0	0.2084	0.0002	0.0002	0.0005	0.0003	0.0003	0.0006	0.0001	0.0004	0.0007	0.0002	0.0002	0.0001	0.0001
18	59241475	M785	0	0.0007	0.1202	0.0003	0.0006	0.0002	0.0003	0.1112	0.0008	0.0004	0.0006	0.0002	0.0001	0.0002	0.0001
13	52026355	M835	0	0.0002	0.1143	0.0001	0.0001	0.0006	0.0002	0.0004	0.0003	0.0001	0.0004	0.0006	0.0007	0.0001	0.0003
9	19424554	M966	0	0.0142	0.0005	0.0005	0.0004	0.0004	0.0002	0.0008	0.0005	0.0002	0.0003	0.0006	0.0004	0.0004	0.0003
2	215268001	M705	0	0.0005	0.0006	0.0003	0.0003	0.0009	0.0005	0	0.0001	0.0007	0.0004	0.0005	0.1324	0.0004	0.0001
15	82335338	M681	0	0.1625	0.0002	0.0001	0.3861	0.0004	0.0002	0.0767	0.0004	0.0005	0.0002	0.0002	0.0003	0.2706	0.0006
21	22570756	M644	0	0.0006	0.1149	0.0991	0.0004	0.0002	0.0008	0.1504	0.0003	0.0002	0.4143	0.2922	0.0002	0.0001	0.1979
17	36219827	M675	0	0	0.1351	0.0004	0.0001	0.0003	0.0001	0.1085	0.0005	0.0001	0.0003	0.0002	0.164	0.0007	0.0002
5	86915036	M804	0	0.0003	0	0.0002	0.0003	0.0009	0.0003	0.0003	0.0004	0.0005	0.0004	0.0003	0.1136	0.1972	0.0002
18	80141330	M743	0	0.1629	0.0005	0.0002	0.0001	0.0006	0.0007	0.0002	0.0003	0.0004	0.0003	0.0002	0.0007	0.0002	0.0007
20	39344529	M698	0	0.1637	0.0002	0.0007	0.0004	0.0005	0.0004	0.0004	0.0004	0.0004	0.0004	0.0006	0.0001	0.0001	0.0006
6	80603773	M875	0	0.0003	0.0006	0.0009	0.0001	0.0005	0.0003	0.0004	0.0002	0.059	0.0003	0.0005	0.0008	0.0002	0.0002
10	38409591	M842	0	0.0003	0.0002	0.0004	0.0003	0.0001	0.0003	0.0003	0.0001	0.3371	0.0004	0.0003	0.0005	0.0005	0.0002
16	101214727	M935	0	0.0002	0	0.0001	0.0002	0.0005	0.0002	0.1566	0.0003	0.0002	0.0004	0.0005	0.0004	0.0004	0.0002
22	58604460	M883	0	0.0001	0.0002	0.0006	0	0.0002	0.0004	0.0002	0.0001	0.0003	0.4215	0.0003	0.0003	0.0003	0.0003
8	140878828	M667	0	0.0002	0.0007	0.3951	0.0006	0.0004	0.0001	0.0002	0.0005	0.0003	0.0001	0.0003	0.0003	0.0003	0.1589
23	18137602	M665	0	0.2216	0.0002	0.0006	0.0669	0.0007	0.0003	0.0005	0.0002	0.0002	0.0005	0.0009	0.0002	0.0002	0.0002
19	43461247	M759	0	0.0004	0.0008	0.0002	0.0717	0.0002	0.0003	0.0005	0	0.0003	0.0003	0	0.0003	0.0004	0.0007
15	21716834	M692	0	0.1628	0.0002	0.0004	0.0003	0.0002	0.0001	0.0004	0.0004	0.0002	0.0003	0.0002	0.0001	0.0002	0.0001
16	45856091	M680	0	0.0336	0.0712	0	0.0003	0.0002	0.0002	0.0002	0.0003	0.0577	0.0005	0.1525	0.1214	0.1582	0.0003
11	19335370	M1121	0	0.0386	0.0005	0.0006	0.0003	0.0002	0.0005	0.0003	0.0005	0.0002	0.0002	0.0002	0.0002	0.0004	0.0002
4	170070005	M736	0	0.0002	0.1096	0.0001	0.0002	0.0001	0.0003	0.0002	0.0003	0.0003	0.0002	0.0001	0.0007	0.0003	0
17	43037505	M654	0	0.0003	0.1115	0.0002	0.0002	0.4949	0.4677	0.1629	0.4786	0.3421	0.0003	0.0006	0.0003	0.0012	0.0006
1	243656586	M652	0	0.0005	0.109	0	0.0003	0.492	0.4675	0.1692	0.4699	0.3999	0.0005	0.0006	0.0006	0.0002	0.0002
4	3305435	M646	0	0.1661	0.0003	0.0003	0.3966	0.0001	0.0005	0.0746	0.0003	0.0005	0.0004	0.0003	0.1303	0.2638	0.1229
6	112647488	M939	0	0	0.0004	0.0006	0.0002	0.0002	0.0002	0	0.0004	0.0002	0.0003	0.1541	0.0006	0.0005	0.0003
5	20902226	M849	0	0.0003	0.0003	0.0001	0.0005	0.0001	0.0003	0.0001	0.0005	0.0006	0.0004	0.0002	0.0002	0.0003	0.1245
22	15780641	M719	0	0.0002	0.0005	0.0006	0.0688	0.0004	0	0.0005	0.0006	0.0002	0.0003	0.0001	0.0006	0.0001	0.0005
21	6761261	M663	0	0.0363	0.1993	0.0004	0.0004	0.0003	0.0005	0.1075	0.0006	0.0582	0.0002	0.155	0.2856	0.2004	0.0007
14	60394357	M670	0	0.2203	0.0002	0.0006	0.0678	0.0004	0.0002	0.0002	0.0002	0.0004	0.0002	0.0001	0.0005	0.0001	0.0001
5	65884258	M697	0	0.0002	0.0003	0.0003	0.0006	0.4943	0.0005	0.0001	0.0003	0.0002	0.0004	0.0002	0.0004	0.0003	0.0001
22	33223562	M1001	0	0.0002	0.0005	0.0006	0.0003	0	0.0004	0.0002	0.0003	0.0005	0.0003	0.0005	0.1162	0.0003	0.0004
19	53263020	M676	0	0.0004	0.0003	0.0002	0.0001	0.4931	0.4661	0.0003	0.4728	0.0003	0.0004	0.0004	0.0001	0.0004	0.0005
18	20263440	M800	0	0.0004	0.0002	0.0004	0.0003	0.0008	0.467	0.0002	0.4758	0.0002	0.0005	0.0003	0.0008	0.0002	0
5	59444232	M704	0	0.0004	0.1189	0	0.0004	0.0005	0.0002	0.0005	0.0004	0.0006	0.4195	0.2991	0.0004	0.0008	0.0006
12	35118503	M930	0	0.0003	0.0706	0.0004	0.0002	0.0003	0.0006	0.0003	0.0003	0.0005	0.0001	0.0005	0.0004	0.0003	0.0003
7	148392228	M1075	0	0.0002	0.1306	0.0005	0.0006	0	0.0006	0.0004	0.0001	0.0006	0.0005	0.0004	0.0003	0.0002	0.0001
3	92811755	M1115	0	0.0001	0.0005	0.0004	0.3833	0.0005	0.0004	0	0.0004	0.0002	0.0005	0.0004	0.0003	0	0.0006
16	8316275	M645	0	0.0001	0.1163	0.1008	0.0003	0.0005	0.0003	0.1299	0.0005	0.0004	0.4122	0.2986	0.0003	0.0002	0.201
8	5545629	M673	0	0.0005	0.1208	0.0002	0.0004	0.0005	0.0005	0.0003	0	0.0008	0.0003	0.0004	0.0005	0.0004	0.0002
23	23157817	M1159	0	0.0007	0.0002	0.0005	0.0655	0.0001	0.0001	0.0002	0.0005	0.0002	0.0003	0.0003	0.0002	0.0005	0.0001
2	70841682	M712	0	0.0005	0.1277	0.0002	0.0003	0.0003	0.0002	0.1066	0.0003	0.0003	0.0003	0.0004	0.0004	0.0001	0.0002
21	58146146	M938	0	0.0003	0.0005	0.0002	0.0001	0.0005	0.0003	0.143	0.0005	0.0005	0.0001	0.0003	0.0004	0.0005	0.0002
1	49493135	M1248	0	0.0003	0.0001	0.0001	0.1993	0.0003	0.0009	0.0002	0.0003	0.0005	0.0004	0.0006	0.0004	0.0005	0.0003
1	97868037	M887	0	0.0003	0.0002	0.3315	0.0001	0.0001	0.0003	0.0009	0.0002	0.0004	0	0.0005	0.0004	0.0005	0.0006
17	2427160	M664	0	0.0003	0.1164	0.0007	0.0002	0.0002	0.0005	0.0003	0.0004	0.0002	0.421	0.2907	0.0002	0.0002	0.0005
7	142934626	M962	0	0.0004	0.0004	0.0001	0.0006	0.0002	0.0002	0.0004	0.0006	0.0565	0.0006	0.0007	0.0003	0.0001	0.0001
17	62013982	M1166	0	0.0003	0.0003	0.0003	0.0003	0.0003	0.0001	0.0007	0.0006	0.0002	0.0004	0.0004	0.0001	0.0003	0.1303
10	129076636	M840	0	0.0004	0.0002	0	0.0002	0.0002	0.0002	0.1058	0.0007	0.0002	0.0004	0.0001	0.0004	0.0001	0.0005
21	18711524	M1101	0	0.0006	0.0003	0.0004	0.0005	0.0002	0.0002	0.0722	0.0002	0.0005	0.0004	0.0006	0.0003	0.0002	0.0001
10	121299578	M724	0	0.1594	0.0003	0.0005	0.0003	0.0002	0.0007	0.0006	0.0002	0.0004	0.0003	0.0005	0.0004	0.0001	0.0005
4	100483274	M688	0	0.0001	0.0003	0.0944	0.0006	0.0003	0.0001	0.1489	0.0003	0.0004	0.0001	0.0003	0.0002	0.0005	0.1999
18	27965342	M1165	0	0.0004	0.1187	0.0004	0.0003	0.0007	0.0002	0.0002	0.0001	0.0002	0.0006	0.0005	0.0001	0.0006	0.0008
12	20338581	M1054	0	0.0002	0	0.0003	0.0001	0.0003	0.0002	0.0001	0.0003	0.0003	0.0002	0.0001	0.0005	0.0002	0.1977
19	4718522	M1196	0	0.0004	0.0008	0.0002	0.0002	0.0001	0.0004	0.0005	0.0003	0.0005	0.0005	0.0003	0.0003	0.0004	0.1655
6	82605046	M781	0	0.0004	0.0001	0.0001	0.3858	0.0006	0.0002	0.0002	0.0001	0.0003	0.0005	0.0001	0.0003	0.0006	0.0004
7	8181724	M892	0	0.0005	0.1299	0.0005	0.0003	0.0002	0	0.0004	0.0001	0.0003	0.0006	0.0004	0.0008	0	0.0002
2	102392055	M950	0	0.0006	0.0004	0.0004	0.0003	0.0003	0.0004	0.0005	0	0.0002	0.0005	0.0006	0.1213	0.1939	0.0004
2	46051751	M657	0	0.0004	0.0003	0.0005	0.0004	0.0001	0.0005	0.0002	0.0003	0.0567	0.0004	0.0001	0.0003	0.0003	0.0003
12	53943354	M1042	0	0.0004	0.0002	0.0004	0.0002	0.0003	0.0004	0.0743	0.0005	0.0004	0.0005	0.0002	0	0.0005	0.0001
19	75359376	M1063	0	0.0002	0.0004	0	0.0007	0.0005	0.4659	0.0003	0.0004	0.0003	0.0003	0.0005	0.0004	0.0005	0.0002
7	4002337	M798	0	0.0006	0.0005	0.0009	0.0001	0.0005	0.0005	0.1652	0.0003	0.3286	0.0004	0.0001	0.0005	0.0001	0.0002
17	37927703	M672	0	0.1601	0.0004	0.0002	0.3832	0.0001	0.0004	0.0746	0.0006	0.0003	0.0003	0.0005	0.1414	0.267	0.0005
14	8328757	M647	0	0.2281	0.1115	0.0003	0.0706	0.496	0.4494	0.1624	0.4769	0.3896	0.0003	0.0004	0.0002	0.0003	0.0002
19	39152441	M661	0	0.0004	0.1172	0.0006	0.0007	0.4918	0.4722	0.1643	0.4724	0.3302	0.0002	0.0005	0.0007	0.0003	0.0002
3	170300144	M914	0	0.0161	0.0004	0.0002	0.0001	0	0.0003	0.0003	0.0003	0.0007	0.0006	0.0003	0.0003	0.0003	0.0002
4	169060257	M651	0	0.1641	0	0.0004	0.3857	0.0002	0.0002	0.0784	0.0002	0.0004	0.0004	0.0003	0.1321	0.2657	0.1317
19	49226583	M1210	0	0.0002	0.0005	0.0966	0.0004	0.0003	0.0003	0.0001	0.0004	0.0002	0.0006	0.0002	0.0003	0.0004	0.0002
13	19056811	M1058	0	0.1606	0.0002	0.0001	0.0001	0.0004	0.0005	0.0002	0.0004	0.0005	0.0008	0.0007	0.0004	0.0004	0.0003
