#chrom	pos	desc	normal	sample1	sample2	sample3	sample4	sample5	sample6	sample7	sample8	sample9
8	140878828	M667	0	0.0001	0.0001	0	0.0005	0.0576	0.0001	0.0618	0.1617	0.0004
13	9634927	M707	0	0.0005	0.1333	0.0004	0.0002	0.0003	0.0006	0.0006	0	0.0002
23	18137602	M665	0	0.1083	0.0005	0.0002	0.0003	0.0223	0.0004	0.0003	0.1709	0.1174
12	48480194	M789	0	0.0004	0.1315	0.0003	0.0003	0.0003	0.0001	0.0003	0.0002	0.0003
13	84595048	M932	0	0.0003	0.0006	0.0002	0.0005	0.0003	0.4255	0.0002	0.0005	0.0001
8	97261209	M819	0	0.0004	0.0002	0.4524	0.0003	0.0007	0.0004	0.0006	0.0004	0.0005
18	23432103	M1017	0	0.0004	0.0006	0.4526	0.0003	0.0005	0.0003	0.0005	0.0002	0.0001
13	32895599	M1065	0	0.0007	0.184	0.0001	0.0005	0.0003	0.0005	0.0004	0.0004	0.0004
8	82323240	M674	0	0.0006	0.0001	0.0001	0.0008	0.3002	0.0005	0.0004	0.0005	0.0003
7	87166603	M923	0	0.0002	0.0008	0.0006	0.0003	0.0003	0.0004	0.1282	0.0004	0.0003
20	9642489	M655	0	0.0002	0.0003	0.0002	0.0002	0.179	0.0004	0.0002	0.0008	0.0006
16	47152244	M878	0	0.0003	0.0002	0.0006	0.0001	0.0001	0.4206	0.0003	0.0002	0.0004
16	45856091	M680	0	0.0007	0.0681	0.4377	0.4605	0.0003	0.0001	0.0002	0.0004	0.0004
11	82512435	M689	0	0.0002	0.0149	0.0001	0.0005	0.0004	0.0004	0.0001	0.0002	0.0003
17	43037505	M654	0	0.0004	0.1953	0.0004	0.0003	0.0001	0.0005	0.1182	0.0002	0.0002
7	73867066	M956	0	0.0003	0.0006	0.0004	0.0003	0.0004	0.0001	0.0006	0.1597	0.0004
1	243656586	M652	0	0.0006	0.2064	0.0004	0.0007	0.0003	0.0002	0.1182	0.0006	0.0001
20	46532676	M1152	0	0.0008	0.0003	0.0005	0.0005	0.0004	0.0001	0.0002	0.0004	0.1151
4	3305435	M646	0	0.3444	0.1333	0.0006	0.0003	0.0003	0.0005	0.1357	0	0.1928
19	33327916	M779	0	0.0004	0.0007	0.0002	0.0002	0.0003	0.0007	0.0008	0.0001	0.0608
9	68671749	M852	0	0.0002	0.0149	0.0001	0.0001	0.0001	0.0002	0.0003	0.0003	0.0004
6	68674410	M702	0	0.0001	0.0147	0.0007	0.0003	0.0004	0.0005	0.0005	0.0002	0.0005
9	33085254	M727	0	0.0002	0.0002	0.0002	0.0005	0.0003	0.0003	0.1301	0.0005	0.1417
11	9738412	M903	0	0.0002	0.0005	0.0005	0	0.1831	0.0004	0.0003	0.0002	0.0003
16	4909930	M845	0	0.0001	0.0002	0.0001	0.0004	0.0001	0.0003	0.1179	0.0006	0.0002
21	6761261	M663	0	0.0002	0.0696	0.442	0.4584	0.0003	0.0004	0.0001	0.0002	0
14	60394357	M670	0	0.1131	0.0002	0.0006	0.0003	0.0242	0.0001	0.0007	0.1667	0.113
10	27360865	M1004	0	0.0004	0.0006	0.0004	0.0003	0.0006	0.0004	0.1303	0.0003	0.0003
19	53263020	M676	0	0.0005	0.0165	0.0001	0.0002	0.0001	0.0001	0.0004	0.0005	0.0002
11	87190226	M929	0	0.0003	0.0005	0.0005	0.0003	0.0001	0.0003	0.1157	0.0003	0.0003
19	22753867	M687	0	0.1035	0.0006	0.0001	0.0002	0.0244	0.0002	0.0001	0.0003	0.0004
5	59444232	M704	0	0.0002	0.0005	0.0002	0.0002	0.0004	0.0007	0.0003	0.1665	0.0004
8	107909624	M747	0	0.0004	0.0001	0.0006	0.0004	0.0651	0.0007	0.0565	0.1623	0.0002
1	14247820	M1143	0	0	0.0002	0.0003	0.0003	0.0003	0.0002	0.1555	0.0003	0.0002
15	88216968	M650	0	0.0004	0.2054	0.0002	0.0003	0.1759	0.0002	0.1196	0.0005	0.0003
13	57633452	M716	0	0	0.0002	0.0005	0.0005	0.1731	0.0001	0.1548	0.0003	0.1464
19	22125441	M764	0	0.0132	0.0004	0.0003	0.0004	0.0004	0.0003	0.0001	0.1695	0.0004
19	31164414	M811	0	0.0001	0.0003	0.0005	0.0006	0.0005	0.0005	0.1133	0.0003	0.0003
16	8316275	M645	0	0.0003	0.0002	0	0.0002	0.1642	0.4251	0.1544	0.1688	0.1395
6	46259027	M728	0	0.0007	0	0.4555	0.4628	0.0002	0.0003	0.0001	0	0.0001
13	126172879	M706	0	0.0003	0.0736	0.4486	0.4652	0.0001	0.0004	0.0004	0.0002	0.0003
20	53710550	M662	0	0.0002	0.0001	0.0002	0.0004	0.1741	0.0001	0.0001	0	0.0004
3	131835315	M671	0	0.0004	0.0001	0.0004	0.0003	0.1751	0.4313	0.1575	0.0001	0.1364
13	20470388	M836	0	0.0001	0.0006	0.0002	0.0003	0.0002	0.0005	0.0003	0.1509	0.0007
8	28471645	M669	0	0.0006	0.0179	0.0004	0.0001	0.0002	0.0007	0	0.0001	0.0003
9	110053650	M1113	0	0.0002	0.0007	0.0002	0.0005	0.0207	0.0003	0.0002	0.0002	0.0004
10	91468420	M898	0	0.0002	0	0.0002	0.0004	0.1702	0.0004	0.0002	0.0002	0.0002
9	137085039	M726	0	0.0003	0.0001	0.0008	0.0004	0.0004	0.0003	0.0002	0.1684	0.0003
4	136633352	M744	0	0.0001	0.0004	0	0.4616	0.0005	0.0003	0.0003	0.0005	0.0003
16	92368178	M816	0	0.0001	0.1819	0.0003	0.0001	0.0002	0.0004	0.0001	0.0006	0.0002
17	2427160	M664	0	0.0004	0.0003	0.0002	0.0004	0.0006	0.0002	0.0003	0.1644	0
12	71746080	M658	0	0.0004	0.0002	0.0001	0.0003	0.1811	0.0003	0.0004	0.0003	0.0005
17	11393583	M1114	0	0.0002	0.0004	0.0003	0.0002	0	0.0002	0.0001	0.0003	0.0578
4	100483274	M688	0	0.0003	0.0004	0.0006	0.0002	0.1731	0.4279	0.1592	0.0001	0.1359
6	73184230	M768	0	0.0982	0.0005	0.0007	0.0004	0.0232	0.0003	0.0004	0.0007	0.0007
2	191036997	M901	0	0.0002	0.0149	0.0001	0.0001	0.0002	0.0003	0.0003	0.0005	0.0002
12	20338581	M1054	0	0.0004	0.0001	0.0002	0.0004	0.0003	0.0004	0.1543	0.0006	0.0003
2	215268001	M705	0	0.0001	0.0001	0.0003	0.0003	0.0003	0.0005	0.1244	0.0003	0.1345
7	41163388	M834	0	0.0004	0.0005	0.0003	0.0004	0.0008	0.0003	0.0001	0.0003	0.1383
17	29853408	M718	0	0.0001	0.1821	0.0004	0.0004	0.0005	0.0003	0.0003	0.0003	0.0003
7	39740546	M691	0	0.0004	0.0004	0.0001	0.0002	0.0006	0.0004	0.0002	0.0004	0.0528
6	82605046	M781	0	0.3394	0.0003	0.0006	0.0003	0.0007	0.0004	0.0001	0.0009	0.0004
9	51979491	M969	0	0.0003	0.0003	0.0003	0.0007	0.0002	0.0004	0.1274	0.0004	0.0003
15	82335338	M681	0	0.3442	0.1322	0.0001	0.0002	0.0003	0.0002	0.0001	0.0006	0.0005
21	22570756	M644	0	0.0002	0.0004	0.0002	0.0004	0.1703	0.4321	0.1577	0.1657	0.1348
2	145460305	M722	0	0.0002	0.0003	0.0001	0.0007	0.0001	0.0002	0.0006	0.0001	0.0576
17	36807381	M1230	0	0.0002	0	0.0006	0.0002	0.0007	0.0004	0.1263	0.0003	0.0003
15	2807209	M715	0	0.1013	0.0002	0.0002	0.0006	0.0204	0.0002	0.0004	0.0001	0.0002
21	46283706	M690	0	0.0005	0.183	0.0004	0.0002	0.0006	0.0003	0.0003	0.0003	0.0003
19	182594	M790	0	0	0.0003	0.0001	0.0002	0.0717	0.0004	0.0619	0.0004	0.0002
4	123183414	M696	0	0.0001	0.0004	0.0006	0.0006	0.0001	0.4312	0.0005	0.0006	0.0004
22	40675646	M818	0	0.0006	0.0004	0.0006	0.0004	0.0004	0.0004	0.1292	0.0001	0.1398
16	82983297	M760	0	0.0004	0.0003	0.0005	0.0003	0.0002	0.0001	0.0007	0.0003	0.0586
7	68539930	M937	0	0.0002	0.0152	0.0002	0.0005	0.0005	0.0001	0.0003	0.0002	0.0002
17	37927703	M672	0	0.3495	0.1302	0.0006	0.0003	0.0004	0.0004	0.1371	0.0002	0.1959
13	35341949	M708	0	0.0004	0.1861	0.0007	0.0003	0.0003	0.0003	0.0005	0.0001	0
14	8328757	M647	0	0.1114	0.2004	0.0003	0.0002	0.2062	0.0007	0.1165	0.1632	0.1126
19	39152441	M661	0	0.0005	0.2013	0.0003	0.0005	0.0001	0.0001	0.1155	0.0004	0.0002
11	18868443	M1094	0	0.0002	0.0005	0.0001	0.0003	0.0003	0.0001	0.0006	0.0005	0.1385
4	169060257	M651	0	0.3423	0.1259	0.0006	0.0001	0.0002	0.0003	0.1359	0.0001	0.1919
3	170300144	M914	0	0.0005	0.0007	0.0003	0.0007	0.0003	0.0003	0.0002	0.1685	0.0003
22	58604460	M883	0	0.0003	0.0005	0.0003	0.0003	0.0003	0.0003	0.0004	0.1733	0.0005
8	35437857	M784	0	0.0002	0.0749	0.0004	0.0001	0.0004	0.0006	0.0003	0.0003	0.0005
