#chrom	pos	desc	normal	sample1	sample2	sample3	sample4	sample5	sample6	sample7	sample8	sample9	sample10	sample11	sample12	sample13	sample14
13	9634927	M707	0	0	0	0	0	0	0	0.0764	0	0	0	0	0	0.2651	0
20	35418179	M821	0	0	0	0.0497	0	0	0	0	0	0	0	0	0	0	0.1628
19	72275102	M1087	0	0.013	0	0	0	0	0	0	0	0	0	0	0	0	0
8	97261209	M819	0	0.0354	0	0	0	0	0	0	0	0	0	0	0	0	0
10	98713768	M853	0	0	0.0704	0	0	0	0	0	0	0	0	0	0	0	0
11	111376306	M992	0	0	0	0	0	0	0	0	0	0	0	0.2981	0	0	0
11	82512435	M689	0	0	0	0	0	0.4965	0.4676	0	0.4757	0	0	0	0	0	0
18	11603140	M1244	0	0	0	0	0	0	0	0	0	0	0	0	0.1197	0	0
7	110484011	M814	0	0	0.1185	0	0	0	0	0	0	0	0	0	0	0	0
8	65337778	M1045	0	0	0	0.0497	0	0	0	0	0	0	0	0	0	0	0.1628
9	33085254	M727	0	0	0	0	0	0	0	0	0	0	0	0	0.1346	0	0
7	118169905	M1111	0	0	0	0	0	0	0	0	0	0.0592	0	0	0	0	0
8	111841562	M974	0	0	0	0	0	0	0	0.0764	0	0	0	0	0	0.2651	0
15	87342524	M880	0	0	0	0	0	0	0	0	0	0	0	0.2981	0	0	0
8	107909624	M747	0	0	0	0.3866	0	0	0	0	0	0	0	0	0	0	0.1628
19	18599621	M1222	0	0	0	0	0	0	0	0	0	0	0	0	0	0.1979	0
15	88216968	M650	0	0	0.1144	0	0	0.4965	0.4676	0.167	0.4757	0.3897	0	0	0	0	0
13	57633452	M716	0	0	0	0.0978	0	0	0	0.1451	0	0	0	0	0	0	0.1951
15	104279168	M893	0	0	0	0	0	0	0	0.167	0	0	0	0	0	0	0
14	87792122	M1056	0	0	0	0	0	0	0	0	0	0	0	0	0.1346	0	0
19	22125441	M764	0	0.2219	0	0	0	0	0	0	0	0	0	0	0	0	0
6	46259027	M728	0	0.0354	0	0	0	0	0	0	0	0.0592	0	0.1526	0.1197	0.1979	0
13	126172879	M706	0	0.0354	0.0704	0	0	0	0	0	0	0.0592	0	0.1526	0.1197	0.1979	0
3	131835315	M671	0	0	0	0.0978	0	0	0	0.1451	0	0	0	0	0	0	0.1951
4	27588260	M1047	0	0	0	0	0	0	0	0	0	0	0	0.2981	0	0	0
8	28471645	M669	0	0	0	0	0	0.4965	0.4676	0	0.4757	0	0	0	0	0	0
9	137085039	M726	0	0	0	0	0	0	0	0	0	0	0.4203	0	0	0	0
4	136633352	M744	0	0	0	0	0	0	0	0	0	0	0	0	0.1197	0.1979	0
4	81308337	M873	0	0	0	0	0	0	0	0	0	0.3314	0	0	0	0	0
8	101831204	M1193	0	0	0.129	0	0	0	0	0	0	0	0	0	0	0	0
21	54707472	M1103	0	0	0	0	0	0	0	0	0	0	0	0	0	0	0.1628
13	131591219	M1160	0	0.2089	0	0	0	0	0	0	0	0	0	0	0	0	0
18	59241475	M785	0	0	0.129	0	0	0	0	0.1071	0	0	0	0	0	0	0
13	52026355	M835	0	0	0.1144	0	0	0	0	0	0	0	0	0	0	0	0
9	19424554	M966	0	0.013	0	0	0	0	0	0	0	0	0	0	0	0	0
2	215268001	M705	0	0	0	0	0	0	0	0	0	0	0	0	0.1346	0	0
15	82335338	M681	0	0.1602	0	0	0.3872	0	0	0.0764	0	0	0	0	0	0.2651	0
21	22570756	M644	0	0	0.1185	0.0978	0	0	0	0.1451	0	0	0.4203	0.2981	0	0	0.1951
17	36219827	M675	0	0	0.129	0	0	0	0	0.1071	0	0	0	0	0.1648	0	0
5	86915036	M804	0	0	0	0	0	0	0	0	0	0	0	0	0.1197	0.1979	0
18	80141330	M743	0	0.1602	0	0	0	0	0	0	0	0	0	0	0	0	0
20	39344529	M698	0	0.1602	0	0	0	0	0	0	0	0	0	0	0	0	0
6	80603773	M875	0	0	0	0	0	0	0	0	0	0.0583	0	0	0	0	0
10	38409591	M842	0	0	0	0	0	0	0	0	0	0.3314	0	0	0	0	0
16	101214727	M935	0	0	0	0	0	0	0	0.167	0	0	0	0	0	0	0
22	58604460	M883	0	0	0	0	0	0	0	0	0	0	0.4203	0	0	0	0
8	140878828	M667	0	0	0	0.3866	0	0	0	0	0	0	0	0	0	0	0.1628
23	18137602	M665	0	0.2219	0	0	0.0693	0	0	0	0	0	0	0	0	0	0
19	43461247	M759	0	0	0	0	0.0693	0	0	0	0	0	0	0	0	0	0
15	21716834	M692	0	0.1602	0	0	0	0	0	0	0	0	0	0	0	0	0
16	45856091	M680	0	0.0354	0.0704	0	0	0	0	0	0	0.0592	0	0.1526	0.1197	0.1565	0
11	19335370	M1121	0	0.0354	0	0	0	0	0	0	0	0	0	0	0	0	0
4	170070005	M736	0	0	0.1144	0	0	0	0	0	0	0	0	0	0	0	0
17	43037505	M654	0	0	0.1144	0	0	0.4965	0.4676	0.167	0.4757	0.3314	0	0	0	0	0
1	243656586	M652	0	0	0.1144	0	0	0.4965	0.4676	0.167	0.4757	0.3897	0	0	0	0	0
4	3305435	M646	0	0.1602	0	0	0.3872	0	0	0.0764	0	0	0	0	0.1346	0.2651	0.1264
6	112647488	M939	0	0	0	0	0	0	0	0	0	0	0	0.1526	0	0	0
5	20902226	M849	0	0	0	0	0	0	0	0	0	0	0	0	0	0	0.1264
22	15780641	M719	0	0	0	0	0.0693	0	0	0	0	0	0	0	0	0	0
21	6761261	M663	0	0.0354	0.1994	0	0	0	0	0.1071	0	0.0592	0	0.1526	0.2846	0.1979	0
14	60394357	M670	0	0.2219	0	0	0.0693	0	0	0	0	0	0	0	0	0	0
5	65884258	M697	0	0	0	0	0	0.4965	0	0	0	0	0	0	0	0	0
22	33223562	M1001	0	0	0	0	0	0	0	0	0	0	0	0	0.1197	0	0
19	53263020	M676	0	0	0	0	0	0.4965	0.4676	0	0.4757	0	0	0	0	0	0
18	20263440	M800	0	0	0	0	0	0	0.4676	0	0.4757	0	0	0	0	0	0
5	59444232	M704	0	0	0.1185	0	0	0	0	0	0	0	0.4203	0.2981	0	0	0
12	35118503	M930	0	0	0.0704	0	0	0	0	0	0	0	0	0	0	0	0
7	148392228	M1075	0	0	0.129	0	0	0	0	0	0	0	0	0	0	0	0
3	92811755	M1115	0	0	0	0	0.3872	0	0	0	0	0	0	0	0	0	0
16	8316275	M645	0	0	0.1185	0.0978	0	0	0	0.1347	0	0	0.4203	0.2981	0	0	0.1951
8	5545629	M673	0	0	0.1144	0	0	0	0	0	0	0	0	0	0	0	0
23	23157817	M1159	0	0	0	0	0.0693	0	0	0	0	0	0	0	0	0	0
2	70841682	M712	0	0	0.129	0	0	0	0	0.1071	0	0	0	0	0	0	0
21	58146146	M938	0	0	0	0	0	0	0	0.1451	0	0	0	0	0	0	0
1	49493135	M1248	0	0	0	0	0.2012	0	0	0	0	0	0	0	0	0	0
1	97868037	M887	0	0	0	0.3369	0	0	0	0	0	0	0	0	0	0	0
17	2427160	M664	0	0	0.1185	0	0	0	0	0	0	0	0.4203	0.2981	0	0	0
7	142934626	M962	0	0	0	0	0	0	0	0	0	0.0583	0	0	0	0	0
17	62013982	M1166	0	0	0	0	0	0	0	0	0	0	0	0	0	0	0.1264
10	129076636	M840	0	0	0	0	0	0	0	0.1071	0	0	0	0	0	0	0
21	18711524	M1101	0	0	0	0	0	0	0	0.0764	0	0	0	0	0	0	0
10	121299578	M724	0	0.1602	0	0	0	0	0	0	0	0	0	0	0	0	0
4	100483274	M688	0	0	0	0.0978	0	0	0	0.1451	0	0	0	0	0	0	0.1951
18	27965342	M1165	0	0	0.1144	0	0	0	0	0	0	0	0	0	0	0	0
12	20338581	M1054	0	0	0	0	0	0	0	0	0	0	0	0	0	0	0.1951
19	4718522	M1196	0	0	0	0	0	0	0	0	0	0	0	0	0	0	0.1628
6	82605046	M781	0	0	0	0	0.3872	0	0	0	0	0	0	0	0	0	0
7	8181724	M892	0	0	0.129	0	0	0	0	0	0	0	0	0	0	0	0
2	102392055	M950	0	0	0	0	0	0	0	0	0	0	0	0	0.1197	0.1979	0
2	46051751	M657	0	0	0	0	0	0	0	0	0	0.0583	0	0	0	0	0
12	53943354	M1042	0	0	0	0	0	0	0	0.0764	0	0	0	0	0	0	0
19	75359376	M1063	0	0	0	0	0	0	0.4676	0	0	0	0	0	0	0	0
7	4002337	M798	0	0	0	0	0	0	0	0.167	0	0.3314	0	0	0	0	0
17	37927703	M672	0	0.1602	0	0	0.3872	0	0	0.0764	0	0	0	0	0.1346	0.2651	0
14	8328757	M647	0	0.2219	0.1144	0	0.0693	0.4965	0.4676	0.167	0.4757	0.3897	0	0	0	0	0
19	39152441	M661	0	0	0.1144	0	0	0.4965	0.4676	0.167	0.4757	0.3314	0	0	0	0	0
3	170300144	M914	0	0.013	0	0	0	0	0	0	0	0	0	0	0	0	0
4	169060257	M651	0	0.1602	0	0	0.3872	0	0	0.0764	0	0	0	0	0.1346	0.2651	0.1264
19	49226583	M1210	0	0	0	0.0978	0	0	0	0	0	0	0	0	0	0	0
13	19056811	M1058	0	0.1602	0	0	0	0	0	0	0	0	0	0	0	0	0
