#chrom	pos	desc	normal	sample1	sample2	sample3	sample4	sample5	sample6	sample7	sample8	sample9
15	52147663	M672	0	0	0	0	0	0	0	0	0	0.0452
5	40273360	M627	0	0.1275	0	0	0	0	0	0	0	0
5	36534522	M646	0	0	0	0	0	0	0.4452	0	0.1864	0
23	24662268	M614	0	0	0	0	0	0	0	0	0	0.0452
3	43797219	M609	0	0.2946	0	0.4487	0.2239	0.2773	0.4452	0.433	0.321	0.4173
19	25276442	M628	0	0	0	0	0	0	0.4452	0	0.1852	0
13	37889262	M615	0	0.2031	0.2765	0	0.1957	0.105	0	0	0.1619	0
9	3143593	M687	0	0	0.2765	0	0	0	0	0	0	0
1	221989198	M654	0	0.1671	0	0	0	0	0	0	0	0
2	108549529	M613	0	0.1275	0	0	0.2239	0	0	0.2477	0.1346	0.4173
15	97593148	M619	0	0.1275	0	0	0	0	0	0	0	0
12	3447054	M707	0	0	0	0	0	0	0	0	0.1554	0
22	11721788	M663	0	0.2031	0	0	0.0346	0	0	0	0	0
9	96043708	M639	0	0.2031	0.2765	0	0.0346	0	0	0	0	0
11	135008279	M643	0	0	0	0	0.0547	0	0	0	0	0
11	110242267	M611	0	0.1671	0	0.4487	0	0.2773	0	0.1853	0	0
8	150236008	M713	0	0.1275	0	0	0	0	0	0	0	0
10	108999343	M635	0	0	0.1596	0	0	0.0435	0	0	0	0
16	12422052	M641	0	0	0	0	0	0	0	0.0597	0	0
6	68995212	M723	0	0	0	0	0	0	0	0.2477	0	0
1	122926499	M632	0	0	0	0	0.161	0	0	0	0	0
11	82665423	M649	0	0	0	0	0	0	0	0	0	0.4173
8	70462130	M616	0	0.1275	0	0	0.1692	0	0	0.2477	0	0
16	2041587	M685	0	0	0.1596	0	0	0	0	0	0	0
13	11669622	M718	0	0	0	0	0.0547	0	0	0	0	0
20	2022600	M621	0	0	0	0	0	0	0	0.0597	0	0
20	25791082	M648	0	0	0	0	0.161	0	0	0	0	0
2	159379579	M680	0	0	0	0	0	0.1607	0	0	0	0
11	90685856	M681	0	0	0	0	0	0	0	0	0.1346	0
14	55738499	M658	0	0	0	0	0	0	0	0.2477	0	0
11	96231102	M631	0	0	0	0	0	0	0	0	0.1346	0
13	58870555	M630	0	0	0	0.4487	0	0.2773	0	0.1853	0	0
5	107123676	M660	0	0	0	0	0	0.0435	0	0	0	0
18	25194351	M633	0	0	0	0	0	0	0	0.2477	0	0
8	43773773	M737	0	0	0.1596	0	0	0	0	0	0	0
23	9803781	M667	0	0	0	0	0.161	0	0	0	0	0
23	2767120	M666	0	0	0	0	0	0	0.4452	0	0.1864	0
6	52273089	M624	0	0	0	0	0.161	0	0	0	0	0
4	14392429	M623	0	0	0	0	0.0547	0	0	0	0.1346	0
21	40412356	M618	0	0	0	0	0	0	0	0	0.1554	0
8	130154182	M702	0	0.2031	0	0	0	0	0	0	0	0
6	76820315	M610	0	0.2031	0.2765	0	0.1957	0.105	0	0.0597	0.1619	0.0452
9	49573891	M622	0	0.1671	0	0.4487	0	0.2773	0	0.1853	0	0
16	71032609	M612	0	0	0	0	0	0	0.4452	0	0.1864	0
