#chrom	pos	desc	normal	sample1	sample2	sample3	sample4	sample5	sample6	sample7	sample8	sample9
4	55065937	M4528	0	0	0.081	0	0	0	0	0	0	0
6	55948969	M4193	0	0	0	0.001	0.079	0	0	0.097	0	0
7	71809249	M3993	0	0.146	0.301	0.411	0.198	0.101	0	0.005	0.284	0.359
18	37631995	M4645	0	0	0.181	0.001	0.213	0.001	0.001	0	0.26	0
4	159298735	M4477	0	0.311	0.001	0.001	0.077	0.212	0.46	0.248	0	0.001
21	24898879	M3501	0	0	0.001	0.001	0.051	0.054	0.001	0	0.105	0.127
7	111061618	M4619	0	0.304	0	0	0	0.195	0	0.248	0	0
4	111544882	M3337	0	0.13	0.296	0.423	0.173	0.127	0	0.013	0.253	0.351
11	63830565	M4156	0	0	0.001	0.002	0.064	0.045	0.001	0.001	0.074	0.143
16	82163210	M4548	0	0	0.19	0	0.001	0	0	0.044	0.149	0
11	123123190	M3376	0	0.109	0.267	0.435	0.204	0.114	0	0.018	0.236	0.373
22	36848269	M4075	0	0.459	0.202	0	0.143	0.328	0.627	0.427	0.148	0
5	55791894	M4559	0	0	0	0	0.002	0.039	0	0	0.001	0
15	79238338	M4460	0	0.308	0	0	0.093	0.21	0.515	0.237	0	0.001
11	54167222	M4269	0	0	0.075	0.001	0.001	0	0	0	0	0
20	56325999	M4520	0	0.001	0	0	0.06	0.042	0	0	0	0
19	60711871	M4015	0	0.133	0.301	0.404	0.189	0.109	0.001	0.009	0.253	0.365
11	82292564	M4277	0	0	0.001	0.001	0.088	0	0	0.102	0	0
3	121220613	M4544	0	0	0	0	0	0	0	0	0	0.131
22	48671957	M4422	0	0.095	0.198	0.001	0.182	0.001	0	0	0.25	0
15	104094593	M4420	0	0	0	0.408	0	0.115	0	0.002	0	0.339
19	43714175	M3490	0	0.138	0.27	0.417	0.207	0.102	0	0.014	0.278	0.353
8	36346245	M3431	0	0.288	0.194	0	0.084	0.259	0.492	0.276	0.142	0.001
20	3755144	M4415	0	0.002	0.205	0	0	0	0	0.047	0.149	0
21	55425002	M4326	0	0.264	0.001	0	0.05	0.185	0.51	0.23	0	0
8	134928426	M3691	0	0.223	0.184	0	0.068	0.191	0.339	0.23	0.111	0.001
16	29096213	M4093	0	0.272	0.139	0	0.071	0.21	0.475	0.285	0.122	0
1	99677523	M3739	0	0.091	0.226	0.424	0.179	0.086	0	0.007	0.21	0.389
21	32939578	M4090	0	0.001	0	0.311	0	0.096	0	0	0	0.262
8	105766939	M4443	0	0.099	0.154	0	0.174	0.001	0.001	0	0.234	0
21	37106098	M4521	0	0	0.001	0.005	0.001	0.001	0	0	0.069	0
2	226698689	M4681	0	0	0	0.001	0	0	0	0	0.109	0.001
6	65440629	M4237	0	0.312	0	0.001	0.099	0.233	0.465	0.244	0.001	0
16	34933336	M3895	0	0	0	0	0.053	0.049	0	0	0.075	0.093
9	36967160	M3481	0	0.115	0.311	0.41	0.208	0.108	0.002	0.016	0.238	0.373
21	1292646	M4180	0	0.134	0.217	0	0.203	0	0.001	0.011	0.251	0
6	156590556	M4568	0	0.124	0	0.002	0	0.001	0.001	0.001	0	0.001
14	9716001	M3455	0	0.138	0.296	0.427	0.211	0.119	0	0.01	0.246	0.366
4	170110380	M4297	0	0	0.082	0	0.001	0	0.001	0	0.001	0
6	96554392	M4056	0	0.001	0	0	0.047	0.055	0	0.002	0.092	0.138
16	55342398	M3344	0	0.28	0.205	0	0.081	0.247	0.5	0.287	0.129	0.001
10	22079588	M3351	0	0.257	0.175	0	0.091	0.243	0.507	0.301	0.125	0
13	61151090	M3714	0	0.088	0.285	0.408	0.175	0.107	0.001	0.012	0.262	0.354
14	51199292	M4506	0	0	0	0	0.078	0.002	0.001	0.103	0.003	0
1	243092114	M4517	0	0.001	0.001	0	0	0	0	0	0.001	0.135
7	61832227	M4530	0	0	0.184	0.001	0	0	0	0.044	0.15	0.001
18	32921902	M4041	0	0	0	0	0.053	0.066	0	0	0.104	0.124
17	10012997	M4298	0	0	0.015	0	0	0.001	0	0.009	0.001	0
1	168892743	M4642	0	0.001	0	0	0.072	0	0.289	0	0.001	0
8	41315656	M4345	0	0	0.081	0	0	0	0.001	0.001	0	0
11	134769812	M4594	0	0.001	0	0	0.001	0.059	0.003	0	0.001	0
4	63039700	M4338	0	0.001	0.015	0	0	0	0	0.008	0	0
11	36280884	M4678	0	0	0	0	0.095	0.001	0	0.114	0.001	0
3	162746700	M4369	0	0.279	0.001	0	0.082	0.237	0.468	0.21	0	0
10	9179076	M4426	0	0.001	0	0	0	0.001	0	0	0.09	0.001
9	141447585	M4684	0	0.001	0	0	0	0	0	0	0.265	0.001
6	92368508	M4385	0	0	0.001	0	0.089	0	0	0.103	0.002	0
20	50053440	M4038	0	0.109	0.272	0	0.197	0	0.001	0.013	0.229	0
22	46456387	M4618	0	0.001	0	0.002	0	0.034	0.001	0.001	0	0
23	34904462	M3500	0	0.119	0.275	0.404	0.185	0.106	0	0.006	0.234	0.347
11	94297793	M4461	0	0	0	0.415	0.002	0.115	0.001	0.001	0	0.002
2	188687985	M4329	0	0.001	0.079	0	0	0	0.001	0	0	0
6	9052030	M4120	0	0.139	0.215	0	0.217	0	0.001	0.021	0.263	0
17	48142647	M4186	0	0.323	0	0	0.093	0.253	0.47	0.225	0.002	0.002
20	14157711	M3665	0	0.143	0.292	0.403	0.218	0.127	0	0.015	0.249	0.362
18	75863201	M4616	0	0	0	0	0	0	0	0.001	0.121	0
3	150837349	M4663	0	0	0	0	0	0	0	0.053	0.001	0
12	118712541	M4399	0	0	0	0	0.082	0	0	0.103	0	0
16	75252076	M3327	0	0.428	0.478	0.443	0.345	0.423	0.482	0.299	0.462	0.634
16	32775995	M4350	0	0	0	0	0.001	0.001	0	0.001	0.081	0
12	115159208	M4382	0	0.001	0.188	0	0	0	0.001	0.05	0.129	0
22	52383018	M4638	0	0.001	0	0.001	0	0	0	0	0.094	0.001
17	2166051	M4157	0	0	0	0	0.103	0.001	0.001	0.117	0.001	0.002
11	68806571	M3841	0	0.304	0.174	0	0.085	0.241	0.48	0.27	0.139	0
2	27337588	M4502	0	0	0.001	0.001	0	0.001	0.001	0.001	0.089	0
2	102521508	M4577	0	0	0	0.001	0	0	0.001	0	0	0.342
7	101099230	M4299	0	0	0.173	0	0	0	0.001	0.05	0.131	0.003
11	73525701	M3385	0	0.295	0.161	0	0.076	0.219	0.486	0.296	0.143	0.001
2	13603891	M3921	0	0.132	0.28	0.399	0.202	0.102	0	0.008	0.268	0.338
19	72459219	M4194	0	0	0.208	0	0	0	0	0.042	0.131	0
19	34545495	M4140	0	0.001	0	0	0.075	0	0.001	0.078	0	0
14	55612529	M4539	0	0.002	0.019	0	0.001	0	0	0.008	0	0
10	36662299	M4020	0	0.279	0.196	0	0.08	0.232	0.51	0.309	0.142	0.001
14	56506311	M4254	0	0.001	0.083	0	0	0	0	0	0	0.001
7	130102936	M4131	0	0.119	0.198	0	0.192	0.001	0	0.028	0.274	0
16	85855844	M3377	0	0	0.001	0	0.043	0.039	0	0	0.107	0.096
5	168914539	M3461	0	0.319	0.186	0	0.067	0.246	0.497	0.287	0.14	0.001
16	30990382	M4390	0	0.001	0.014	0.001	0.001	0	0.001	0.009	0	0
17	45833743	M4450	0	0	0.103	0	0	0	0	0	0	0
10	33481880	M4091	0	0	0.001	0	0.059	0.049	0	0	0.096	0.147
7	91572362	M3606	0	0.123	0.298	0.419	0.194	0.124	0.001	0.007	0.292	0.376
8	47050164	M4640	0	0.002	0	0	0.001	0.001	0.001	0	0	0.15
17	14383505	M3894	0	0.134	0.269	0.407	0.207	0.103	0.003	0.013	0.283	0.368
11	89185714	M3819	0	0.305	0.184	0	0.088	0.227	0.495	0.283	0.144	0.001
18	78369609	M4198	0	0	0	0	0.095	0.106	0	0	0.09	0.221
1	78429360	M4211	0	0	0	0.001	0.064	0	0	0.089	0	0
1	159643539	M4044	0	0	0	0.417	0	0.077	0.001	0	0	0.367
2	151848313	M4654	0	0	0	0	0.082	0.001	0.001	0	0	0
16	5502734	M4440	0	0.001	0.001	0	0	0.036	0.001	0	0	0
4	139607480	M4664	0	0.003	0	0	0.001	0	0.495	0	0.002	0
5	27696058	M4545	0	0	0	0.001	0	0.001	0.001	0	0.086	0.001
23	48073089	M3751	0	0.298	0.185	0	0.079	0.25	0.495	0.291	0.248	0
15	93308933	M3476	0	0	0.001	0	0.046	0.055	0	0	0.091	0.145
1	206347500	M4581	0	0.253	0	0.002	0.001	0.147	0	0.186	0	0
22	52332579	M3515	0	0	0	0	0.049	0.044	0	0	0.097	0.088
12	70451325	M4482	0	0	0.19	0	0.001	0	0	0.046	0.141	0
15	47509998	M3674	0	0.001	0	0	0.044	0.058	0.001	0	0.09	0.144
2	168764873	M4346	0	0	0	0	0.076	0	0	0.107	0	0
19	40927347	M4215	0	0.001	0	0.001	0.062	0.057	0	0	0.093	0.128
11	111612928	M3994	0	0.284	0.192	0.001	0.078	0.252	0.534	0.294	0.107	0.002
12	92232738	M4689	0	0	0	0.001	0	0	0	0	0.129	0
10	15476465	M4695	0	0	0.001	0	0	0	0	0	0	0.369
12	41304710	M4380	0	0	0	0.416	0.001	0.112	0	0	0	0.387
13	124419450	M3429	0	0.135	0.289	0.419	0.2	0.134	0	0.014	0.222	0.349
16	2454146	M4407	0	0.266	0	0.001	0.066	0.179	0.481	0.221	0.001	0
2	209486101	M4546	0	0	0	0	0.08	0	0	0.094	0.001	0.001
14	68580182	M4433	0	0.128	0.18	0	0.21	0	0.001	0	0.249	0.001
11	16341321	M4522	0	0	0	0	0.074	0.001	0.002	0.097	0	0
20	55921918	M3632	0	0	0	0	0.057	0.045	0	0	0.116	0.098
9	40597392	M4107	0	0.131	0.28	0	0.187	0	0.001	0.012	0.253	0
12	7986910	M3324	0	0.46	0.465	0.411	0.333	0.419	0.5	0.283	0.509	0.502
23	41542389	M3334	0	0.281	0.178	0	0.13	0.297	0.456	0.297	0.351	0.126
19	37447196	M3946	0	0.001	0	0.001	0.045	0.039	0.001	0.001	0.068	0.116
10	26949969	M4396	0	0.099	0.211	0.001	0.178	0	0	0.002	0.267	0
6	22948330	M4700	0	0	0.183	0	0	0.001	0	0.001	0.001	0
6	122912555	M4690	0	0	0.001	0	0	0.194	0	0.23	0	0.001
15	24662127	M4694	0	0	0.196	0	0	0	0.001	0	0	0
7	12797961	M4483	0	0	0	0	0.001	0	0	0.001	0	0.15
9	40893698	M4661	0	0	0	0	0	0.039	0	0.001	0	0.002
18	15058339	M3380	0	0.282	0.18	0.002	0.084	0.224	0.501	0.295	0.122	0
22	53504853	M4603	0	0.232	0.001	0	0.001	0.155	0	0.198	0.001	0
10	76565403	M3357	0	0.145	0.348	0.412	0.18	0.115	0.001	0.014	0.21	0.319
9	57848489	M4243	0	0	0	0	0.072	0	0	0.102	0	0
8	119372923	M3503	0	0.083	0.246	0.408	0.204	0.076	0	0.016	0.229	0.364
23	8696843	M3931	0	0.291	0.184	0	0.078	0.238	0.467	0.276	0.135	0
11	46853323	M4665	0	0	0.001	0	0.189	0	0	0.002	0.252	0
19	75629487	M3780	0	0	0	0	0.057	0.057	0.001	0	0.089	0.119
12	92633960	M3547	0	0	0.002	0.001	0.045	0.056	0	0	0.102	0.138
21	18178292	M4478	0	0	0	0.434	0.002	0.117	0	0	0	0.001
