#chrom	pos	desc	normal	sample1	sample2	sample3	sample4	sample5	sample6	sample7	sample8	sample9
19	13204372	M127	0	0	0.2082	0	0.168	0	0	0	0.0576	0.4778
23	14242820	M142	0	0	0.2082	0	0	0	0	0	0	0
19	21482901	M145	0	0	0.2082	0	0	0	0	0	0	0
4	132911080	M173	0	0	0	0	0.168	0	0	0	0.0576	0
17	640021	M144	0	0	0	0.1805	0	0	0	0	0.0392	0
17	16133295	M130	0	0	0.017	0	0.0195	0	0	0	0.2483	0
23	7991995	M231	0	0	0	0.0169	0	0	0	0	0	0
7	115062643	M164	0	0	0.017	0	0.0195	0	0	0	0	0
12	61101266	M229	0	0	0	0	0	0	0	0.0067	0	0
13	62946143	M169	0	0	0.2082	0	0	0	0	0	0	0
2	135623026	M125	0	0.0501	0.1984	0.304	0.2552	0.4925	0.4208	0.4638	0.398	0
9	75468097	M148	0	0	0	0.0169	0	0	0	0.0067	0	0
17	76010194	M126	0	0.0703	0.1984	0.287	0.2552	0	0.4208	0.457	0.398	0
3	2497317	M129	0	0	0	0.1805	0	0	0	0	0.0392	0
8	102800588	M166	0	0	0	0	0	0	0.4208	0.0876	0	0
7	38214386	M138	0	0	0.2082	0	0.168	0	0	0	0.0576	0.4778
11	110318713	M128	0	0	0	0	0	0.4925	0	0	0	0
15	51200238	M228	0	0	0.1814	0	0	0	0	0	0	0
5	105473716	M134	0	0	0	0	0	0	0	0	0.2483	0
21	49707458	M132	0	0.0703	0.1814	0.1926	0.2357	0	0.4208	0.6035	0.1105	0
20	34201370	M157	0	0	0	0	0.1648	0	0	0	0.0461	0.4778
3	81746915	M140	0	0	0	0.1065	0.2357	0	0	0.3694	0.1105	0
1	7731462	M218	0	0	0	0	0	0	0.4208	0	0	0
6	103591840	M185	0	0	0	0	0	0	0	0.3694	0	0
13	44849867	M189	0	0	0	0	0	0	0	0.0876	0	0
18	16970636	M182	0	0	0	0.0169	0	0	0	0	0	0
8	148442209	M155	0	0.0703	0.1814	0	0	0	0.4208	0.0876	0	0
6	18513513	M201	0	0	0	0	0	0	0	0	0.1105	0
6	138003994	M184	0	0	0	0	0	0	0	0	0.2483	0
19	41522940	M225	0	0	0	0.1805	0	0	0	0	0	0
23	24079397	M135	0	0	0	0.0169	0	0	0	0.0067	0	0
1	154600492	M153	0	0	0	0.1805	0	0	0	0	0.0392	0
13	103181573	M172	0	0	0	0.0169	0	0	0	0.0067	0	0
15	84733658	M163	0	0	0	0	0	0	0	0	0.0392	0
11	78416330	M133	0	0	0.2082	0	0.168	0	0	0	0.0576	0.4778
3	194214613	M220	0	0	0	0	0	0	0	0	0.0576	0
