#chrom	pos	desc	normal	sample1	sample2	sample3	sample4	sample5	sample6	sample7	sample8	sample9	sample10	sample11	sample12	sample13	sample14
18	31949659	M6450	0	0.2655	0	0	0	0	0	0	0.1104	0	0	0	0	0	0
14	82084823	M6451	0	0.2313	0	0.0125	0	0	0.0184	0.1298	0.166	0	0	0	0.1229	0	0
15	97767773	M6456	0	0.2313	0	0	0	0	0	0.1298	0	0	0	0	0.1181	0	0
23	20633022	M6468	0	0	0	0	0	0.0722	0	0	0	0	0	0	0	0	0
13	34240822	M6424	0	0.4968	0	0.103	0.2749	0.318	0.0184	0.1298	0.3893	0	0	0.4867	0.4832	0	0.4806
16	19014823	M6447	0	0	0	0	0.1963	0	0	0	0	0	0	0	0	0	0
8	97324891	M6472	0	0	0	0	0	0	0	0.0711	0.0523	0	0	0	0	0	0
3	120762181	M6429	0	0	0	0.3091	0	0.1343	0	0.2111	0	0.2077	0.4141	0	0	0	0
18	50336463	M6466	0	0	0.4635	0	0	0	0.4572	0	0	0	0	0	0	0	0
20	7011134	M6461	0	0	0	0.0125	0	0	0.0184	0	0	0	0	0	0.0047	0	0
14	16006002	M6437	0	0.2313	0	0.0125	0	0	0.0184	0.1298	0.166	0	0	0.1392	0.1229	0	0
21	44967108	M6462	0	0	0	0	0	0	0.0033	0.0711	0.0523	0	0	0	0	0	0
11	72641820	M6452	0	0	0	0	0	0	0	0	0	0	0	0	0	0	0.4806
7	34564656	M6436	0	0.1774	0	0	0	0	0	0	0.0794	0	0	0	0	0	0
6	92354448	M6423	0	0	0.4635	0	0	0	0.4572	0	0	0	0	0	0	0	0
16	6022100	M6422	0	0.4968	0.4635	0.103	0.2749	0.318	0.4756	0.1298	0.3893	0	0	0.4867	0.4832	0	0.4806
12	6922913	M6431	0	0	0	0	0	0	0	0	0	0.2348	0	0	0	0	0
19	11038451	M6459	0	0	0	0	0	0	0	0	0.1017	0	0	0.1341	0.1382	0	0
5	1619151	M6460	0	0	0	0	0	0	0	0	0	0	0	0.1392	0	0	0
6	106380353	M6440	0	0	0	0	0	0	0	0.029	0	0	0	0	0	0	0
18	14078474	M6463	0	0	0	0	0	0.318	0	0	0	0	0	0.2135	0.2221	0	0
12	5531662	M6471	0	0	0	0	0	0	0	0	0	0	0	0.1392	0	0	0
20	48723315	M6417	0	0.4968	0.4635	0.4121	0.4713	0.4897	0.4756	0.3699	0.3893	0.4425	0.4141	0.4867	0.4832	0.402	0.4806
23	5406051	M6434	0	0	0	0.0904	0	0.318	0	0	0.113	0	0	0.3475	0.3603	0	0.4806
10	78161240	M6457	0	0	0	0.3091	0	0.1343	0	0	0	0.2077	0	0	0	0	0
