#chrom	pos	desc	normal	sample1	sample2	sample3	sample4	sample5	sample6	sample7	sample8	sample9
21	44967108	M6462	0	0.001	0	0.002	0.001	0	0.001	0	0	0
18	31949659	M6450	0	0	0.002	0	0	0	0.002	0.141	0	0
7	34564656	M6436	0	0	0	0	0.002	0	0	0.108	0	0
14	82084823	M6451	0	0.001	0.435	0	0.22	0	0	0.109	0.004	0
6	92354448	M6423	0	0	0	0	0.125	0	0	0.146	0.128	0
15	97767773	M6456	0	0	0.444	0	0.001	0.001	0	0.11	0.001	0.003
14	86924606	M6455	0	0	0	0.001	0.122	0	0	0	0	0
16	6022100	M6422	0	0	0.453	0.462	0.383	0.002	0.398	0.464	0.437	0.455
13	34240822	M6424	0	0	0.418	0.472	0.227	0	0.417	0.323	0.317	0.458
19	11038451	M6459	0	0.001	0	0	0.001	0	0	0.001	0.133	0
5	1619151	M6460	0	0.001	0.001	0.069	0.001	0.001	0	0	0	0
6	106380353	M6440	0	0	0	0	0.14	0.43	0	0	0	0
6	20760405	M6464	0	0	0.417	0.001	0.001	0	0	0.001	0	0
18	14078474	M6463	0	0.001	0	0	0	0	0.378	0	0	0
18	50336463	M6466	0	0	0	0	0.149	0.001	0	0.131	0.132	0
20	7011134	M6461	0	0	0	0	0.001	0	0.001	0	0.007	0
20	48723315	M6417	0	0.442	0.451	0.47	0.511	0.407	0.448	0.497	0.42	0.439
19	1739872	M6470	0	0	0	0	0.001	0	0	0.107	0.001	0
17	4721286	M6430	0	0	0	0.407	0.001	0	0.002	0	0.164	0
9	144813961	M6458	0	0	0	0.402	0	0	0.001	0	0.166	0
23	5406051	M6434	0	0.001	0	0	0	0	0.392	0	0.138	0
14	16006002	M6437	0	0	0.446	0.082	0.217	0.001	0	0.193	0.007	0.449
