#chrom	pos	desc	normal	sample1	sample2	sample3	sample4	sample5	sample6	sample7	sample8	sample9	sample10	sample11	sample12	sample13	sample14
18	31949659	M6450	0	0.281	0.001	0	0	0	0	0	0.098	0.002	0	0	0.001	0	0.001
14	82084823	M6451	0	0.223	0	0.014	0	0.002	0.014	0.136	0.158	0.001	0	0	0.123	0	0.001
15	97767773	M6456	0	0.225	0	0	0.001	0	0	0.145	0	0.001	0	0	0.112	0.001	0.002
23	20633022	M6468	0	0	0	0	0.002	0.081	0	0	0	0.001	0.001	0	0	0	0
13	34240822	M6424	0	0.494	0	0.105	0.273	0.325	0.022	0.12	0.374	0.001	0	0.503	0.478	0.001	0.467
16	19014823	M6447	0	0.001	0	0	0.191	0	0	0	0.001	0	0	0	0.001	0	0
8	97324891	M6472	0	0	0	0	0	0.001	0.002	0.065	0.056	0	0.001	0.001	0.001	0	0.001
3	120762181	M6429	0	0	0	0.31	0	0.16	0	0.205	0	0.2	0.41	0	0	0.001	0.001
18	50336463	M6466	0	0.001	0.46	0	0.002	0.002	0.453	0	0	0	0	0.001	0	0	0
20	7011134	M6461	0	0	0	0.011	0.001	0	0.01	0	0	0	0	0	0.005	0	0
14	16006002	M6437	0	0.25	0.001	0.006	0	0	0.019	0.133	0.164	0.002	0	0.16	0.114	0	0.001
21	44967108	M6462	0	0	0.002	0	0.002	0.001	0.003	0.084	0.053	0.001	0.001	0	0	0.001	0.001
11	72641820	M6452	0	0.002	0.002	0.001	0	0	0	0.001	0.001	0.001	0.001	0	0	0.001	0.478
7	34564656	M6436	0	0.175	0.001	0	0.002	0	0	0	0.068	0	0	0	0	0	0
6	92354448	M6423	0	0	0.462	0	0	0.001	0.451	0	0	0.001	0.001	0	0	0	0
16	6022100	M6422	0	0.48	0.463	0.11	0.28	0.324	0.466	0.123	0.401	0	0	0.474	0.498	0.001	0.478
12	6922913	M6431	0	0	0	0	0	0	0	0.001	0.001	0.243	0.001	0.001	0.001	0.001	0.001
19	11038451	M6459	0	0	0.001	0	0	0	0.001	0.001	0.117	0	0.001	0.123	0.146	0	0
5	1619151	M6460	0	0.001	0	0	0	0.001	0	0	0	0	0	0.133	0	0	0
6	106380353	M6440	0	0.001	0	0	0	0	0	0.027	0	0	0	0	0.001	0	0
18	14078474	M6463	0	0	0	0	0	0.318	0	0	0	0	0	0.244	0.234	0	0.001
12	5531662	M6471	0	0	0	0.001	0	0	0	0.001	0	0	0	0.143	0	0	0.001
20	48723315	M6417	0	0.493	0.446	0.386	0.464	0.489	0.468	0.365	0.366	0.45	0.409	0.481	0.493	0.407	0.463
23	5406051	M6434	0	0.001	0	0.088	0.001	0.311	0.001	0	0.108	0	0.001	0.361	0.372	0.001	0.467
10	78161240	M6457	0	0	0	0.268	0.001	0.132	0	0	0.001	0.185	0	0	0	0	0.002
