#chrom	pos	desc	normal	sample1	sample2	sample3	sample4	sample5	sample6	sample7	sample8	sample9	sample10	sample11	sample12	sample13	sample14
18	31949659	M6450	0	0.2668	0.0006	0.0002	0.0003	0.0003	0.0004	0.0002	0.1134	0.0005	0.0006	0.0001	0.0002	0.0001	0.0004
14	82084823	M6451	0	0.2321	0.0003	0.0131	0.0005	0.0003	0.0209	0.1262	0.1594	0.0004	0.0004	0.0004	0.1231	0.0003	0.0003
15	97767773	M6456	0	0.2412	0.0004	0.0004	0.0003	0.0005	0.0002	0.1274	0	0.0003	0.0005	0.0001	0.117	0.0001	0.0005
23	20633022	M6468	0	0.0002	0.0007	0.0002	0.0002	0.0761	0	0.0004	0.0004	0.0006	0.0002	0.0004	0.0001	0.0003	0.0003
13	34240822	M6424	0	0.498	0.0003	0.0992	0.2739	0.3199	0.0198	0.1336	0.3812	0.0002	0.0001	0.4908	0.4798	0.0002	0.4805
16	19014823	M6447	0	0.0004	0.0003	0.0005	0.1923	0.0003	0.0002	0.0003	0.0003	0.0003	0.0003	0.0005	0.0002	0.0006	0.0001
8	97324891	M6472	0	0.0003	0.0005	0.0004	0.0005	0.0004	0.0006	0.0686	0.0521	0.0006	0.0002	0.0004	0.0006	0.0003	0.0003
3	120762181	M6429	0	0.0004	0.0004	0.3096	0.0001	0.1368	0.0004	0.2041	0.0003	0.2108	0.4161	0.0004	0.0001	0.0006	0.0004
18	50336463	M6466	0	0.0001	0.4537	0.0003	0.0006	0.0003	0.4555	0.0004	0.0003	0.0005	0.0006	0.0002	0.0002	0.0004	0.0002
20	7011134	M6461	0	0.0004	0	0.0115	0.0003	0.0004	0.0186	0.0006	0.0002	0.0004	0.0002	0.0001	0.0042	0.0004	0.0003
14	16006002	M6437	0	0.234	0.0001	0.017	0.0002	0.0005	0.017	0.1296	0.1741	0.0004	0.0005	0.1333	0.1225	0.0003	0.0006
21	44967108	M6462	0	0.0001	0.0004	0.0006	0.0004	0.0005	0.0036	0.077	0.0503	0	0.0003	0.0004	0.0003	0.0004	0.0003
11	72641820	M6452	0	0.0004	0.0002	0.0002	0.0003	0.0004	0.0005	0.0003	0.0002	0.0002	0.0004	0.0004	0.0002	0.0003	0.484
7	34564656	M6436	0	0.179	0.0004	0	0.0003	0.0004	0.0003	0.0002	0.0823	0.0003	0.0004	0.0004	0.0001	0.0005	0.0005
6	92354448	M6423	0	0.0002	0.4649	0.0003	0.0002	0.0001	0.4536	0.0004	0.0004	0.0005	0.0004	0.0006	0.0005	0.0004	0.0004
16	6022100	M6422	0	0.5023	0.469	0.0997	0.2713	0.3199	0.4649	0.1271	0.3896	0.0004	0.0001	0.4815	0.4894	0.0003	0.482
12	6922913	M6431	0	0.0005	0.0003	0.0005	0.0002	0.0004	0.0003	0.0005	0.0004	0.2338	0.0006	0.0002	0.0004	0.0003	0.0003
19	11038451	M6459	0	0.0004	0.0004	0.0001	0.0001	0.0003	0.0003	0.0004	0.1042	0.0003	0.0002	0.1274	0.1356	0.0009	0.0005
5	1619151	M6460	0	0.0006	0.0003	0.0005	0.0003	0.0004	0.0002	0.0002	0.0003	0.0003	0.0004	0.1328	0.0005	0.0005	0.0003
6	106380353	M6440	0	0.0007	0.0005	0.0002	0.0002	0.0004	0.0003	0.0289	0.0004	0.0002	0.0003	0.0001	0.0004	0.0006	0.0004
18	14078474	M6463	0	0.0004	0.0006	0.0005	0.0003	0.3125	0.0002	0.0001	0.0001	0.0005	0.0004	0.2111	0.2221	0.0004	0.0006
12	5531662	M6471	0	0.0003	0.0004	0.0001	0.0003	0.0008	0.0006	0.0002	0.0001	0.0002	0.0003	0.1432	0.0002	0.0004	0.0001
20	48723315	M6417	0	0.4886	0.4635	0.4156	0.4651	0.4872	0.483	0.3768	0.3933	0.4365	0.4149	0.4861	0.4854	0.407	0.492
23	5406051	M6434	0	0.0006	0.0004	0.0938	0.0002	0.3186	0.0001	0.0003	0.1065	0.0006	0.0002	0.3413	0.3573	0.0007	0.4744
10	78161240	M6457	0	0.0003	0.0003	0.3098	0.0004	0.1336	0.0001	0.0002	0.0005	0.2101	0	0.0002	0.0004	0.0001	0.0002
