#chrom	pos	desc	normal	sample1	sample2	sample3	sample4	sample5	sample6	sample7	sample8	sample9
17	28655790	M1680	0	0.001	0	0.001	0	0	0	0	0.131	0
13	21289718	M1685	0	0	0	0	0	0.001	0.028	0	0	0
6	72044122	M1688	0	0	0	0	0	0	0	0.001	0.085	0
21	45834547	M1528	0	0	0	0.001	0	0.192	0	0	0	0.001
10	96549382	M1522	0	0	0	0	0	0	0	0.145	0.15	0
17	58399678	M1622	0	0.422	0	0	0.001	0	0	0	0.001	0
4	163045108	M1563	0	0.001	0	0.423	0	0.001	0.024	0	0	0
12	2411771	M1489	0	0	0.482	0	0.397	0	0.288	0	0.388	0
13	395405	M1544	0	0.001	0.002	0.448	0.001	0	0.032	0	0	0.001
6	5210417	M1624	0	0	0	0	0.002	0	0.001	0	0.15	0.001
11	129755434	M1478	0	0.001	0	0	0	0.22	0.001	0.18	0.16	0
4	63717931	M1586	0	0.002	0.001	0	0	0.001	0.001	0.042	0	0
1	46563858	M1514	0	0.419	0.001	0.422	0	0	0.138	0.145	0	0
15	71338480	M1597	0	0	0.508	0	0	0	0	0.002	0	0
13	39485779	M1494	0	0	0.459	0	0.127	0	0.001	0	0	0
3	48408481	M1479	0	0	0	0.001	0	0.206	0	0.208	0.15	0.001
5	76929538	M1546	0	0	0	0	0.002	0.001	0	0.129	0	0
18	23821278	M1598	0	0	0	0	0.001	0.001	0.027	0	0	0
11	75483205	M1509	0	0	0.522	0	0.146	0	0	0.001	0	0
14	80188389	M1558	0	0	0.001	0	0.001	0.239	0.002	0	0.001	0.001
1	116246719	M1493	0	0.416	0	0.412	0	0.002	0.127	0.139	0	0
21	29765094	M1605	0	0.4	0	0	0	0.002	0.001	0.166	0.001	0.001
14	32378781	M1559	0	0	0.48	0.001	0	0	0.001	0	0	0
12	50438376	M1541	0	0	0	0.001	0	0	0.319	0.001	0.081	0
15	12411808	M1649	0	0.001	0.001	0.001	0.001	0	0.027	0.001	0	0.001
5	57061712	M1647	0	0	0	0.001	0	0	0	0.045	0.001	0
19	50949605	M1525	0	0	0.001	0	0.239	0.001	0	0	0.261	0.002
17	80593160	M1503	0	0	0	0	0	0.213	0	0.001	0	0
15	18677981	M1484	0	0.401	0	0.441	0.001	0	0.126	0.165	0	0
13	25289809	M1583	0	0	0.001	0	0.001	0.001	0.001	0.145	0	0
7	135416481	M1502	0	0.001	0	0	0	0.001	0.001	0	0	0.5
3	125318495	M1496	0	0	0	0.001	0	0	0.001	0.054	0	0
20	39046648	M1668	0	0.001	0.001	0.001	0	0	0.001	0.116	0.001	0
20	55255210	M1573	0	0.001	0	0	0.001	0.001	0.032	0.001	0	0
23	17654658	M1476	0	0.395	0	0.425	0.001	0.384	0.124	0.48	0.16	0
2	121217932	M1652	0	0.002	0	0.001	0.002	0	0	0.14	0	0
14	5350737	M1477	0	0.001	0.502	0.001	0.378	0	0.276	0	0.35	0.505
21	31974643	M1549	0	0.001	0	0.001	0	0	0	0.048	0.001	0
12	83033066	M1480	0	0.376	0	0.418	0.001	0.165	0.128	0.15	0	0
23	45652863	M1623	0	0	0	0	0	0	0.001	0	0.001	0.516
18	28611732	M1529	0	0.001	0.002	0	0	0	0.002	0.141	0	0.002
17	78488514	M1613	0	0.001	0	0	0.257	0	0	0	0	0
10	117529886	M1662	0	0	0.001	0	0	0	0.17	0	0.083	0.001
14	34115601	M1488	0	0	0	0.001	0	0	0	0.149	0.001	0.002
21	30450458	M1669	0	0.413	0	0.001	0	0	0	0.001	0	0
