#chrom	pos	desc	normal	sample1	sample2	sample3	sample4	sample5	sample6	sample7	sample8	sample9	sample10	sample11	sample12	sample13	sample14
6	119577793	M1530	0	0	0	0	0	0	0	0	0	0	0	0	0	0	0.1031
6	72044122	M1688	0	0	0	0	0	0	0	0	0	0	0.0847	0	0	0	0
10	96549382	M1522	0	0	0	0.2773	0	0.4744	0	0	0	0.0977	0.283	0	0	0.1379	0.1679
18	3058150	M1517	0	0	0	0	0.1307	0	0	0	0	0	0	0	0	0	0
4	163045108	M1563	0	0	0	0	0	0	0	0	0	0	0	0	0.094	0	0
12	2411771	M1489	0	0.1502	0.2637	0.1258	0.1778	0	0	0.0168	0.2394	0	0.0847	0.2973	0.1284	0.1095	0
6	5210417	M1624	0	0	0	0.2773	0	0	0	0	0	0	0	0	0	0	0.1679
8	132704470	M1523	0	0	0	0	0	0	0	0	0	0.1209	0.028	0	0	0	0
13	395405	M1544	0	0	0	0	0	0	0	0	0	0	0	0	0.094	0	0
3	48408481	M1479	0	0	0	0.2773	0	0.4744	0	0	0	0.0977	0.283	0.0476	0.043	0.162	0.2709
23	50671441	M1667	0	0	0	0	0	0	0	0	0	0	0	0	0.1621	0	0
9	21742689	M1542	0	0	0	0	0.163	0	0	0	0	0	0	0	0	0	0
21	29765094	M1605	0	0	0	0	0	0	0	0	0	0	0	0.1306	0	0	0
12	50438376	M1541	0	0	0	0	0	0	0	0.0168	0	0	0.0847	0.2973	0	0	0
20	44737651	M1678	0	0	0	0	0	0	0	0	0	0	0.028	0	0	0	0
22	32074066	M1513	0	0.1502	0.1519	0.1258	0.1339	0	0	0	0	0	0	0	0	0	0
5	57061712	M1647	0	0	0	0	0	0	0	0	0	0	0	0	0.043	0	0
3	91960176	M1650	0	0	0	0	0	0	0	0	0.2394	0	0	0	0	0	0
19	50949605	M1525	0	0	0	0	0.044	0	0	0	0	0	0	0	0	0	0
15	18677981	M1484	0	0.259	0	0	0	0	0	0	0	0	0	0.1306	0.094	0	0
4	52043184	M1556	0	0	0	0	0	0	0	0	0	0.1209	0	0	0	0	0
7	135416481	M1502	0	0	0	0	0.163	0	0	0	0	0	0	0	0	0	0
3	125318495	M1496	0	0	0	0	0	0	0	0	0	0	0	0.0476	0.043	0.0241	0
2	121217932	M1652	0	0	0	0	0	0	0	0.451	0	0.193	0	0	0	0	0
1	179969594	M1582	0	0	0	0	0	0	0	0	0	0	0	0	0.1621	0	0
3	148343376	M1612	0	0	0	0	0	0	0	0	0	0	0	0	0	0.0241	0
21	31974643	M1549	0	0	0	0	0	0	0	0	0	0	0	0.0476	0.043	0.0241	0
12	83033066	M1480	0	0.259	0	0	0.1307	0	0	0	0	0.1209	0.1304	0.1306	0.094	0	0
7	70374967	M1571	0	0	0	0	0	0	0.4204	0	0.2315	0	0	0	0	0	0
11	102130176	M1677	0	0	0	0	0.163	0	0	0	0	0	0	0	0	0	0
10	117529886	M1662	0	0	0	0	0	0	0	0	0	0	0.0847	0.2089	0	0	0
18	77410318	M1603	0	0	0	0	0	0	0	0	0.2394	0	0	0	0	0	0
20	47813562	M1641	0	0	0	0	0.1307	0	0	0	0	0	0	0	0	0	0
15	39068744	M1521	0	0	0	0	0	0	0.4204	0	0.2315	0	0	0	0.1621	0	0
21	45834547	M1528	0	0	0	0	0	0	0	0	0	0	0.1024	0	0	0	0
3	48335363	M1562	0	0	0	0.1258	0	0	0	0	0	0	0	0	0	0	0
4	33006023	M1520	0	0.1502	0.1519	0.1258	0.1339	0	0	0	0	0	0	0	0	0	0
22	54078026	M1590	0	0	0	0	0	0	0	0	0	0	0.028	0	0	0	0
11	129755434	M1478	0	0	0	0.2773	0	0.4744	0.4204	0	0.2315	0.0977	0.283	0.0476	0.2051	0.162	0.2709
4	63717931	M1586	0	0	0	0	0	0	0	0	0	0	0	0	0.043	0	0
7	4200262	M1610	0	0	0	0	0	0	0	0.0168	0	0	0	0	0	0	0
1	46563858	M1514	0	0	0	0	0	0	0	0	0	0	0	0.1306	0.094	0	0
21	53478464	M1621	0	0	0	0.1258	0	0	0	0	0	0	0	0	0	0	0
5	76929538	M1546	0	0	0	0	0	0	0	0.451	0	0.193	0	0	0	0	0.149
13	39485779	M1494	0	0	0	0	0	0	0	0	0	0	0	0	0.1284	0.1095	0
7	153053329	M1604	0	0	0	0	0	0	0	0	0	0	0	0	0.1284	0	0
11	75483205	M1509	0	0	0	0	0	0	0	0	0	0	0	0	0.1284	0	0
23	20395870	M1508	0	0	0	0	0.163	0	0	0	0	0	0	0	0	0	0
15	98150802	M1588	0	0	0	0.1118	0	0	0	0	0	0	0	0	0	0	0
1	116246719	M1493	0	0	0	0	0	0	0	0	0	0	0	0.1306	0.094	0	0
21	30338822	M1492	0	0	0	0	0	0	0	0	0	0	0	0	0	0	0.1031
19	16021069	M1632	0	0	0.1519	0	0	0	0	0	0	0	0	0	0	0	0
5	44821743	M1665	0	0	0	0	0	0.4744	0	0	0	0	0	0	0	0.1379	0
1	152903277	M1531	0	0	0	0	0	0	0	0	0	0	0	0	0	0.1095	0
14	75401674	M1554	0	0	0	0	0	0	0	0.0168	0	0	0	0.0883	0	0	0
14	58601821	M1663	0	0	0	0	0	0	0	0	0	0	0	0.0476	0	0	0
13	25289809	M1583	0	0	0	0	0	0	0	0	0	0	0.283	0	0	0	0
20	55255210	M1573	0	0	0	0	0	0	0	0	0	0	0	0	0.094	0	0
23	17654658	M1476	0	0.259	0	0.2773	0.1307	0.4744	0.4204	0.451	0.2315	0.4117	0.4134	0.1782	0.2991	0.3326	0.42
14	4984220	M1595	0	0	0	0	0	0	0	0	0	0	0	0	0	0.0241	0
14	5350737	M1477	0	0.1502	0.1519	0.1258	0.3408	0	0	0.0168	0.2394	0	0.0847	0.2973	0.1284	0.1095	0
20	37539592	M1516	0	0	0	0	0	0	0	0	0	0	0	0	0	0.1706	0
4	125879677	M1637	0	0	0.292	0	0	0	0	0	0	0	0	0	0	0	0
17	14482210	M1560	0	0	0	0	0	0	0	0	0	0	0	0	0	0.1706	0
20	19602059	M1536	0	0	0	0	0	0	0.4204	0	0.2315	0	0	0	0	0	0
18	28611732	M1529	0	0	0	0	0	0	0	0.451	0	0.193	0	0	0	0	0.149
15	3116799	M1568	0	0	0	0	0	0.4744	0	0	0	0	0	0	0	0.1379	0
14	34115601	M1488	0	0	0	0	0	0	0	0.451	0	0.193	0	0	0	0.1706	0.149
