#chrom	pos	desc	normal	sample1	sample2	sample3	sample4	sample5	sample6	sample7	sample8	sample9	sample10	sample11	sample12	sample13	sample14
6	119577793	M1530	0	0.001	0	0.002	0	0	0	0	0	0	0.001	0	0	0	0.111
6	72044122	M1688	0	0	0	0	0	0	0.001	0	0	0	0.08	0	0	0.001	0
10	96549382	M1522	0	0.001	0	0.282	0	0.458	0	0	0	0.09	0.26	0	0	0.143	0.177
18	3058150	M1517	0	0	0.001	0	0.152	0	0	0	0	0	0	0	0.001	0	0
4	163045108	M1563	0	0.001	0.001	0.002	0	0.001	0	0.001	0	0.001	0.001	0.001	0.101	0	0
12	2411771	M1489	0	0.162	0.268	0.119	0.173	0.001	0	0.015	0.216	0.002	0.076	0.304	0.144	0.099	0
6	5210417	M1624	0	0.001	0	0.279	0.001	0	0	0	0.001	0.001	0.001	0	0	0	0.184
8	132704470	M1523	0	0.001	0.001	0	0	0.001	0	0	0	0.113	0.03	0	0.001	0	0
13	395405	M1544	0	0.001	0	0	0	0	0	0	0.001	0	0	0.001	0.093	0	0
3	48408481	M1479	0	0	0	0.267	0	0.466	0	0	0	0.09	0.272	0.05	0.049	0.18	0.297
23	50671441	M1667	0	0	0	0	0	0	0.001	0	0	0	0	0.003	0.148	0.001	0
9	21742689	M1542	0	0	0	0	0.17	0	0	0	0.001	0.001	0	0.001	0	0	0.001
21	29765094	M1605	0	0	0	0	0	0	0	0	0.002	0	0	0.129	0.001	0	0
12	50438376	M1541	0	0	0	0	0	0	0	0.016	0	0.001	0.098	0.3	0	0	0
20	44737651	M1678	0	0.001	0	0	0	0	0	0	0.001	0	0.032	0	0	0	0
22	32074066	M1513	0	0.151	0.149	0.123	0.12	0	0.001	0.001	0	0.001	0	0.001	0	0.002	0
5	57061712	M1647	0	0	0	0	0	0	0	0.001	0	0	0	0	0.042	0	0
3	91960176	M1650	0	0	0	0	0	0	0	0.001	0.265	0	0	0.001	0	0	0
19	50949605	M1525	0	0.001	0	0	0.04	0	0.001	0	0	0.001	0.001	0	0	0.002	0
15	18677981	M1484	0	0.262	0	0	0	0	0	0.001	0	0	0	0.126	0.093	0	0
4	52043184	M1556	0	0.001	0	0	0	0	0.001	0.001	0.001	0.135	0	0.001	0	0	0
7	135416481	M1502	0	0	0	0	0.165	0.001	0	0.003	0	0	0.001	0.001	0	0	0
3	125318495	M1496	0	0.001	0	0.001	0.001	0.001	0	0	0.002	0	0	0.051	0.048	0.027	0
2	121217932	M1652	0	0	0.001	0	0	0	0.001	0.453	0	0.197	0.001	0	0.002	0	0
1	179969594	M1582	0	0.001	0	0.001	0	0	0	0	0	0.001	0.001	0.001	0.163	0	0
3	148343376	M1612	0	0	0	0	0	0	0	0	0	0.001	0	0	0	0.031	0
21	31974643	M1549	0	0	0	0.001	0	0.001	0	0	0	0	0	0.042	0.04	0.027	0
12	83033066	M1480	0	0.261	0	0	0.133	0	0	0	0.001	0.113	0.133	0.152	0.095	0	0
7	70374967	M1571	0	0	0	0	0.001	0.002	0.403	0	0.245	0	0	0.001	0	0.001	0
11	102130176	M1677	0	0.001	0.001	0.001	0.169	0.001	0.001	0	0.003	0	0	0	0.002	0.001	0
10	117529886	M1662	0	0	0.001	0.001	0	0	0	0	0	0.001	0.089	0.228	0	0	0
18	77410318	M1603	0	0	0	0	0	0.001	0	0	0.224	0	0	0	0	0	0
20	47813562	M1641	0	0	0.001	0	0.119	0.001	0.001	0	0	0.001	0	0.001	0.002	0.001	0
15	39068744	M1521	0	0.001	0	0	0	0.001	0.433	0	0.225	0	0.001	0	0.186	0	0
21	45834547	M1528	0	0.001	0	0.001	0	0	0	0	0	0	0.089	0.001	0	0.001	0
3	48335363	M1562	0	0	0	0.142	0	0	0.001	0	0.001	0	0.001	0	0	0	0
4	33006023	M1520	0	0.121	0.146	0.133	0.132	0	0	0.001	0.001	0	0.001	0	0	0	0.002
22	54078026	M1590	0	0	0	0.001	0	0	0.001	0.001	0	0	0.017	0	0	0	0.001
11	129755434	M1478	0	0.001	0	0.311	0.002	0.475	0.409	0	0.212	0.105	0.28	0.058	0.212	0.169	0.278
4	63717931	M1586	0	0.001	0.001	0	0.001	0	0	0	0	0.001	0	0	0.06	0	0
7	4200262	M1610	0	0	0	0	0	0	0	0.021	0.001	0	0.001	0	0.001	0.001	0
1	46563858	M1514	0	0	0	0	0.001	0	0	0	0	0.001	0	0.127	0.098	0	0
21	53478464	M1621	0	0.001	0	0.122	0	0	0.001	0	0.001	0	0	0	0	0.001	0
5	76929538	M1546	0	0	0.002	0.001	0	0	0.001	0.42	0	0.2	0	0	0	0.001	0.163
13	39485779	M1494	0	0	0	0.001	0	0	0	0	0	0	0	0	0.142	0.108	0.002
7	153053329	M1604	0	0	0	0.001	0.001	0.001	0	0	0	0.001	0.001	0.001	0.124	0	0.002
11	75483205	M1509	0	0	0.001	0	0	0	0	0	0.001	0.001	0	0	0.112	0	0
23	20395870	M1508	0	0	0.001	0	0.206	0	0.001	0	0	0	0	0	0	0	0.002
15	98150802	M1588	0	0	0	0.103	0	0.001	0.001	0	0	0	0	0.001	0	0.001	0.002
1	116246719	M1493	0	0.001	0	0	0	0.001	0	0.001	0	0	0	0.131	0.09	0	0
21	30338822	M1492	0	0	0.001	0	0.001	0	0.001	0	0	0.001	0	0	0	0	0.1
19	16021069	M1632	0	0	0.153	0	0	0	0.001	0.001	0	0	0	0	0	0.001	0
5	44821743	M1665	0	0	0	0	0	0.471	0	0.001	0	0	0.001	0	0	0.148	0
1	152903277	M1531	0	0	0.001	0	0	0	0	0	0	0.001	0.001	0.001	0.001	0.1	0
14	75401674	M1554	0	0	0	0	0	0	0	0.019	0	0.001	0	0.082	0	0	0.002
14	58601821	M1663	0	0	0	0	0	0	0	0	0	0	0	0.052	0	0	0
13	25289809	M1583	0	0.001	0	0.001	0.001	0	0	0	0.001	0	0.292	0.001	0	0	0
20	55255210	M1573	0	0.001	0	0	0	0	0.001	0.001	0	0	0	0	0.1	0	0.001
23	17654658	M1476	0	0.277	0.001	0.296	0.156	0.444	0.412	0.423	0.231	0.406	0.426	0.178	0.291	0.327	0.41
14	4984220	M1595	0	0	0	0.001	0	0.002	0	0	0	0	0	0	0.001	0.023	0
14	5350737	M1477	0	0.15	0.153	0.122	0.313	0	0.002	0.012	0.242	0	0.073	0.31	0.108	0.106	0
20	37539592	M1516	0	0	0.001	0.002	0.001	0.001	0	0	0	0	0	0	0	0.177	0
4	125879677	M1637	0	0	0.288	0	0	0	0	0	0	0	0	0	0	0	0
17	14482210	M1560	0	0	0	0.002	0	0.001	0	0.001	0	0	0	0.001	0	0.185	0.001
20	19602059	M1536	0	0.001	0.001	0.001	0	0	0.424	0.001	0.234	0	0.001	0.001	0	0.001	0
18	28611732	M1529	0	0	0	0	0	0	0.001	0.441	0.001	0.178	0.001	0	0	0	0.155
15	3116799	M1568	0	0	0.002	0.001	0.001	0.481	0	0.001	0	0	0.001	0	0.001	0.137	0.002
14	34115601	M1488	0	0.002	0.002	0.001	0	0	0	0.45	0.001	0.169	0	0	0	0.167	0.154
