#chrom	pos	desc	normal	sample1	sample2	sample3	sample4	sample5	sample6	sample7	sample8	sample9
17	28655790	M1680	0	0	0	0	0	0	0	0	0.1434	0
13	21289718	M1685	0	0	0	0	0	0	0.027	0	0	0
6	72044122	M1688	0	0	0	0	0	0	0	0	0.0855	0
21	45834547	M1528	0	0	0	0	0	0.1833	0	0	0	0
10	96549382	M1522	0	0	0	0	0	0	0	0.1558	0.1434	0
17	58399678	M1622	0	0.4049	0	0	0	0	0	0	0	0
4	163045108	M1563	0	0	0	0.4269	0	0	0.027	0	0	0
12	2411771	M1489	0	0	0.4982	0	0.4014	0	0.303	0	0.3553	0
13	395405	M1544	0	0	0	0.4269	0	0	0.027	0	0	0
6	5210417	M1624	0	0	0	0	0	0	0	0	0.1434	0
11	129755434	M1478	0	0	0	0	0	0.2267	0	0.1993	0.1434	0
4	63717931	M1586	0	0	0	0	0	0	0	0.0435	0	0
1	46563858	M1514	0	0.4049	0	0.4269	0	0	0.1315	0.1553	0	0
15	71338480	M1597	0	0	0.4982	0	0	0	0	0	0	0
13	39485779	M1494	0	0	0.4982	0	0.1446	0	0	0	0	0
3	48408481	M1479	0	0	0	0	0	0.2267	0	0.1993	0.1434	0
5	76929538	M1546	0	0	0	0	0	0	0	0.1344	0	0
18	23821278	M1598	0	0	0	0	0	0	0.027	0	0	0
11	75483205	M1509	0	0	0.4982	0	0.1446	0	0	0	0	0
14	80188389	M1558	0	0	0	0	0	0.2267	0	0	0	0
1	116246719	M1493	0	0.4049	0	0.4269	0	0	0.1315	0.1553	0	0
21	29765094	M1605	0	0.4049	0	0	0	0	0	0.1553	0	0
14	32378781	M1559	0	0	0.4982	0	0	0	0	0	0	0
12	50438376	M1541	0	0	0	0	0	0	0.303	0	0.0855	0
15	12411808	M1649	0	0	0	0	0	0	0.027	0	0	0
5	57061712	M1647	0	0	0	0	0	0	0	0.0435	0	0
19	50949605	M1525	0	0	0	0	0.2569	0	0	0	0.2697	0
17	80593160	M1503	0	0	0	0	0	0.2267	0	0	0	0
15	18677981	M1484	0	0.4049	0	0.4269	0	0	0.1315	0.1553	0	0
13	25289809	M1583	0	0	0	0	0	0	0	0.1558	0	0
7	135416481	M1502	0	0	0	0	0	0	0	0	0	0.5
3	125318495	M1496	0	0	0	0	0	0	0	0.0435	0	0
20	39046648	M1668	0	0	0	0	0	0	0	0.1553	0	0
20	55255210	M1573	0	0	0	0	0	0	0.027	0	0	0
23	17654658	M1476	0	0.4049	0	0.4269	0	0.4099	0.1315	0.4891	0.1434	0
2	121217932	M1652	0	0	0	0	0	0	0	0.1344	0	0
14	5350737	M1477	0	0	0.4982	0	0.4014	0	0.303	0	0.3553	0.5
21	31974643	M1549	0	0	0	0	0	0	0	0.0435	0	0
12	83033066	M1480	0	0.4049	0	0.4269	0	0.1833	0.1315	0.1553	0	0
23	45652863	M1623	0	0	0	0	0	0	0	0	0	0.5
18	28611732	M1529	0	0	0	0	0	0	0	0.1344	0	0
17	78488514	M1613	0	0	0	0	0.2526	0	0	0	0	0
10	117529886	M1662	0	0	0	0	0	0	0.1715	0	0.0855	0
14	34115601	M1488	0	0	0	0	0	0	0	0.1344	0	0
21	30450458	M1669	0	0.4049	0	0	0	0	0	0	0	0
