#chrom	pos	desc	normal	sample1	sample2	sample3	sample4	sample5	sample6	sample7	sample8	sample9	sample10	sample11	sample12	sample13	sample14
6	119577793	M1530	0	0.0002	0.0004	0.0003	0.0001	0.0006	0.0005	0.0005	0.0001	0.0003	0	0.0003	0.0004	0.0006	0.1079
6	72044122	M1688	0	0	0	0.0004	0.0003	0.0003	0.0003	0.0001	0.0006	0.0005	0.0813	0.0001	0.0002	0.0005	0.0002
10	96549382	M1522	0	0.0003	0.0001	0.2803	0.0005	0.477	0.0001	0.0011	0.0003	0.0977	0.284	0.0003	0.0004	0.1354	0.1686
18	3058150	M1517	0	0.0003	0.0002	0.0005	0.134	0.0002	0.0004	0.0006	0.0006	0.0005	0.0003	0.0001	0.0002	0.0001	0.0005
4	163045108	M1563	0	0.0002	0.0004	0.0005	0.0003	0.0004	0.0002	0.0001	0.0002	0.0001	0.0005	0.0006	0.0916	0.0004	0.0001
12	2411771	M1489	0	0.1484	0.2609	0.1308	0.175	0.0004	0	0.0164	0.2416	0.0008	0.0805	0.2992	0.13	0.105	0.0004
6	5210417	M1624	0	0.0003	0.0003	0.2769	0.0002	0.0001	0.0002	0	0.0002	0.0003	0.0004	0.0007	0.0004	0.0004	0.1697
8	132704470	M1523	0	0	0.0003	0.0004	0.0004	0	0.0005	0.0004	0.0006	0.1235	0.0305	0.0004	0.0005	0.0004	0.0004
13	395405	M1544	0	0.0001	0.0005	0.0004	0.0006	0.0003	0.0003	0.0003	0.0004	0.0003	0.0004	0.0004	0.0953	0.0004	0.0002
3	48408481	M1479	0	0.0006	0.0003	0.2719	0.0003	0.4811	0	0.0002	0.0002	0.0998	0.2773	0.0511	0.0435	0.1651	0.2715
23	50671441	M1667	0	0.0004	0.0004	0.0008	0.0005	0.0004	0.0002	0.0002	0.0004	0.0001	0.0005	0.0002	0.1578	0.0007	0.0001
9	21742689	M1542	0	0.0006	0.0001	0.0004	0.1639	0.0003	0.0004	0.0007	0.0007	0	0.0002	0.0003	0.0005	0.0004	0.0005
21	29765094	M1605	0	0.0004	0.0003	0.0002	0.0002	0.0004	0.0002	0.0004	0.0004	0.0001	0.0002	0.1298	0.0004	0.0003	0.0002
12	50438376	M1541	0	0.0006	0.0003	0.0002	0.0002	0.0007	0.0006	0.0162	0.0001	0.0002	0.0849	0.2915	0.0005	0.0002	0
20	44737651	M1678	0	0.0003	0.0004	0.0005	0.0003	0.0005	0.0001	0.0006	0.0003	0.0003	0.0289	0.0003	0.0002	0.0003	0.0005
22	32074066	M1513	0	0.1492	0.1521	0.1283	0.1317	0.0003	0.0005	0.0004	0.0002	0.0003	0.0004	0.0006	0.0002	0.0001	0.0001
5	57061712	M1647	0	0	0.0005	0.0001	0.0003	0.0005	0.0001	0.0002	0.0003	0.0003	0.0007	0.0004	0.0424	0.0004	0.0001
3	91960176	M1650	0	0.0006	0.0004	0.0005	0.0004	0.0003	0.0002	0.0002	0.239	0.0002	0.0002	0.0003	0.0005	0.0006	0.0004
19	50949605	M1525	0	0	0.0001	0.0003	0.0423	0.0002	0	0.0004	0.0002	0.0002	0.0005	0.0004	0.0008	0.0005	0.0001
15	18677981	M1484	0	0.2575	0.0006	0.0003	0.0004	0.0001	0.0005	0.0001	0.0007	0.0004	0.0002	0.1279	0.0963	0.0009	0.0008
4	52043184	M1556	0	0.0006	0.0006	0	0.0003	0	0.0008	0.0002	0.0005	0.1194	0.0005	0.0001	0.0003	0.0003	0.0002
7	135416481	M1502	0	0.0002	0.0005	0.0004	0.1592	0.0007	0.0004	0.0003	0.0002	0.0006	0.0003	0.0005	0.0002	0.0002	0.0004
3	125318495	M1496	0	0.0002	0.0002	0.0004	0.0005	0.0004	0.0003	0.0004	0.0006	0.0001	0.0001	0.0471	0.0453	0.0261	0.0003
2	121217932	M1652	0	0.0007	0.0001	0.0002	0.0005	0.0001	0.0003	0.4515	0.0006	0.184	0.0005	0.0002	0.0002	0.0002	0.0006
1	179969594	M1582	0	0.0002	0.0001	0.0002	0.0006	0.0002	0.0002	0.0006	0.0002	0.0002	0.0004	0.0004	0.1615	0.0007	0.0006
3	148343376	M1612	0	0	0.0003	0.0005	0.0004	0.0004	0.0005	0.0002	0.0001	0.0002	0.0005	0.0005	0.0002	0.0254	0.0004
21	31974643	M1549	0	0.0003	0.0003	0.0004	0.0004	0.0004	0.0002	0.0004	0.0002	0.0005	0.0002	0.0455	0.044	0.0254	0.0004
12	83033066	M1480	0	0.2606	0.0002	0.0004	0.1294	0.0004	0.0001	0.0004	0.0002	0.1264	0.1305	0.1288	0.0914	0.0005	0.0002
7	70374967	M1571	0	0.0002	0.0008	0.0003	0.0002	0.0003	0.4184	0.0006	0.2319	0.0003	0.0002	0	0.0006	0.0004	0.0003
11	102130176	M1677	0	0	0.0005	0.0003	0.1626	0.0005	0.0003	0.0003	0.0006	0.0001	0.0003	0.0003	0.0002	0.0004	0.0004
10	117529886	M1662	0	0.0002	0.0003	0.0002	0	0.0004	0.0008	0.0005	0.0002	0.0002	0.0859	0.2145	0.0002	0.0006	0.0002
18	77410318	M1603	0	0.0002	0.0003	0.0003	0.0003	0.0005	0.0003	0.0002	0.2439	0.0002	0.0002	0.0006	0.0001	0	0.0004
20	47813562	M1641	0	0.0002	0.0001	0.0003	0.129	0.0009	0.0004	0.0002	0.0003	0.0002	0.0003	0.0006	0.0001	0.0004	0
15	39068744	M1521	0	0.0002	0.0001	0.0002	0.0002	0.0003	0.4214	0.0005	0.2377	0.0003	0.0003	0.0001	0.1605	0.0002	0.0003
21	45834547	M1528	0	0.0004	0.0001	0.0003	0.0003	0.0003	0.0004	0.0002	0.0003	0.0003	0.1023	0.0002	0	0.0001	0
3	48335363	M1562	0	0.0003	0.0003	0.1252	0.0005	0.0001	0.0003	0.0005	0.0004	0.0004	0.0004	0.0006	0.0004	0.0002	0.0004
4	33006023	M1520	0	0.1487	0.1506	0.1251	0.132	0.0002	0.0002	0.0004	0.0002	0.0005	0	0.0002	0.0008	0.0005	0.0005
22	54078026	M1590	0	0.0001	0.0004	0.0002	0.0004	0.0005	0.0006	0.0002	0.0003	0.0007	0.0297	0.0004	0.0004	0.0007	0.0001
11	129755434	M1478	0	0.0005	0.0004	0.2703	0.0003	0.4735	0.4162	0.0001	0.2276	0.0941	0.2876	0.0493	0.2067	0.1581	0.2701
4	63717931	M1586	0	0.0003	0.0003	0.0003	0.0003	0.0003	0.0004	0.0004	0.0002	0	0.0003	0.0001	0.043	0.0006	0.0001
7	4200262	M1610	0	0.0003	0.0005	0.0002	0.0004	0.0003	0.0002	0.017	0.0005	0.0003	0	0.0005	0.0002	0.0002	0.0001
1	46563858	M1514	0	0.0003	0.0004	0.0008	0.0002	0.0002	0.0001	0.0003	0.0003	0.0003	0.0001	0.1311	0.0991	0.0002	0.0006
21	53478464	M1621	0	0.0001	0.0002	0.129	0.0005	0.0005	0.0003	0.0002	0.0005	0.0004	0.0002	0.0005	0.0001	0.0004	0.0006
5	76929538	M1546	0	0	0.0004	0.0001	0.0004	0.0005	0.0004	0.4432	0.0003	0.1873	0.0003	0.0003	0.0003	0.0004	0.1485
13	39485779	M1494	0	0.0002	0.0004	0.0003	0.0005	0.0001	0.0001	0.0006	0.0004	0.0003	0.0003	0.0004	0.1281	0.1089	0.0007
7	153053329	M1604	0	0.0002	0.0002	0.0005	0.0001	0.0003	0.0003	0.0005	0.0003	0	0.0003	0.0002	0.1308	0.0002	0.0002
11	75483205	M1509	0	0.0002	0.0002	0.0003	0.0001	0.0005	0.0003	0.0003	0.0007	0.0001	0.0001	0.0006	0.1314	0.0004	0.0003
23	20395870	M1508	0	0.0006	0.0004	0.0003	0.1693	0.0003	0.0002	0.0002	0.0003	0.0003	0.0002	0.0005	0.0006	0.0006	0.0003
15	98150802	M1588	0	0.0004	0	0.1186	0.0008	0.0002	0.0005	0.0002	0.0002	0.0003	0.0002	0.0003	0.0002	0.0003	0.0003
1	116246719	M1493	0	0.0004	0.0003	0.0004	0.0002	0.0001	0.0004	0.0002	0.0003	0.0003	0.0003	0.1309	0.0966	0.0007	0.0005
21	30338822	M1492	0	0.0003	0.0006	0.0003	0.0005	0.0003	0.0004	0.0003	0.0005	0.0001	0.0005	0.0004	0.0004	0.0004	0.1008
19	16021069	M1632	0	0.0004	0.1568	0.0005	0.0001	0.0001	0.0003	0.0003	0.0006	0.0002	0.0002	0.0003	0.0004	0.0005	0.0005
5	44821743	M1665	0	0.0001	0.0005	0.0004	0	0.473	0.0006	0.0002	0.0003	0.0003	0.0005	0.0003	0.0004	0.1389	0.0003
1	152903277	M1531	0	0.0001	0.0004	0.0006	0.0003	0.0003	0.0004	0.0001	0.0002	0.0003	0.0003	0.0004	0.0002	0.1149	0.0002
14	75401674	M1554	0	0.0003	0.0006	0.0004	0.0003	0.0002	0.0003	0.0175	0.0001	0.0002	0.0002	0.0925	0.0003	0.0007	0.0003
14	58601821	M1663	0	0.0003	0.0003	0.0001	0.0003	0.0002	0.0001	0.0001	0.0003	0.0001	0.0004	0.0435	0.0006	0.0004	0.0002
13	25289809	M1583	0	0.0004	0.0002	0.0001	0.0002	0.0004	0.0002	0.0004	0.0003	0.0002	0.287	0.0002	0.0003	0.0004	0.0003
20	55255210	M1573	0	0.0006	0.0001	0.0003	0.0005	0.0003	0.0002	0.0003	0.0001	0.0004	0.0004	0.0007	0.0937	0.0006	0.0004
23	17654658	M1476	0	0.2631	0.0001	0.266	0.1296	0.4738	0.4205	0.4528	0.2324	0.4047	0.4164	0.1817	0.3004	0.3321	0.4265
14	4984220	M1595	0	0.0008	0.0004	0.0002	0.0004	0.0003	0.0003	0.0003	0.0004	0.0004	0.0001	0.0006	0.0003	0.024	0.0004
14	5350737	M1477	0	0.1525	0.1496	0.127	0.341	0.0003	0.0004	0.0168	0.2449	0.0002	0.0889	0.3045	0.1242	0.1083	0.0002
20	37539592	M1516	0	0.0002	0.0005	0.0008	0.0006	0.0003	0.0005	0.0005	0.0005	0.0001	0.0002	0.0002	0.0003	0.1634	0.0006
4	125879677	M1637	0	0.0004	0.2936	0.0001	0.0002	0.0004	0.0003	0.0003	0.0001	0.0003	0.0002	0.0002	0.0002	0.0001	0.0002
17	14482210	M1560	0	0	0.0002	0.0002	0.0005	0.0001	0.0002	0.0002	0.0004	0.0001	0.0002	0.0003	0.0009	0.1665	0.0002
20	19602059	M1536	0	0.0004	0.0006	0.0001	0.0002	0.0012	0.418	0.0006	0.2367	0.0002	0.0002	0.0005	0.0005	0.0004	0.0006
18	28611732	M1529	0	0.0004	0.0005	0.0004	0.0002	0.0002	0.0002	0.4524	0.0004	0.1861	0.0002	0.0006	0.0003	0.0003	0.1508
15	3116799	M1568	0	0.0002	0.0001	0.0001	0.0004	0.4655	0.0002	0.0002	0.0005	0.0003	0.0001	0.0002	0.0003	0.1352	0.0003
14	34115601	M1488	0	0.0002	0.0006	0.0004	0.0004	0.0005	0.0006	0.4487	0.0003	0.1888	0.0004	0.0004	0.0004	0.1707	0.1551
