#chrom	pos	desc	normal	sample1	sample2	sample3	sample4	sample5	sample6	sample7	sample8	sample9
17	28655790	M1680	0	0.0002	0.0004	0.0005	0.0005	0.0004	0.0007	0.0004	0.1378	0.0004
13	21289718	M1685	0	0.0002	0.0004	0.0001	0.0004	0.0002	0.0301	0.0003	0.0003	0.0002
6	72044122	M1688	0	0.0003	0.0005	0.0004	0.0003	0.0003	0.0004	0.0002	0.085	0.0003
21	45834547	M1528	0	0.0002	0.0003	0.0004	0.0002	0.1848	0.0006	0.0005	0.0005	0.0003
10	96549382	M1522	0	0.0002	0.0005	0.001	0.0001	0.0004	0.0004	0.1548	0.1409	0.0003
17	58399678	M1622	0	0.4097	0.0005	0.0003	0.0004	0.0005	0.0001	0.0005	0.0004	0.0004
4	163045108	M1563	0	0.0002	0.0002	0.4207	0.0002	0.0002	0.0267	0.0004	0.0002	0.0004
12	2411771	M1489	0	0.0005	0.4977	0.0003	0.4091	0.0002	0.2962	0.0006	0.3703	0.0001
13	395405	M1544	0	0	0.0006	0.428	0.0003	0.0004	0.0268	0.0002	0.0003	0.0002
6	5210417	M1624	0	0.0006	0.0003	0.0004	0.0003	0.0003	0.0009	0.0003	0.1433	0.0002
11	129755434	M1478	0	0.0004	0.0006	0.0006	0.0005	0.2259	0.0004	0.1991	0.1372	0.0001
4	63717931	M1586	0	0.0004	0.0009	0.0002	0.0003	0.0002	0.0002	0.0415	0.0003	0.0002
1	46563858	M1514	0	0.3958	0.0004	0.4237	0.0001	0.0002	0.1326	0.1617	0.0005	0.0002
15	71338480	M1597	0	0.0006	0.5021	0.0004	0.0005	0.0004	0.0005	0.0001	0.0004	0.0002
13	39485779	M1494	0	0.0001	0.4979	0.0002	0.1391	0.0006	0.0002	0.0006	0.0001	0.0004
3	48408481	M1479	0	0.0002	0.0006	0.0005	0.0004	0.2277	0.0005	0.2019	0.1382	0.0002
5	76929538	M1546	0	0.0001	0.0003	0.0004	0.0003	0.0005	0.0006	0.1361	0	0.0005
18	23821278	M1598	0	0.0002	0.0001	0.0003	0.0003	0.0009	0.0258	0.0001	0.0007	0.0002
11	75483205	M1509	0	0	0.4939	0.0006	0.1393	0.0005	0.0006	0.0003	0.0005	0.0004
14	80188389	M1558	0	0.0003	0.0002	0.0006	0.0004	0.2295	0.0002	0.0003	0.0006	0.0001
1	116246719	M1493	0	0.4078	0.0003	0.4291	0.0002	0.0002	0.1331	0.1557	0.0001	0.0004
21	29765094	M1605	0	0.406	0.0004	0.0001	0	0.0005	0.0004	0.1509	0.0003	0.0001
14	32378781	M1559	0	0.0004	0.4976	0.0006	0.0005	0.0002	0.0006	0.0002	0.0001	0.0006
12	50438376	M1541	0	0.0007	0.0004	0.0005	0.0002	0.0005	0.3112	0.0003	0.0886	0.0002
15	12411808	M1649	0	0.0004	0.0003	0.0003	0.001	0.0008	0.0287	0.0004	0.0003	0.0004
5	57061712	M1647	0	0.0001	0.0003	0.0005	0.0001	0.0004	0.0004	0.042	0.0001	0.0004
19	50949605	M1525	0	0.0003	0.0002	0.0006	0.2503	0.0002	0.0003	0.0003	0.2683	0.0003
17	80593160	M1503	0	0.0001	0.0008	0.0004	0.0003	0.2292	0.0006	0.0002	0.0004	0.0002
15	18677981	M1484	0	0.4025	0.0001	0.4321	0.0003	0.0002	0.1266	0.1572	0.0002	0.0004
13	25289809	M1583	0	0.0004	0.0002	0.0002	0.0002	0.0005	0.0005	0.1554	0.0002	0.0002
7	135416481	M1502	0	0.0003	0.0004	0.0004	0.0005	0.0004	0.0006	0.0002	0.0005	0.4926
3	125318495	M1496	0	0.0003	0.0005	0.0005	0.0005	0.0007	0.0004	0.04	0.0006	0.0004
20	39046648	M1668	0	0.0005	0.0002	0.0004	0.0004	0.0002	0.0005	0.1517	0.0004	0.0002
20	55255210	M1573	0	0.0003	0	0.0004	0.0004	0.0006	0.0269	0.0006	0.0003	0.0002
23	17654658	M1476	0	0.4075	0.0002	0.4241	0	0.408	0.1341	0.4898	0.1403	0.0004
2	121217932	M1652	0	0.0002	0.0005	0.0001	0.0003	0.0001	0.0005	0.1441	0.0003	0.0003
14	5350737	M1477	0	0.0003	0.4925	0.0008	0.3986	0.0004	0.3012	0.0002	0.3655	0.4881
21	31974643	M1549	0	0.0003	0.0006	0.0004	0.0003	0.0002	0.0001	0.0409	0.0005	0.0004
12	83033066	M1480	0	0.4117	0.0003	0.4181	0.0001	0.1773	0.1339	0.1541	0.0005	0.0003
23	45652863	M1623	0	0.0003	0.0001	0.0003	0.0007	0.0003	0.0002	0.0004	0.0002	0.4989
18	28611732	M1529	0	0.0005	0.0007	0.0005	0.0001	0.0003	0.0004	0.1376	0.0002	0.0007
17	78488514	M1613	0	0.0003	0.0003	0.0003	0.2499	0.0004	0.0003	0.0007	0.0006	0.0002
10	117529886	M1662	0	0.0007	0.0002	0.0004	0.0002	0	0.1663	0.0004	0.0872	0
14	34115601	M1488	0	0.0002	0.0002	0.0003	0.0003	0.0003	0.0003	0.1402	0.0005	0.0002
21	30450458	M1669	0	0.4027	0.0003	0.0003	0.0005	0.0002	0.0004	0.0004	0.0007	0.0006
