#chrom	pos	desc	normal	sample1	sample2	sample3	sample4	sample5	sample6	sample7	sample8	sample9
3	155226337	M2634	0	0	0.4775	0.2663	0	0	0.1308	0	0	0
2	121956043	M2652	0	0	0	0.1156	0	0.4275	0	0	0.0567	0
6	106543648	M2751	0	0	0	0	0	0	0	0.0243	0	0
7	222441	M2680	0	0	0	0	0	0	0	0.0812	0	0
21	26403146	M2708	0	0	0	0	0.113	0	0	0	0	0
5	31896556	M2734	0	0	0	0.1421	0	0	0	0	0	0
9	86053805	M2784	0	0	0	0	0	0	0	0.1429	0	0
18	13015225	M2656	0	0	0	0	0	0	0	0.1605	0	0
14	112918041	M2638	0	0	0	0.0967	0	0	0.1009	0	0.0746	0
21	32279210	M2798	0	0	0	0	0	0	0.0393	0	0	0
6	104593602	M2641	0	0.0798	0	0	0.1186	0	0	0	0	0
18	42463001	M2637	0	0	0	0	0	0	0	0.1605	0	0
19	42758102	M2684	0	0	0	0	0	0	0	0	0.3	0
22	13165671	M2668	0	0	0	0	0.0857	0	0	0	0	0
6	64412689	M2642	0	0.417	0	0	0.2059	0	0	0.0243	0	0
15	103162651	M2776	0	0	0	0	0.113	0	0	0	0	0
18	26390146	M2872	0	0	0	0	0	0	0.1527	0	0	0
11	112523501	M2848	0	0	0	0	0	0	0.1308	0	0	0
5	35608411	M2628	0	0.417	0	0	0.2059	0	0.0393	0.2483	0	0
9	120260952	M2631	0	0.0798	0	0.0967	0.1186	0	0.2536	0	0.0746	0.4062
15	60490567	M2636	0	0.0798	0	0	0.1186	0	0.1527	0	0	0.4062
9	60956569	M2868	0	0	0	0	0	0	0	0.1429	0	0
4	10332009	M2756	0	0	0	0	0.113	0	0	0	0	0
1	135135158	M2627	0	0.417	0	0.1156	0.3188	0.4275	0.0393	0.2483	0.1072	0
23	17258196	M2772	0	0	0	0.1421	0	0	0	0	0	0
14	52291981	M2904	0	0	0	0	0.1186	0	0	0	0	0
11	108980766	M2710	0	0	0	0	0	0	0	0.0812	0	0
13	97732396	M2629	0	0.417	0	0	0.2059	0	0.0393	0.1055	0	0
3	71496152	M2791	0	0.0798	0	0	0.1186	0	0	0	0	0
22	13306134	M2824	0	0	0.4775	0	0	0	0	0	0	0
5	29484742	M2702	0	0	0	0	0	0	0	0.1429	0	0
10	68742906	M2649	0	0	0.4775	0	0	0	0.1308	0	0	0
20	24208257	M2648	0	0	0	0.1156	0.113	0.4275	0	0	0.0567	0
20	51276008	M2739	0	0.417	0	0	0.2059	0	0	0	0	0
4	130212836	M2670	0	0	0	0	0	0	0	0.0812	0	0
23	6956222	M2838	0	0.3862	0	0	0	0	0	0	0	0
23	36821406	M2665	0	0.417	0	0	0.2059	0	0	0	0	0
11	110003187	M2660	0	0.417	0	0	0.2059	0	0	0	0	0
11	4253512	M2785	0	0	0	0	0	0	0	0.0812	0	0
6	168605629	M2675	0	0.0798	0	0	0.1186	0	0	0	0	0
8	81380940	M2654	0	0	0	0	0	0	0	0	0.3	0
9	55461237	M2706	0	0	0	0.0967	0	0	0	0	0.0746	0
13	78765890	M2707	0	0	0	0.2663	0	0	0	0	0	0
17	9692500	M2733	0	0	0	0.0967	0	0	0	0	0.0746	0
13	32293053	M2635	0	0	0	0	0	0	0.0393	0.0812	0	0
8	155233107	M2655	0	0	0	0	0	0	0	0.0812	0	0
3	18259793	M2738	0	0	0	0	0	0	0	0.1605	0	0
3	100050483	M2859	0	0	0	0	0	0	0	0	0.0746	0
13	56731055	M2818	0	0	0	0	0	0	0.1527	0	0	0
4	61185505	M2651	0	0.417	0	0	0.2059	0	0	0	0	0
14	24405784	M2630	0	0.417	0	0	0.2059	0	0.0393	0.1055	0	0
23	17806145	M2650	0	0	0	0.2663	0	0	0	0	0	0
9	86356348	M2717	0	0	0	0.1156	0	0.4275	0	0	0.0567	0
2	36036923	M2840	0	0	0	0.1421	0	0	0	0	0	0
13	99817376	M2645	0	0	0	0	0	0	0.1527	0	0	0.4062
1	78018995	M2770	0	0	0	0.1156	0	0	0	0	0	0
3	2616483	M2666	0	0	0	0	0	0	0.0393	0	0	0
11	66370373	M2893	0	0	0	0.0967	0	0	0	0	0	0
19	31063777	M2693	0	0	0	0	0	0	0.1009	0	0	0
