#chrom	pos	desc	normal	sample1	sample2	sample3	sample4	sample5	sample6	sample7	sample8	sample9	sample10	sample11	sample12	sample13	sample14
3	155226337	M2634	0	0.0005	0.2844	0.0005	0.0006	0.1124	0.0007	0.56	0.2965	0.0004	0.4044	0.3133	0.0003	0.499	0.075
7	222441	M2680	0	0.0002	0.0005	0.0002	0.0003	0.0001	0.0002	0.0009	0.0353	0.0005	0.0002	0.0521	0.0009	0.0003	0.043
6	106543648	M2751	0	0.0004	0.0004	0.0004	0.0003	0.0002	0.0003	0.0003	0.0003	0.0481	0.0004	0.0002	0.0003	0.0002	0.0004
21	26403146	M2708	0	0.3661	0.0006	0.0005	0.0007	0.0007	0.118	0.0004	0.0003	0.0005	0.0003	0.1188	0.0005	0.0001	0.0002
14	104339593	M2716	0	0.0004	0.0863	0	0.0003	0.0004	0.0001	0.3847	0.0003	0.0005	0.0004	0.0003	0.0003	0.3885	0.0007
2	195552417	M2758	0	0.0002	0.0006	0.0007	0.0004	0.0003	0.2665	0.0003	0.0004	0.0003	0.0003	0.0003	0.0002	0.0001	0.0006
20	3924080	M2747	0	0.0003	0.0004	0.0002	0.0004	0.0001	0.0004	0.0003	0.0002	0.211	0.0002	0.0004	0.0002	0.0007	0.0002
5	31896556	M2734	0	0	0.0004	0.0005	0.0003	0.0007	0.0006	0.0008	0.0004	0.0005	0.0005	0.0001	0.0002	0.0003	0.0709
21	53408740	M2678	0	0.0005	0.0004	0.0005	0.0002	0.1903	0.0005	0.0006	0.0005	0.0005	0.0002	0	0.0003	0.0886	0.0004
1	92541392	M2679	0	0.0004	0.0009	0.4769	0.0003	0	0.0002	0.0002	0.0002	0.0513	0.0003	0.0003	0.0004	0.0005	0.0004
20	59765925	M2826	0	0.0003	0.0773	0.0003	0.0001	0.0001	0.0003	0.0003	0.0006	0.0002	0.0005	0.0007	0.0005	0	0.0003
18	13015225	M2656	0	0.0005	0.1211	0.0003	0.1572	0.131	0.0954	0.0801	0.0004	0.0003	0.0002	0.0008	0.0002	0.0002	0.3573
19	36741727	M2669	0	0.0002	0.0005	0.0003	0.0002	0.0005	0.0003	0.0004	0.1655	0.0003	0.0003	0.0004	0.0005	0	0.0006
23	16857500	M2794	0	0.0003	0.0004	0.0002	0.0003	0.0001	0.0003	0.0005	0.0003	0.0001	0.0859	0.0001	0.0003	0.0002	0.0003
16	12250115	M2724	0	0.0004	0.0002	0.0005	0.0006	0.0003	0.0007	0.0007	0.0004	0.2079	0.0004	0	0.0003	0.0002	0.0003
6	104593602	M2641	0	0.1037	0.0002	0.0004	0.0003	0.0001	0.0002	0.0003	0.0004	0.0005	0.0007	0.0005	0.0003	0.0006	0.0005
15	62896131	M2771	0	0.0005	0.0001	0.4775	0.0002	0.0005	0.0004	0.0002	0.0005	0.0003	0.0004	0.0004	0	0.0003	0.0001
18	42463001	M2637	0	0.0003	0.1191	0.0007	0.1554	0.1284	0.0936	0.0839	0.0002	0.0003	0.0003	0.0004	0.0003	0.0004	0.3546
22	13165671	M2668	0	0.3658	0.0005	0.0002	0.0004	0	0.126	0.0003	0.0004	0.0004	0.0005	0.1177	0.0006	0.0001	0.0005
12	131329698	M2808	0	0.0004	0.0007	0.0006	0.0005	0.0002	0.0003	0.0002	0.0005	0.0007	0.0005	0.0006	0.0002	0.0005	0.0621
23	37710987	M2742	0	0.0005	0.0002	0.0006	0.0002	0.0002	0	0.0003	0.1709	0.0002	0.0002	0.0003	0.0001	0.0005	0.0005
6	64412689	M2642	0	0.0002	0.0006	0.0004	0.164	0.0003	0.0002	0.0001	0.0001	0.0426	0.0002	0.0001	0.2797	0.0003	0.0003
15	103162651	M2776	0	0.0003	0.0002	0.0004	0.0002	0.0006	0.1269	0.0004	0.0003	0.0008	0.0003	0.0006	0.0003	0.0005	0.0003
19	67843695	M2884	0	0.0006	0	0.0004	0.1511	0.0003	0.0008	0.0005	0.0002	0.0004	0.0001	0.0002	0.0003	0.0002	0.0003
11	39296528	M2812	0	0.3711	0.0001	0.0004	0.0004	0.0004	0.0001	0.0003	0.0003	0.0006	0.0006	0.1136	0.0001	0.0007	0.0002
11	112523501	M2848	0	0.0004	0.1182	0	0.0002	0.0003	0.0001	0.0007	0.0004	0.0004	0.0009	0.0001	0.0002	0.0003	0.0004
5	35608411	M2628	0	0.0002	0.0004	0.0005	0.1688	0.191	0.0002	0.0003	0.0315	0.1726	0.0002	0.0467	0.4381	0.0779	0.0393
9	120260952	M2631	0	0.1028	0.0002	0.0004	0.0004	0.0002	0.0005	0.0005	0.0005	0.2182	0.0007	0.0003	0.0006	0.0005	0.0002
20	45505361	M2802	0	0.0001	0.0006	0.0001	0.1773	0.0004	0.0002	0.0004	0.0001	0.0006	0.0004	0.0001	0.0003	0.0002	0.0001
5	21448340	M2916	0	0.0002	0.0003	0.0004	0.0002	0.0003	0.0001	0.0003	0.0343	0.0002	0.0003	0.0004	0.0002	0.0002	0.0004
16	85291887	M2895	0	0.0001	0.0005	0.0005	0.0007	0.0004	0.0003	0.3862	0.0004	0.0002	0.0003	0.0001	0.0003	0.0006	0.0002
15	60490567	M2636	0	0.1047	0.0004	0.0006	0.0004	0.0004	0.0004	0.0002	0.0004	0.2138	0.0001	0.0003	0.0001	0.0005	0.0005
17	31783099	M2845	0	0.3621	0.0002	0.0004	0.0002	0.0002	0.0005	0.0002	0.0004	0.0001	0.0005	0.112	0.0003	0.0002	0.0008
4	10332009	M2756	0	0.3772	0.0003	0.0004	0.0001	0.0003	0.1172	0.0002	0.0001	0.0002	0.0004	0.1177	0.0002	0.0005	0.0003
1	135135158	M2627	0	0.3708	0.0003	0.0001	0.1734	0.1877	0.121	0.0003	0.0343	0.1721	0.0864	0.1667	0.4343	0.0878	0.0417
10	93096854	M2691	0	0.0005	0.0005	0.4761	0.0006	0.0005	0.0001	0.0002	0.0004	0.0537	0.0002	0.0002	0.0006	0.0004	0.0002
14	87740338	M2869	0	0.0003	0.0002	0.0002	0.0003	0.0003	0.0005	0.0002	0.0346	0.0003	0.0003	0.0486	0.0002	0.0002	0.041
23	17258196	M2772	0	0.0004	0.0005	0.0001	0.0006	0.0001	0.0003	0	0.0003	0.0001	0.0003	0.0003	0.0005	0.0003	0.0753
6	60942702	M2905	0	0.0006	0.0002	0.0005	0.0003	0.0003	0.0005	0.0002	0.0002	0.0004	0.0005	0.0003	0.0001	0.0002	0.0607
8	109762034	M2659	0	0.0004	0.0745	0.0004	0.0005	0.0003	0.0001	0.0004	0.0004	0.0005	0.4043	0	0.0004	0.0003	0.001
23	28209404	M2664	0	0.0002	0.0004	0.0004	0.1451	0.0005	0.0007	0.0006	0.0001	0.0003	0.0003	0.0003	0.0004	0.0002	0.0001
11	108980766	M2710	0	0.0002	0.0005	0.0001	0.0001	0.0002	0.0003	0.0006	0.0347	0.0001	0.0005	0.0511	0.0002	0.0003	0.0425
19	27416044	M2759	0	0.0003	0.0003	0.0002	0.0006	0.0001	0	0.0003	0.0002	0.0549	0.0002	0.0005	0.0001	0.0002	0.0001
13	97732396	M2629	0	0.0004	0.0006	0.0005	0.1707	0.0003	0.0003	0	0.0336	0.1799	0.0004	0.0512	0.4335	0.0003	0.045
18	56829043	M2804	0	0.0004	0.0001	0.0003	0.0005	0.0003	0.0003	0.0004	0.0002	0.0004	0.0003	0.0003	0.0006	0.1776	0.0002
3	71496152	M2791	0	0.1041	0.0003	0.0001	0.0005	0.0001	0.0002	0	0.0005	0.0002	0.0001	0.0007	0.0004	0.0004	0.0004
2	100043670	M2713	0	0.0003	0.0001	0.0003	0.0005	0.0001	0.275	0.0003	0.0812	0	0.0006	0	0.0004	0.0004	0.0009
14	62434423	M2766	0	0.0001	0.0001	0	0.0004	0.1905	0.0002	0.0004	0.0003	0.0004	0.0001	0	0.0006	0.0001	0.0004
12	47872845	M2900	0	0.0001	0	0.0003	0.0001	0.0005	0.1166	0.0004	0.0001	0.0005	0.0003	0.0001	0.0001	0.0002	0.0004
10	68742906	M2649	0	0.0003	0.1244	0.0004	0.0002	0.109	0.0002	0.0002	0.1612	0.0005	0.0005	0.0003	0.0003	0.0004	0
20	24208257	M2648	0	0.3615	0.0003	0.0001	0.0003	0.0006	0.1215	0.0002	0.0002	0.0001	0.0847	0.1194	0.0004	0.0004	0.0002
20	51276008	M2739	0	0.0004	0.0004	0.0007	0.0004	0.0004	0.0004	0.0003	0.0005	0.0003	0.0002	0.0008	0.1798	0.0004	0.0004
15	84392253	M2688	0	0.0004	0.0002	0.0002	0.0003	0.0002	0.0003	0.0003	0.0003	0.0002	0.0006	0.0003	0.1552	0.0002	0.0003
8	6627298	M2894	0	0.0003	0.0003	0.0002	0.1428	0.0002	0.0004	0	0.0002	0.0004	0.0003	0.0002	0.0006	0.0001	0.0003
18	1873477	M2836	0	0.0004	0.0005	0	0.0004	0.0003	0.0003	0.0815	0.0002	0.0005	0	0.0003	0.0004	0.0003	0.0003
4	130212836	M2670	0	0.0003	0.0005	0.0008	0.0003	0.0001	0.0002	0.0003	0.0371	0.0006	0.0005	0.0511	0.0006	0.0006	0.0437
23	6956222	M2838	0	0.0003	0.0006	0.0007	0.0004	0.0002	0.0004	0.0002	0.0008	0.0003	0.0004	0.0004	0.1859	0.0004	0.0003
23	21009119	M2780	0	0.0004	0.0001	0.0006	0.0003	0.1086	0.0004	0.0005	0.0006	0.0002	0.0001	0.0003	0.0003	0.0002	0.0003
23	36821406	M2665	0	0.0003	0.0003	0.0004	0.0003	0.0003	0.0002	0.0007	0.0001	0.0002	0.0006	0	0.1838	0.0004	0.0004
11	110003187	M2660	0	0.0001	0.0006	0.0001	0.166	0	0.0004	0.0005	0.0002	0.0005	0.0006	0.0003	0.2759	0	0.0003
11	4253512	M2785	0	0	0.0001	0.0004	0.0003	0.0005	0.0001	0	0.0316	0.0005	0.0004	0.0518	0.0003	0.0002	0.0406
6	168605629	M2675	0	0.1068	0.0006	0.0006	0.0004	0.0002	0.0003	0.0007	0.0004	0.0004	0.0003	0.0008	0.0002	0.0005	0.0003
8	81380940	M2654	0	0.0003	0.0001	0.4882	0.1445	0.0004	0.2657	0.0005	0.075	0.0502	0.0006	0.0003	0.0002	0.0003	0.0002
13	78765890	M2707	0	0.0002	0.0009	0.0005	0.0005	0.0003	0.0005	0.0001	0.0002	0.0004	0.0005	0.0002	0.0003	0.0005	0.0796
13	32293053	M2635	0	0.0004	0.0004	0.0003	0.0007	0.0003	0.0005	0.0007	0.0313	0.1259	0.0004	0.0498	0.1507	0.0003	0.0417
8	155233107	M2655	0	0.0001	0.0005	0.0002	0.0002	0.0009	0.0003	0.0005	0.037	0.0001	0.0005	0.0509	0.0004	0.0003	0.0407
3	18259793	M2738	0	0.0003	0.1273	0.0001	0.1583	0.0002	0.0004	0.0007	0	0.0003	0.0004	0.0004	0.0005	0.0005	0.2972
9	82811659	M2883	0	0.0004	0	0.0002	0.0001	0.0003	0.0001	0.0002	0.0001	0.0003	0.0006	0.0004	0.0953	0.0003	0.0006
4	61185505	M2651	0	0.0004	0.0003	0.0006	0.1731	0.0003	0.0008	0.0004	0	0.0003	0.0005	0.0003	0.2787	0.0003	0.0004
14	24405784	M2630	0	0.0003	0.0003	0.0003	0.1712	0	0.0004	0.0002	0.0324	0.177	0.0002	0.0497	0.4324	0.0003	0.0453
8	151299344	M2912	0	0.0003	0.0007	0.0001	0	0.0004	0.0005	0.0002	0.0003	0.0003	0.0002	0.1252	0.0004	0.0002	0.0001
23	17806145	M2650	0	0.0002	0.1653	0.0004	0.0001	0.0002	0.0003	0.3945	0.0005	0.0004	0.3995	0.0005	0.0004	0.4053	0.0751
1	103100655	M2674	0	0.0003	0.0001	0.0007	0.0005	0.0005	0.0004	0.0005	0.1279	0.0001	0.0007	0.3153	0.0001	0.0005	0.0003
13	99817376	M2645	0	0.0005	0.0007	0.0002	0.0001	0.0003	0.0004	0	0.0001	0.2066	0.0002	0.0004	0.0003	0.0007	0.0005
11	31409520	M2686	0	0.0002	0.0004	0.0002	0.1718	0.0002	0.0005	0.0001	0.0005	0.0003	0.0002	0.0004	0.0003	0.0003	0.0005
10	42234296	M2697	0	0.0004	0.0004	0.0004	0.0003	0.0003	0.0005	0.0006	0.1627	0.0001	0.0006	0.0004	0.0002	0.0005	0.0005
8	110616242	M2792	0	0.0004	0.0004	0.0004	0.0002	0.0002	0.0003	0.0004	0.0002	0.0001	0.0002	0.0004	0.0004	0.0005	0.0732
1	166131592	M2748	0	0.0004	0.0002	0.0002	0.0002	0.0004	0.0862	0.0827	0.0005	0.0003	0.0001	0.0002	0.0006	0.0003	0.0593
3	2616483	M2666	0	0.0003	0.0002	0.0007	0.0007	0.0001	0.0003	0.0003	0.0002	0.0006	0.0004	0.0008	0.1522	0.0002	0
20	6174075	M2695	0	0.0005	0.0004	0.0004	0.0003	0.0001	0.2736	0.0001	0.0792	0.0003	0.0005	0.0002	0.0002	0.0003	0.0003
20	23096421	M2898	0	0.0003	0.0004	0.0002	0.0003	0.1904	0.0003	0.0002	0.0005	0.0005	0.0003	0.0005	0.0005	0.0007	0.0003
5	79587690	M2731	0	0.0002	0.0004	0.4766	0.0008	0.0002	0.0006	0.0006	0.0003	0.0572	0.0002	0.0006	0.0003	0.0008	0.0001
18	812914	M2728	0	0.0003	0.0002	0.0002	0.0003	0.0001	0.0004	0.0002	0.1228	0.0001	0.0003	0.0001	0.0004	0.0002	0.0002
