#chrom	pos	desc	normal	sample1	sample2	sample3	sample4	sample5	sample6	sample7	sample8	sample9
3	155226337	M2634	0	0.001	0.474	0.252	0	0.001	0.114	0	0	0
2	121956043	M2652	0	0	0	0.109	0	0.454	0	0	0.058	0.002
6	106543648	M2751	0	0.001	0	0	0	0	0	0.023	0	0
7	222441	M2680	0	0	0.001	0	0	0	0.001	0.085	0	0.001
21	26403146	M2708	0	0	0	0	0.114	0	0	0.001	0	0
5	31896556	M2734	0	0.002	0	0.141	0	0	0	0.001	0.002	0
9	86053805	M2784	0	0	0	0	0	0	0.001	0.156	0	0
18	13015225	M2656	0	0.001	0.001	0	0	0.001	0	0.176	0.001	0
14	112918041	M2638	0	0	0.001	0.09	0	0.001	0.117	0.002	0.075	0
21	32279210	M2798	0	0	0.002	0	0.001	0	0.028	0	0.001	0
6	104593602	M2641	0	0.089	0	0	0.117	0	0	0	0	0.001
18	42463001	M2637	0	0	0	0.001	0.002	0	0	0.169	0.001	0
19	42758102	M2684	0	0	0.001	0	0	0	0	0	0.315	0
22	13165671	M2668	0	0.001	0	0.001	0.086	0	0	0.001	0	0
6	64412689	M2642	0	0.388	0	0.002	0.22	0	0.001	0.022	0	0
15	103162651	M2776	0	0	0.001	0	0.106	0	0	0	0	0
18	26390146	M2872	0	0	0	0	0	0.001	0.143	0	0.001	0
11	112523501	M2848	0	0	0	0	0.001	0.001	0.138	0	0.002	0
5	35608411	M2628	0	0.392	0.001	0.001	0.201	0	0.047	0.235	0	0
9	120260952	M2631	0	0.078	0	0.083	0.123	0	0.264	0	0.071	0.41
15	60490567	M2636	0	0.075	0	0	0.122	0.002	0.148	0	0	0.41
9	60956569	M2868	0	0	0	0	0	0	0	0.149	0	0
4	10332009	M2756	0	0	0	0.001	0.094	0.002	0	0	0.001	0.001
1	135135158	M2627	0	0.409	0	0.111	0.332	0.416	0.045	0.25	0.101	0.001
23	17258196	M2772	0	0	0	0.119	0.001	0	0	0.001	0	0.001
14	52291981	M2904	0	0	0.001	0.001	0.11	0	0	0	0.001	0
11	108980766	M2710	0	0	0	0	0	0	0.001	0.078	0.001	0.001
13	97732396	M2629	0	0.408	0.002	0	0.191	0	0.042	0.103	0	0
3	71496152	M2791	0	0.091	0	0	0.111	0	0.001	0.001	0	0.001
22	13306134	M2824	0	0	0.47	0.002	0	0.001	0	0	0	0
5	29484742	M2702	0	0	0.001	0	0.001	0	0	0.141	0	0
10	68742906	M2649	0	0	0.488	0	0.001	0	0.133	0	0.001	0
20	24208257	M2648	0	0	0	0.123	0.126	0.416	0	0	0.053	0
20	51276008	M2739	0	0.398	0.001	0	0.222	0.001	0	0	0.001	0
4	130212836	M2670	0	0.001	0	0.001	0.001	0.001	0	0.09	0	0
23	6956222	M2838	0	0.384	0.001	0	0.001	0.001	0	0.001	0	0
23	36821406	M2665	0	0.433	0	0	0.206	0	0	0	0	0.001
11	110003187	M2660	0	0.45	0.001	0	0.212	0	0.001	0.001	0.001	0.001
11	4253512	M2785	0	0.001	0.001	0	0	0	0.001	0.085	0.001	0
6	168605629	M2675	0	0.067	0	0	0.114	0	0	0	0	0.001
8	81380940	M2654	0	0	0.001	0	0.001	0.001	0	0	0.312	0
9	55461237	M2706	0	0.001	0.001	0.092	0	0	0	0	0.064	0
13	78765890	M2707	0	0	0	0.293	0	0	0	0	0.001	0
17	9692500	M2733	0	0.001	0	0.107	0	0.002	0	0.001	0.071	0
13	32293053	M2635	0	0	0.001	0	0.002	0	0.04	0.079	0.001	0
8	155233107	M2655	0	0.002	0	0.001	0	0	0	0.087	0	0
3	18259793	M2738	0	0.001	0	0	0	0.002	0.001	0.166	0	0
3	100050483	M2859	0	0	0	0	0	0.001	0.001	0	0.069	0
13	56731055	M2818	0	0	0	0	0	0	0.157	0	0.001	0.001
4	61185505	M2651	0	0.428	0	0.001	0.201	0	0	0.001	0	0.001
14	24405784	M2630	0	0.399	0	0	0.197	0	0.031	0.098	0	0
23	17806145	M2650	0	0	0	0.256	0	0	0.001	0.001	0	0.001
9	86356348	M2717	0	0.001	0.002	0.11	0.001	0.42	0	0.002	0.051	0.001
2	36036923	M2840	0	0.001	0	0.167	0	0	0	0.001	0.001	0
13	99817376	M2645	0	0.002	0.001	0	0	0.001	0.152	0	0	0.405
1	78018995	M2770	0	0	0.001	0.144	0.001	0	0	0	0	0
3	2616483	M2666	0	0.001	0.001	0.002	0	0	0.041	0.001	0.002	0.001
11	66370373	M2893	0	0	0	0.097	0	0	0.001	0	0	0
19	31063777	M2693	0	0.001	0	0.001	0	0	0.09	0.001	0	0.001
