#chrom	pos	desc	normal	sample1	sample2	sample3	sample4	sample5	sample6	sample7	sample8	sample9	sample10	sample11	sample12	sample13	sample14
3	155226337	M2634	0	0	0.2826	0	0	0.1111	0	0.561	0.2934	0	0.401	0.3116	0	0.5043	0.0767
7	222441	M2680	0	0	0	0	0	0	0	0	0.0342	0	0	0.0497	0	0	0.0411
6	106543648	M2751	0	0	0	0	0	0	0	0	0	0.046	0	0	0	0	0
21	26403146	M2708	0	0.3719	0	0	0	0	0.1215	0	0	0	0	0.118	0	0	0
14	104339593	M2716	0	0	0.0834	0	0	0	0	0.3898	0	0	0	0	0	0.3995	0
2	195552417	M2758	0	0	0	0	0	0	0.2684	0	0	0	0	0	0	0	0
20	3924080	M2747	0	0	0	0	0	0	0	0	0	0.2122	0	0	0	0	0
5	31896556	M2734	0	0	0	0	0	0	0	0	0	0	0	0	0	0	0.0767
21	53408740	M2678	0	0	0	0	0	0.1875	0	0	0	0	0	0	0	0.0843	0
1	92541392	M2679	0	0	0	0.4757	0	0	0	0	0	0.053	0	0	0	0	0
20	59765925	M2826	0	0	0.0785	0	0	0	0	0	0	0	0	0	0	0	0
18	13015225	M2656	0	0	0.1219	0	0.1593	0.1309	0.088	0.0808	0	0	0	0	0	0	0.3571
19	36741727	M2669	0	0	0	0	0	0	0	0	0.1645	0	0	0	0	0	0
23	16857500	M2794	0	0	0	0	0	0	0	0	0	0	0.0851	0	0	0	0
16	12250115	M2724	0	0	0	0	0	0	0	0	0	0.2122	0	0	0	0	0
6	104593602	M2641	0	0.1057	0	0	0	0	0	0	0	0	0	0	0	0	0
15	62896131	M2771	0	0	0	0.4757	0	0	0	0	0	0	0	0	0	0	0
18	42463001	M2637	0	0	0.1219	0	0.1593	0.1309	0.088	0.0808	0	0	0	0	0	0	0.3571
22	13165671	M2668	0	0.3719	0	0	0	0	0.1215	0	0	0	0	0.118	0	0	0
12	131329698	M2808	0	0	0	0	0	0	0	0	0	0	0	0	0	0	0.063
23	37710987	M2742	0	0	0	0	0	0	0	0	0.1645	0	0	0	0	0	0
6	64412689	M2642	0	0	0	0	0.1725	0	0	0	0	0.046	0	0	0.2765	0	0
15	103162651	M2776	0	0	0	0	0	0	0.1215	0	0	0	0	0	0	0	0
19	67843695	M2884	0	0	0	0	0.1474	0	0	0	0	0	0	0	0	0	0
11	39296528	M2812	0	0.3719	0	0	0	0	0	0	0	0	0	0.118	0	0	0
11	112523501	M2848	0	0	0.1206	0	0	0	0	0	0	0	0	0	0	0	0
5	35608411	M2628	0	0	0	0	0.1725	0.1875	0	0	0.0342	0.1726	0	0.0497	0.4305	0.0843	0.0411
9	120260952	M2631	0	0.1057	0	0	0	0	0	0	0	0.2122	0	0	0	0	0
20	45505361	M2802	0	0	0	0	0.1725	0	0	0	0	0	0	0	0	0	0
5	21448340	M2916	0	0	0	0	0	0	0	0	0.0342	0	0	0	0	0	0
16	85291887	M2895	0	0	0	0	0	0	0	0.3898	0	0	0	0	0	0	0
15	60490567	M2636	0	0.1057	0	0	0	0	0	0	0	0.2122	0	0	0	0	0
17	31783099	M2845	0	0.3719	0	0	0	0	0	0	0	0	0	0.118	0	0	0
4	10332009	M2756	0	0.3719	0	0	0	0	0.1215	0	0	0	0	0.118	0	0	0
1	135135158	M2627	0	0.3719	0	0	0.1725	0.1875	0.1215	0	0.0342	0.1726	0.0851	0.1677	0.4305	0.0843	0.0411
10	93096854	M2691	0	0	0	0.4757	0	0	0	0	0	0.053	0	0	0	0	0
14	87740338	M2869	0	0	0	0	0	0	0	0	0.0342	0	0	0.0497	0	0	0.0411
23	17258196	M2772	0	0	0	0	0	0	0	0	0	0	0	0	0	0	0.0767
6	60942702	M2905	0	0	0	0	0	0	0	0	0	0	0	0	0	0	0.063
8	109762034	M2659	0	0	0.0785	0	0	0	0	0	0	0	0.401	0	0	0	0
23	28209404	M2664	0	0	0	0	0.1474	0	0	0	0	0	0	0	0	0	0
11	108980766	M2710	0	0	0	0	0	0	0	0	0.0342	0	0	0.0497	0	0	0.0411
19	27416044	M2759	0	0	0	0	0	0	0	0	0	0.053	0	0	0	0	0
13	97732396	M2629	0	0	0	0	0.1725	0	0	0	0.0342	0.1726	0	0.0497	0.4305	0	0.0411
18	56829043	M2804	0	0	0	0	0	0	0	0	0	0	0	0	0	0.1734	0
3	71496152	M2791	0	0.1057	0	0	0	0	0	0	0	0	0	0	0	0	0
2	100043670	M2713	0	0	0	0	0	0	0.2684	0	0.0763	0	0	0	0	0	0
14	62434423	M2766	0	0	0	0	0	0.1875	0	0	0	0	0	0	0	0	0
12	47872845	M2900	0	0	0	0	0	0	0.1215	0	0	0	0	0	0	0	0
10	68742906	M2649	0	0	0.1206	0	0	0.1111	0	0	0.1645	0	0	0	0	0	0
20	24208257	M2648	0	0.3719	0	0	0	0	0.1215	0	0	0	0.0851	0.118	0	0	0
20	51276008	M2739	0	0	0	0	0	0	0	0	0	0	0	0	0.1797	0	0
15	84392253	M2688	0	0	0	0	0	0	0	0	0	0	0	0	0.154	0	0
8	6627298	M2894	0	0	0	0	0.1358	0	0	0	0	0	0	0	0	0	0
18	1873477	M2836	0	0	0	0	0	0	0	0.0808	0	0	0	0	0	0	0
4	130212836	M2670	0	0	0	0	0	0	0	0	0.0342	0	0	0.0497	0	0	0.0411
23	6956222	M2838	0	0	0	0	0	0	0	0	0	0	0	0	0.1797	0	0
23	21009119	M2780	0	0	0	0	0	0.1111	0	0	0	0	0	0	0	0	0
23	36821406	M2665	0	0	0	0	0	0	0	0	0	0	0	0	0.1797	0	0
11	110003187	M2660	0	0	0	0	0.1725	0	0	0	0	0	0	0	0.2765	0	0
11	4253512	M2785	0	0	0	0	0	0	0	0	0.0342	0	0	0.0497	0	0	0.0411
6	168605629	M2675	0	0.1057	0	0	0	0	0	0	0	0	0	0	0	0	0
8	81380940	M2654	0	0	0	0.4757	0.1474	0	0.2684	0	0.0763	0.053	0	0	0	0	0
13	78765890	M2707	0	0	0	0	0	0	0	0	0	0	0	0	0	0	0.0767
13	32293053	M2635	0	0	0	0	0	0	0	0	0.0342	0.1266	0	0.0497	0.154	0	0.0411
8	155233107	M2655	0	0	0	0	0	0	0	0	0.0342	0	0	0.0497	0	0	0.0411
3	18259793	M2738	0	0	0.1219	0	0.1593	0	0	0	0	0	0	0	0	0	0.2941
9	82811659	M2883	0	0	0	0	0	0	0	0	0	0	0	0	0.0969	0	0
4	61185505	M2651	0	0	0	0	0.1725	0	0	0	0	0	0	0	0.2765	0	0
14	24405784	M2630	0	0	0	0	0.1725	0	0	0	0.0342	0.1726	0	0.0497	0.4305	0	0.0411
8	151299344	M2912	0	0	0	0	0	0	0	0	0	0	0	0.118	0	0	0
23	17806145	M2650	0	0	0.1619	0	0	0	0	0.3898	0	0	0.401	0	0	0.3995	0.0767
1	103100655	M2674	0	0	0	0	0	0	0	0	0.1289	0	0	0.3116	0	0	0
13	99817376	M2645	0	0	0	0	0	0	0	0	0	0.2122	0	0	0	0	0
11	31409520	M2686	0	0	0	0	0.1725	0	0	0	0	0	0	0	0	0	0
10	42234296	M2697	0	0	0	0	0	0	0	0	0.1645	0	0	0	0	0	0
8	110616242	M2792	0	0	0	0	0	0	0	0	0	0	0	0	0	0	0.0767
1	166131592	M2748	0	0	0	0	0	0	0.088	0.0808	0	0	0	0	0	0	0.063
3	2616483	M2666	0	0	0	0	0	0	0	0	0	0	0	0	0.154	0	0
20	6174075	M2695	0	0	0	0	0	0	0.2684	0	0.0763	0	0	0	0	0	0
20	23096421	M2898	0	0	0	0	0	0.1875	0	0	0	0	0	0	0	0	0
5	79587690	M2731	0	0	0	0.4757	0	0	0	0	0	0.053	0	0	0	0	0
18	812914	M2728	0	0	0	0	0	0	0	0	0.1289	0	0	0	0	0	0
