#chrom	pos	desc	normal	sample1	sample2	sample3	sample4	sample5	sample6	sample7	sample8	sample9
16	83290614	M3722	0	0	0	0	0.0588	0	0	0	0	0
20	2897693	M3443	0	0.0803	0.3471	0.485	0.3953	0.4789	0.2212	0	0	0.2199
17	45211484	M3626	0	0.0803	0.1934	0	0	0	0	0	0	0
23	20550070	M3708	0	0	0	0.2002	0	0	0	0	0	0
5	227580	M3552	0	0	0	0	0	0	0	0	0.469	0
6	62710310	M3448	0	0.0803	0.1934	0.485	0	0.4789	0.2212	0	0	0
13	130275812	M3453	0	0.0803	0.1934	0.485	0	0.4789	0.2212	0	0	0
14	40616838	M3506	0	0	0	0.0734	0	0	0	0	0	0
11	30099729	M3725	0	0	0	0	0	0	0.0377	0	0	0
12	12779577	M3509	0	0	0	0	0.0588	0	0	0	0	0
23	17976365	M3445	0	0.2375	0	0	0	0.0017	0	0	0	0
12	65573210	M3469	0	0	0	0	0.0588	0	0	0	0.469	0
5	25272075	M3502	0	0	0	0	0	0	0.2212	0	0	0
12	10553181	M3446	0	0	0	0	0.304	0	0	0	0	0.2199
16	39373756	M3699	0	0	0	0	0	0.3704	0	0	0	0
21	17221802	M3531	0	0.0861	0	0	0	0	0.0377	0	0	0
15	11066411	M3440	0	0	0	0	0.0588	0	0	0	0.469	0
2	213210454	M3492	0	0.0803	0.1934	0	0	0.1085	0	0	0	0
9	82506171	M3491	0	0.2187	0	0	0	0	0	0	0	0
6	109443598	M3816	0	0	0	0	0	0	0.2212	0	0	0
19	35913889	M3698	0	0	0	0	0	0	0	0	0	0.2199
17	18954669	M3454	0	0.0861	0	0	0	0	0.0377	0	0	0
13	110540316	M3483	0	0.0861	0	0	0	0	0.0377	0	0	0
21	2065950	M3761	0	0	0	0	0	0	0	0	0.469	0
16	58838476	M3467	0	0	0.1288	0	0.0913	0	0	0	0	0
8	78362084	M3455	0	0	0.1537	0	0.0913	0	0	0	0	0
13	93290806	M3461	0	0.0803	0.1934	0.2114	0	0.4789	0.2212	0	0	0
10	69383919	M3489	0	0	0.0969	0	0	0	0	0	0	0
9	109855884	M3814	0	0	0	0	0	0	0.1675	0	0	0
17	11280466	M3800	0	0	0	0	0	0	0	0	0.469	0
11	43840008	M3681	0	0	0	0.0734	0	0	0	0	0	0
5	36629983	M3636	0	0	0	0	0	0	0.1738	0	0	0.2051
1	134437304	M3542	0	0	0	0.2114	0	0	0	0	0	0
1	196341902	M3508	0	0	0	0	0.0913	0	0	0	0	0
15	69488355	M3543	0	0	0	0	0.0538	0	0	0	0	0
21	15613081	M3806	0	0.2375	0	0	0	0	0	0	0	0
3	73396164	M3607	0	0	0	0	0.304	0	0	0	0	0
1	163655136	M3449	0	0	0	0	0.304	0	0	0	0	0.2199
6	16001781	M3680	0	0	0	0	0	0	0.2212	0	0	0
11	95901566	M3786	0	0	0.1934	0	0	0	0	0	0	0
2	227746366	M3554	0	0	0	0	0.304	0	0	0	0	0
15	50259596	M3450	0	0.0861	0	0	0	0	0.0377	0	0	0
15	5347664	M3481	0	0.2375	0	0	0	0.0013	0	0	0	0
8	124699673	M3484	0	0	0	0	0.304	0	0	0	0	0
22	9362950	M3507	0	0	0	0.2114	0	0	0	0	0	0
13	112893494	M3523	0	0.0803	0.1934	0	0	0	0	0	0	0
20	32701327	M3635	0	0	0.1537	0	0	0	0	0	0	0
19	65492199	M3633	0	0	0	0	0	0	0	0	0.469	0
21	52353943	M3464	0	0	0	0	0	0.3704	0	0	0	0
23	41921599	M3527	0	0	0	0	0	0	0	0.4556	0	0
22	23317461	M3751	0	0	0	0	0	0	0	0.4556	0	0
7	38991453	M3606	0	0	0	0	0	0	0	0	0.469	0
20	8969601	M3468	0	0.0682	0	0	0	0	0.1944	0	0	0.2051
15	37847359	M3463	0	0	0.1537	0	0.0913	0	0	0	0	0
13	61832978	M3494	0	0	0	0.2002	0	0	0	0	0	0
9	139609779	M3820	0	0	0	0	0	0	0	0	0	0.2199
18	68543102	M3713	0	0.0682	0	0	0	0	0.0205	0	0	0
11	22834598	M3788	0	0	0	0	0	0	0	0	0	0.2051
23	38744175	M3637	0	0	0.0969	0	0	0	0	0	0	0
19	45129241	M3441	0	0.3236	0.0969	0	0	0.0017	0.0377	0.4556	0	0
23	7695080	M3615	0	0	0	0	0	0	0	0	0	0.2199
15	89813575	M3458	0	0.0861	0	0	0	0	0.0377	0	0	0
6	95377321	M3547	0	0.0803	0.1934	0	0	0	0	0	0	0
9	44922818	M3660	0	0	0	0.2002	0	0	0	0	0	0
15	70888074	M3579	0	0	0	0	0.0538	0	0	0	0	0
