#chrom	pos	desc	normal	sample1	sample2	sample3	sample4	sample5	sample6	sample7	sample8	sample9	sample10	sample11	sample12	sample13	sample14
16	83290614	M3722	0	0.0229	0.0007	0.0003	0.0002	0	0.0003	0.0006	0.0002	0.0003	0.0002	0.0005	0.0005	0.0004	0.0006
2	228972649	M3516	0	0.0004	0.0007	0.0004	0.0002	0.0003	0.0004	0.0003	0.0002	0.0001	0.085	0.0004	0.0004	0.0001	0.0002
2	26405681	M3776	0	0.0005	0.0003	0.0004	0.0001	0.0003	0.0004	0.0004	0.0595	0	0.0008	0.0002	0.0002	0.0003	0.0008
20	2897693	M3443	0	0.1939	0.0075	0.426	0.089	0.0115	0.2298	0.001	0.3245	0.5031	0.1475	0.1514	0.1645	0.3026	0.3979
12	118110264	M3638	0	0.0003	0.171	0.0004	0.0002	0.0001	0.0007	0.0006	0.0006	0.0004	0.0008	0.0003	0.0002	0.0003	0.0003
23	20550070	M3708	0	0.0002	0.0001	0.2273	0.0006	0.0003	0.0002	0.0001	0.0004	0.0005	0.0005	0.0005	0.0002	0.0005	0.0008
17	45211484	M3626	0	0.0006	0.0006	0.0005	0.0001	0.0006	0.0001	0.0003	0.1677	0.0003	0.0003	0.0005	0.0005	0.0004	0.0003
11	133678185	M3537	0	0.0002	0.0087	0.0004	0.0006	0.0003	0.0006	0.0002	0.0002	0.0003	0.0004	0.0004	0.0002	0.0005	0.0007
18	63235865	M3630	0	0.1204	0.0003	0.0004	0.0001	0.0003	0.0006	0.0002	0.0001	0.0002	0.0003	0.0003	0.0004	0.0002	0.0003
14	40616838	M3506	0	0.0002	0.0001	0.0003	0.0001	0.0001	0.0002	0.0002	0.0005	0.0004	0.0004	0.1476	0.0003	0.1421	0.1209
12	12779577	M3509	0	0.0248	0.0009	0.0004	0.0004	0.0003	0.0004	0.0001	0.0003	0.0003	0.1197	0.1432	0.0008	0.0003	0.0002
4	133153167	M3474	0	0.0003	0.0002	0.0004	0.0004	0.0003	0.0135	0.0003	0.0003	0	0.0006	0.0007	0.0005	0.0002	0.0005
13	12491012	M3548	0	0.0003	0.0003	0.0006	0.0847	0.0003	0.0004	0.0007	0.0004	0.0002	0.0003	0.0003	0.0003	0.0004	0.0008
23	17976365	M3445	0	0.0004	0.0002	0.0003	0.0004	0.0004	0.1873	0.0005	0.0006	0.0002	0.0003	0.0002	0.0005	0.1267	0.0003
2	36782732	M3780	0	0.0005	0.0005	0.0004	0.0001	0.0008	0.0005	0.0004	0.0003	0.181	0.0003	0.0002	0.0004	0.0006	0.0002
12	10553181	M3446	0	0.0005	0.0065	0.2075	0.0003	0.0004	0.0169	0.0001	0.0005	0.0008	0.0006	0.0003	0.1071	0.0002	0.0003
8	27183757	M3749	0	0.0002	0.0005	0.0003	0.2587	0.2274	0.0002	0.2164	0.0002	0.0002	0.1488	0.0002	0.0005	0.0003	0.0003
9	82506171	M3491	0	0.0002	0.0004	0.0004	0.0003	0.0005	0.1852	0.0004	0.0002	0.0002	0.0001	0.0004	0.0004	0.0002	0.0008
2	44309957	M3534	0	0.0004	0.0003	0.0005	0.0006	0.0004	0.0003	0.0003	0.0002	0.3433	0.0004	0.0006	0.0002	0.1459	0.0001
20	26739639	M3811	0	0.0002	0.0084	0.0001	0.0002	0.0002	0.0001	0.0001	0.0003	0.0005	0.0004	0.0004	0.0003	0.0003	0.0003
13	76616713	M3522	0	0.0001	0.0003	0.0002	0.0004	0.0115	0.2225	0.0006	0.0001	0.0005	0.0001	0.0007	0.0002	0.0222	0.0004
22	19541172	M3574	0	0.0002	0.0001	0.0004	0.0004	0.0002	0.0002	0.0007	0.0004	0.0002	0.0005	0.0006	0.0002	0	0.1249
21	49742899	M3472	0	0.0003	0.0003	0.0003	0.0005	0.0002	0.0004	0.0003	0.0004	0.0002	0.0002	0.0003	0.2118	0	0.0001
8	96536074	M3526	0	0.0005	0.0002	0.0002	0.0889	0.0003	0.0003	0.0006	0.0005	0.0005	0.0004	0.0001	0.0006	0.0002	0.0004
15	64329675	M3683	0	0.0005	0.0005	0.0007	0.0006	0.0004	0.0003	0.0002	0.0003	0.0006	0.0869	0.0005	0.0006	0.0006	0.0004
7	29385607	M3760	0	0.0004	0.0001	0.0004	0.0005	0.0003	0.0003	0.0017	0.0002	0.0003	0.0001	0.0007	0.0004	0.0005	0.0006
9	53209546	M3578	0	0.1988	0.0006	0.0003	0.0004	0	0.0001	0.0002	0.0004	0.0004	0.0001	0.0001	0.0001	0.0003	0.2744
1	163655136	M3449	0	0.0003	0.0074	0.2003	0	0.0002	0.0175	0.0006	0.0002	0.0002	0.0003	0.0004	0.1054	0.0004	0.0003
15	50259596	M3450	0	0.1971	0.1682	0.0002	0.2661	0.2241	0.0005	0.2186	0.0634	0.0005	0.1522	0.0002	0.0004	0.0003	0.0004
15	5347664	M3481	0	0.0003	0.0002	0.0006	0.0007	0.0003	0.1876	0.0004	0.0003	0.0002	0.0001	0.0002	0.0001	0.1277	0.0002
13	4635941	M3517	0	0	0.0002	0.0004	0.0003	0.0007	0.1812	0.0008	0.0004	0.0007	0.0003	0	0.0001	0.0001	0.0005
23	4342454	M3518	0	0.0004	0.0004	0.0004	0.0903	0.0002	0.0003	0.0005	0.0001	0.0001	0.0003	0.0001	0.0001	0.0007	0.0003
3	80328772	M3827	0	0.0004	0.0003	0.0004	0.2678	0.0001	0.0007	0.2124	0.0003	0.0001	0.1454	0.0001	0.0006	0	0.0002
8	124699673	M3484	0	0.0003	0.0006	0.0005	0.0004	0.0002	0.0005	0.0008	0.0003	0.0005	0.0006	0.001	0.1068	0.0005	0.0005
13	112893494	M3523	0	0.0001	0.0003	0.0006	0.0002	0.0002	0.0005	0.0004	0.1732	0.0006	0.0003	0	0.0003	0.0003	0.0004
7	1846994	M3501	0	0.0002	0.1655	0.0004	0.2661	0.2281	0.0006	0.2191	0.0588	0	0.1461	0.0004	0.0007	0.0008	0.0006
20	1137529	M3632	0	0.0808	0.0002	0.0006	0.0006	0.0005	0.0005	0.0003	0.0003	0.0006	0.0003	0.0005	0.0001	0.0003	0.0003
4	41267922	M3765	0	0.0001	0.0006	0	0.0515	0.0003	0.0003	0.0002	0.0006	0.0002	0	0.0003	0.0004	0.0005	0.0004
21	52353943	M3464	0	0.0004	0.0001	0.0005	0	0	0.0001	0.0007	0.1558	0.0004	0.0004	0.0001	0.0598	0.0003	0.0003
5	180508259	M3798	0	0.1987	0.0004	0.0002	0.0005	0.0003	0.0006	0.0003	0	0.0004	0.0002	0.0004	0.0004	0.0003	0
22	23317461	M3751	0	0.0005	0.0004	0.0005	0.0006	0.0007	0.0005	0.2144	0.0004	0.0003	0.0007	0.0001	0.0002	0.0006	0
20	8969601	M3468	0	0.0002	0.0003	0.0003	0.0004	0.0004	0.0003	0.0004	0.0157	0.0001	0.0002	0.0005	0.0001	0.0004	0.0002
9	103822435	M3498	0	0.0005	0.0004	0.0004	0.0005	0.0004	0.0003	0.0002	0.0001	0.0003	0.0579	0.0002	0.0004	0.0002	0.0004
12	65191446	M3589	0	0.0004	0.0005	0.0004	0.0002	0.0005	0.0002	0.0003	0.0001	0.0006	0.0002	0.0002	0.2112	0.0003	0.0003
12	88935451	M3684	0	0.0005	0.0004	0.0001	0.0005	0.0003	0.2119	0.0005	0.0002	0.0001	0.0001	0.0004	0.0004	0.0002	0.0006
15	87192332	M3620	0	0.0006	0.0003	0.0006	0.0001	0.0005	0.0002	0.0006	0.0002	0.0004	0.0002	0.0003	0.0003	0.0005	0.0003
23	14307596	M3672	0	0.0001	0.1427	0.0003	0.0009	0.0005	0.0003	0.0005	0.0002	0.0004	0.0005	0.0003	0.0006	0.0002	0.0004
19	45129241	M3441	0	0.1986	0.2837	0.0002	0.2696	0.4323	0.1814	0.425	0.0654	0.0004	0.151	0.0719	0.0004	0.1237	0.0005
12	99472968	M3480	0	0.0006	0.1469	0.0011	0.0003	0.0003	0.0004	0.0003	0.0004	0.0001	0.0002	0.0003	0.0002	0.0001	0.0003
1	139442025	M3799	0	0.0004	0.0002	0.0001	0.0005	0.0002	0.0003	0.0013	0.0003	0.0002	0.0001	0.0001	0.0004	0.0005	0.0003
9	44922818	M3660	0	0.0004	0.0002	0.2325	0.0004	0.0005	0.0003	0.0004	0	0.0006	0.0002	0.0002	0.0005	0.0001	0.0001
9	37489803	M3525	0	0.0005	0.1068	0.0002	0.0002	0.1785	0.0003	0.0003	0.0005	0.0004	0.0003	0.0003	0.0003	0.0005	0.0005
15	48306388	M3689	0	0.0002	0.0003	0.0002	0.0002	0.0002	0.0002	0.0002	0.0002	0.1693	0.0006	0.0001	0.0005	0.1448	0.0003
5	227580	M3552	0	0.0003	0.0003	0.0002	0.0492	0.0002	0.0004	0.0002	0.0002	0.0008	0.0004	0.0541	0.1132	0.0005	0.0006
17	3819355	M3486	0	0.0006	0.0003	0.0005	0.001	0.0002	0.0004	0.0004	0.0003	0.0001	0.1405	0.0003	0.0002	0.0006	0.0001
6	62710310	M3448	0	0.1928	0.0006	0.229	0.0929	0.0139	0.2148	0.0014	0.3219	0.4906	0.0003	0.1496	0.0604	0.3088	0.4033
13	130275812	M3453	0	0.1974	0	0.2301	0.0909	0.0116	0.217	0.0015	0.324	0.4972	0.0002	0.151	0.0604	0.3175	0.4046
6	72076261	M3634	0	0.0002	0.0003	0.0002	0.0004	0.0004	0.0002	0.0003	0.1543	0.0004	0.0005	0.0009	0.0003	0.0001	0.0004
4	23892963	M3664	0	0.0003	0.0005	0	0.0519	0.0002	0.0001	0.0007	0.0003	0	0.0007	0.0005	0.0001	0.0001	0.0007
6	6758291	M3675	0	0.1157	0.0001	0.0004	0.0003	0	0.0005	0.0006	0.0005	0.0001	0.0004	0.0007	0.0002	0.0002	0.0004
12	65573210	M3469	0	0.024	0.0006	0.0004	0.0482	0.0003	0.0005	0.0003	0.0003	0.0002	0.1224	0.2015	0.1154	0.0002	0.0002
21	17221802	M3531	0	0.1971	0.0004	0.0005	0.0002	0.0002	0.0002	0.0002	0.0008	0.0004	0.0005	0.0002	0.0002	0.0002	0.0004
20	18513543	M3539	0	0.0001	0.0003	0.0008	0.0003	0.0004	0.0004	0.0006	0.0004	0.1416	0.0006	0.0005	0.0003	0.0005	0.0001
15	11066411	M3440	0	0.0238	0.146	0.0004	0.0493	0.0003	0.0004	0.0005	0.0009	0.0003	0.1253	0.1991	0.104	0.0005	0.0003
2	213210454	M3492	0	0.0002	0.0003	0.0001	0.0006	0.0115	0.211	0.0009	0.1743	0	0.0003	0.0003	0.0001	0.0228	0.0004
17	18954669	M3454	0	0.1926	0.1659	0.0005	0.2592	0.2219	0.0001	0.2086	0.0641	0.0003	0.1422	0.0002	0.0002	0.0006	0.0002
13	110540316	M3483	0	0.1959	0.1655	0.0002	0.2593	0.2228	0.0003	0.2103	0.0587	0.0003	0.1505	0.0004	0.0007	0.0007	0.0003
21	2065950	M3761	0	0.0004	0.0008	0.0003	0.0005	0.0005	0.0003	0.0002	0	0.0005	0.0002	0.0006	0.1011	0.0004	0.0001
16	58838476	M3467	0	0.0001	0.0004	0.0005	0.0002	0.0006	0.0005	0.0003	0.0002	0.0001	0.1435	0.0005	0.0003	0.0003	0.0004
8	78362084	M3455	0	0.0002	0.0003	0.0005	0.0007	0.0002	0.0004	0.0003	0.0002	0.0002	0.1482	0.0004	0.0002	0.0003	0.0004
14	9393308	M3511	0	0.0004	0.0003	0.2016	0.0002	0.0001	0	0.0006	0.0002	0.0006	0.0004	0.0004	0.0004	0.0007	0.0003
13	93290806	M3461	0	0.0003	0.0005	0.0004	0.0915	0.0111	0.2151	0.0013	0.3249	0.349	0.0001	0.0002	0.0584	0.1652	0.0007
17	11280466	M3800	0	0.0004	0.0005	0.0001	0.0004	0.0002	0.0002	0.0002	0.0002	0.0002	0.0003	0.0004	0.1103	0.0004	0.0004
22	17108125	M3724	0	0.0007	0.0003	0.0003	0.0003	0.0002	0.0005	0.0001	0.0002	0.0004	0.0002	0.0001	0.2139	0.0003	0.0003
23	11783410	M3758	0	0.1976	0.0008	0.0003	0.0004	0.0005	0.0002	0.0001	0.0007	0.0007	0	0.0001	0.0003	0.0006	0.0004
2	204787693	M3586	0	0.0006	0.0005	0.0004	0.0003	0.0001	0.0003	0.0002	0.0004	0.0005	0.0004	0.0719	0.0002	0.0003	0.0001
15	69488355	M3543	0	0.0241	0.0004	0.0002	0.0002	0.0007	0.0004	0.0003	0.0002	0.0002	0.123	0.1366	0.0002	0.0004	0.0004
14	73139600	M3832	0	0.0006	0.0002	0.001	0.0007	0.0002	0.0002	0.0015	0.0003	0.0005	0.0002	0.0003	0.0003	0.0003	0.0005
6	59251232	M3562	0	0.0002	0.0004	0.0004	0.0006	0.0005	0.0007	0.0001	0.0002	0.3505	0.0003	0.0004	0.0004	0.143	0.0003
20	9356068	M3597	0	0.0005	0.1358	0.0002	0.0001	0.0006	0.0003	0.0003	0.0005	0.0004	0.0004	0.001	0.0007	0.0004	0.0005
17	64118596	M3581	0	0.0002	0.0003	0.0005	0.0943	0.0004	0.0005	0.0001	0.0003	0.0002	0.0004	0.0005	0.0007	0.0001	0.0002
11	95901566	M3786	0	0.0005	0.0004	0.0006	0.0004	0.0003	0.0001	0.0004	0.1659	0.0001	0.0004	0.0007	0.0001	0.0005	0.0001
2	227746366	M3554	0	0.0004	0.0005	0.0003	0	0	0.0006	0.0005	0.0007	0.0005	0.0006	0.0002	0.1048	0.0002	0.0005
22	9362950	M3507	0	0.0003	0.0007	0.0003	0.0934	0.0003	0.0005	0.0001	0.0002	0.3461	0.0005	0.0004	0.0006	0.1402	0.0007
4	180981558	M3533	0	0.1928	0.0004	0.0006	0.0003	0.0004	0.0002	0.0005	0.0004	0.0003	0.0002	0.0003	0.0005	0.0003	0.2786
19	65492199	M3633	0	0.0002	0.0005	0.0001	0.0003	0.0004	0.0003	0.0001	0.0003	0.0005	0.0002	0.0003	0.1105	0.0007	0.0003
6	30344652	M3692	0	0.0005	0.0003	0.0004	0.0006	0.0001	0.0004	0.0001	0	0.0004	0.1285	0.1371	0.0005	0.0001	0.0003
23	41921599	M3527	0	0.0002	0.0005	0.0001	0.0002	0.0003	0.0002	0.2021	0.0005	0.0002	0.0006	0.0002	0.0005	0.0003	0.0004
2	87542340	M3662	0	0.0002	0.0005	0.0004	0.0004	0.0005	0.0003	0.0003	0.0004	0.0001	0.0004	0.0005	0.0001	0.0241	0.0002
7	38991453	M3606	0	0.0004	0.0002	0.0002	0.0005	0.0002	0.0005	0.0005	0.0002	0.0004	0.0006	0.0005	0.1126	0.0001	0.0002
7	24197356	M3487	0	0.0001	0.0002	0.0003	0.0003	0.0005	0.015	0.0004	0.0007	0.0003	0.0001	0.0005	0.0002	0.0004	0.0007
23	43109670	M3558	0	0.0001	0.0002	0.0004	0.0002	0.0118	0.0001	0.0003	0.001	0.0003	0.0002	0.0003	0	0.0003	0.0003
13	61832978	M3494	0	0.1967	0.0006	0.2266	0.0002	0.0003	0.0002	0.0002	0.0004	0.1455	0.0004	0.0002	0.0005	0.0003	0.2815
10	131576245	M3577	0	0.1192	0.0003	0.0004	0.0001	0.0003	0.0002	0.0002	0.0001	0.0004	0.0003	0.0005	0.0003	0.0004	0.0002
15	37847359	M3463	0	0.0003	0.0004	0.0002	0.0003	0	0.0001	0.0006	0.0003	0.0006	0.1498	0.0001	0	0	0.0003
8	64370917	M3818	0	0.0005	0.0002	0.0003	0.0003	0.0002	0.0003	0.0003	0.0003	0.0009	0.0004	0.1403	0.0002	0.0003	0.0002
18	68543102	M3713	0	0.0003	0.0004	0.001	0.0003	0.0005	0.0005	0.0002	0.0171	0.0004	0.0002	0.0003	0.0001	0.0002	0.0003
15	89813575	M3458	0	0.1922	0.1766	0	0.2637	0.2273	0.0002	0.2103	0.0613	0.0003	0.1462	0.0002	0.0003	0.0002	0.0001
6	95377321	M3547	0	0.0007	0.0003	0.0005	0.0006	0.0002	0.0006	0.0003	0.1718	0.0003	0.0003	0.0007	0.0003	0.0007	0
8	41462179	M3715	0	0.0002	0.0003	0.0005	0.0002	0.0006	0.0004	0.0001	0.0002	0.0002	0.0604	0.0002	0.0002	0.0002	0.0009
6	3383920	M3747	0	0.0004	0.0002	0.0005	0.0003	0.0003	0.0003	0.0002	0.0001	0.0006	0.0001	0.0007	0.0006	0.1263	0.0001
15	70888074	M3579	0	0.0232	0.0001	0.0003	0	0.0003	0.0002	0.0003	0.0003	0.0008	0.1186	0.1386	0.0001	0.0001	0.0002
5	48113079	M3625	0	0.0002	0.0074	0.0004	0.0002	0.0006	0.0002	0.0003	0.0001	0.0004	0.0006	0.0003	0.0003	0.0005	0.0002
