#chrom	pos	desc	normal	sample1	sample2	sample3	sample4	sample5	sample6	sample7	sample8	sample9	sample10	sample11	sample12	sample13	sample14
16	83290614	M3722	0	0.0233	0	0	0	0	0	0	0	0	0	0	0	0	0
2	228972649	M3516	0	0	0	0	0	0	0	0	0	0	0.0847	0	0	0	0
2	26405681	M3776	0	0	0	0	0	0	0	0	0.0624	0	0	0	0	0	0
20	2897693	M3443	0	0.199	0.0066	0.4295	0.091	0.0114	0.2316	0.0008	0.3253	0.495	0.1433	0.1509	0.1624	0.3087	0.4035
12	118110264	M3638	0	0	0.1698	0	0	0	0	0	0	0	0	0	0	0	0
23	20550070	M3708	0	0	0	0.2251	0	0	0	0	0	0	0	0	0	0	0
17	45211484	M3626	0	0	0	0	0	0	0	0	0.172	0	0	0	0	0	0
11	133678185	M3537	0	0	0.0066	0	0	0	0	0	0	0	0	0	0	0	0
18	63235865	M3630	0	0.1216	0	0	0	0	0	0	0	0	0	0	0	0	0
14	40616838	M3506	0	0	0	0	0	0	0	0	0	0	0	0.1509	0	0.1413	0.1226
12	12779577	M3509	0	0.0233	0	0	0	0	0	0	0	0	0.1228	0.1404	0	0	0
4	133153167	M3474	0	0	0	0	0	0	0.0153	0	0	0	0	0	0	0	0
13	12491012	M3548	0	0	0	0	0.091	0	0	0	0	0	0	0	0	0	0
23	17976365	M3445	0	0	0	0	0	0	0.1842	0	0	0	0	0	0	0.1252	0
2	36782732	M3780	0	0	0	0	0	0	0	0	0	0.1819	0	0	0	0	0
12	10553181	M3446	0	0	0.0066	0.2044	0	0	0.0153	0	0	0	0	0	0.1046	0	0
8	27183757	M3749	0	0	0	0	0.2664	0.2243	0	0.2165	0	0	0.1452	0	0	0	0
9	82506171	M3491	0	0	0	0	0	0	0.1842	0	0	0	0	0	0	0	0
2	44309957	M3534	0	0	0	0	0	0	0	0	0	0.3502	0	0	0	0.1445	0
20	26739639	M3811	0	0	0.0066	0	0	0	0	0	0	0	0	0	0	0	0
13	76616713	M3522	0	0	0	0	0	0.0114	0.2163	0	0	0	0	0	0	0.0229	0
22	19541172	M3574	0	0	0	0	0	0	0	0	0	0	0	0	0	0	0.1226
21	49742899	M3472	0	0	0	0	0	0	0	0	0	0	0	0	0.2133	0	0
8	96536074	M3526	0	0	0	0	0.091	0	0	0	0	0	0	0	0	0	0
15	64329675	M3683	0	0	0	0	0	0	0	0	0	0	0.0847	0	0	0	0
7	29385607	M3760	0	0	0	0	0	0	0	0.0008	0	0	0	0	0	0	0
9	53209546	M3578	0	0.199	0	0	0	0	0	0	0	0	0	0	0	0	0.2809
1	163655136	M3449	0	0	0.0066	0.2044	0	0	0.0153	0	0	0	0	0	0.1046	0	0
15	50259596	M3450	0	0.1979	0.1698	0	0.2664	0.2243	0	0.2165	0.0624	0	0.1452	0	0	0	0
15	5347664	M3481	0	0	0	0	0	0	0.1842	0	0	0	0	0	0	0.1252	0
13	4635941	M3517	0	0	0	0	0	0	0.1842	0	0	0	0	0	0	0	0
23	4342454	M3518	0	0	0	0	0.091	0	0	0	0	0	0	0	0	0	0
3	80328772	M3827	0	0	0	0	0.2664	0	0	0.2165	0	0	0.1452	0	0	0	0
8	124699673	M3484	0	0	0	0	0	0	0	0	0	0	0	0	0.1046	0	0
13	112893494	M3523	0	0	0	0	0	0	0	0	0.172	0	0	0	0	0	0
7	1846994	M3501	0	0	0.1698	0	0.2664	0.2243	0	0.2165	0.0624	0	0.1452	0	0	0	0
20	1137529	M3632	0	0.0763	0	0	0	0	0	0	0	0	0	0	0	0	0
4	41267922	M3765	0	0	0	0	0.0497	0	0	0	0	0	0	0	0	0	0
21	52353943	M3464	0	0	0	0	0	0	0	0	0.1533	0	0	0	0.0579	0	0
5	180508259	M3798	0	0.199	0	0	0	0	0	0	0	0	0	0	0	0	0
22	23317461	M3751	0	0	0	0	0	0	0	0.2111	0	0	0	0	0	0	0
20	8969601	M3468	0	0	0	0	0	0	0	0	0.0164	0	0	0	0	0	0
9	103822435	M3498	0	0	0	0	0	0	0	0	0	0	0.0587	0	0	0	0
12	65191446	M3589	0	0	0	0	0	0	0	0	0	0	0	0	0.2133	0	0
12	88935451	M3684	0	0	0	0	0	0	0.2163	0	0	0	0	0	0	0	0
15	87192332	M3620	0	0	0	0	0	0	0	0.0008	0	0	0	0	0	0	0
23	14307596	M3672	0	0	0.1435	0	0	0	0	0	0	0	0	0	0	0	0
19	45129241	M3441	0	0.1979	0.284	0	0.2664	0.4387	0.1842	0.4276	0.0624	0	0.1452	0.0721	0	0.1252	0
12	99472968	M3480	0	0	0.1435	0	0	0	0	0	0	0	0	0	0	0	0
1	139442025	M3799	0	0	0	0	0	0	0	0.0008	0	0	0	0	0	0	0
9	44922818	M3660	0	0	0	0.2251	0	0	0	0	0	0	0	0	0	0	0
9	37489803	M3525	0	0	0.1025	0	0	0.1765	0	0	0	0	0	0	0	0	0
15	48306388	M3689	0	0	0	0	0	0	0	0	0	0.1683	0	0	0	0.1445	0
5	227580	M3552	0	0	0	0	0.0497	0	0	0	0	0	0	0.0521	0.11	0	0
17	3819355	M3486	0	0	0	0	0	0	0	0	0	0	0.1433	0	0	0	0
6	62710310	M3448	0	0.199	0	0.2251	0.091	0.0114	0.2163	0.0008	0.3253	0.495	0	0.1509	0.0579	0.3087	0.4035
13	130275812	M3453	0	0.199	0	0.2251	0.091	0.0114	0.2163	0.0008	0.3253	0.495	0	0.1509	0.0579	0.3087	0.4035
6	72076261	M3634	0	0	0	0	0	0	0	0	0.1533	0	0	0	0	0	0
4	23892963	M3664	0	0	0	0	0.0497	0	0	0	0	0	0	0	0	0	0
6	6758291	M3675	0	0.1216	0	0	0	0	0	0	0	0	0	0	0	0	0
12	65573210	M3469	0	0.0233	0	0	0.0497	0	0	0	0	0	0.1228	0.1925	0.11	0	0
21	17221802	M3531	0	0.1979	0	0	0	0	0	0	0	0	0	0	0	0	0
20	18513543	M3539	0	0	0	0	0	0	0	0	0	0.1448	0	0	0	0	0
15	11066411	M3440	0	0.0233	0.1435	0	0.0497	0	0	0	0	0	0.1228	0.1925	0.104	0	0
2	213210454	M3492	0	0	0	0	0	0.0114	0.2163	0.0008	0.172	0	0	0	0	0.0229	0
17	18954669	M3454	0	0.1979	0.1698	0	0.2664	0.2243	0	0.2165	0.0624	0	0.1452	0	0	0	0
13	110540316	M3483	0	0.1979	0.1698	0	0.2664	0.2243	0	0.2165	0.0624	0	0.1452	0	0	0	0
21	2065950	M3761	0	0	0	0	0	0	0	0	0	0	0	0	0.0996	0	0
16	58838476	M3467	0	0	0	0	0	0	0	0	0	0	0.1433	0	0	0	0
8	78362084	M3455	0	0	0	0	0	0	0	0	0	0	0.1433	0	0	0	0
14	9393308	M3511	0	0	0	0.2044	0	0	0	0	0	0	0	0	0	0	0
13	93290806	M3461	0	0	0	0	0.091	0.0114	0.2163	0.0008	0.3253	0.3502	0	0	0.0579	0.1674	0
17	11280466	M3800	0	0	0	0	0	0	0	0	0	0	0	0	0.11	0	0
22	17108125	M3724	0	0	0	0	0	0	0	0	0	0	0	0	0.2133	0	0
23	11783410	M3758	0	0.199	0	0	0	0	0	0	0	0	0	0	0	0	0
2	204787693	M3586	0	0	0	0	0	0	0	0	0	0	0	0.0721	0	0	0
15	69488355	M3543	0	0.0233	0	0	0	0	0	0	0	0	0.1228	0.1404	0	0	0
14	73139600	M3832	0	0	0	0	0	0	0	0.0008	0	0	0	0	0	0	0
6	59251232	M3562	0	0	0	0	0	0	0	0	0	0.3502	0	0	0	0.1445	0
20	9356068	M3597	0	0	0.1435	0	0	0	0	0	0	0	0	0	0	0	0
17	64118596	M3581	0	0	0	0	0.091	0	0	0	0	0	0	0	0	0	0
11	95901566	M3786	0	0	0	0	0	0	0	0	0.172	0	0	0	0	0	0
2	227746366	M3554	0	0	0	0	0	0	0	0	0	0	0	0	0.1046	0	0
22	9362950	M3507	0	0	0	0	0.091	0	0	0	0	0.3502	0	0	0	0.1445	0
4	180981558	M3533	0	0.199	0	0	0	0	0	0	0	0	0	0	0	0	0.2809
19	65492199	M3633	0	0	0	0	0	0	0	0	0	0	0	0	0.11	0	0
6	30344652	M3692	0	0	0	0	0	0	0	0	0	0	0.1228	0.1404	0	0	0
23	41921599	M3527	0	0	0	0	0	0	0	0.2111	0	0	0	0	0	0	0
2	87542340	M3662	0	0	0	0	0	0	0	0	0	0	0	0	0	0.0229	0
7	38991453	M3606	0	0	0	0	0	0	0	0	0	0	0	0	0.11	0	0
7	24197356	M3487	0	0	0	0	0	0	0.0153	0	0	0	0	0	0	0	0
23	43109670	M3558	0	0	0	0	0	0.0114	0	0	0	0	0	0	0	0	0
13	61832978	M3494	0	0.199	0	0.2251	0	0	0	0	0	0.1448	0	0	0	0	0.2809
10	131576245	M3577	0	0.1216	0	0	0	0	0	0	0	0	0	0	0	0	0
15	37847359	M3463	0	0	0	0	0	0	0	0	0	0	0.1433	0	0	0	0
8	64370917	M3818	0	0	0	0	0	0	0	0	0	0	0	0.1404	0	0	0
18	68543102	M3713	0	0	0	0	0	0	0	0	0.0164	0	0	0	0	0	0
15	89813575	M3458	0	0.1979	0.1698	0	0.2664	0.2243	0	0.2165	0.0624	0	0.1452	0	0	0	0
6	95377321	M3547	0	0	0	0	0	0	0	0	0.172	0	0	0	0	0	0
8	41462179	M3715	0	0	0	0	0	0	0	0	0	0	0.0587	0	0	0	0
6	3383920	M3747	0	0	0	0	0	0	0	0	0	0	0	0	0	0.1252	0
15	70888074	M3579	0	0.0233	0	0	0	0	0	0	0	0	0.1228	0.1404	0	0	0
5	48113079	M3625	0	0	0.0066	0	0	0	0	0	0	0	0	0	0	0	0
