#chrom	pos	desc	normal	sample1	sample2	sample3	sample4	sample5	sample6	sample7	sample8	sample9	sample10	sample11	sample12	sample13	sample14
16	83290614	M3722	0	0.026	0.001	0.001	0.001	0.001	0	0	0.001	0	0.001	0.002	0.002	0.001	0
2	228972649	M3516	0	0	0.001	0.001	0	0.001	0.001	0	0	0	0.09	0.002	0	0	0
2	26405681	M3776	0	0	0	0	0	0	0.002	0.001	0.052	0	0	0	0.002	0	0.001
20	2897693	M3443	0	0.218	0.004	0.42	0.084	0.005	0.24	0	0.326	0.485	0.134	0.155	0.154	0.293	0.406
12	118110264	M3638	0	0	0.181	0.001	0.001	0	0	0	0	0	0	0	0	0.001	0.001
23	20550070	M3708	0	0	0	0.225	0	0	0	0	0	0	0.001	0	0	0.001	0
17	45211484	M3626	0	0	0	0.002	0.002	0	0.001	0.001	0.184	0.001	0	0	0.001	0.001	0
11	133678185	M3537	0	0	0.009	0	0	0	0	0	0	0	0.001	0	0.001	0.002	0
18	63235865	M3630	0	0.141	0	0	0	0.001	0	0	0	0	0	0	0.001	0	0
14	40616838	M3506	0	0	0.001	0	0.001	0	0	0.001	0	0	0.002	0.146	0	0.129	0.118
12	12779577	M3509	0	0.02	0	0.001	0	0	0	0	0	0.001	0.116	0.151	0.001	0.001	0
4	133153167	M3474	0	0	0	0.001	0	0	0.017	0	0	0	0.002	0	0	0	0.001
13	12491012	M3548	0	0.001	0	0	0.097	0	0.001	0	0.001	0	0.001	0	0.002	0	0
23	17976365	M3445	0	0	0	0.001	0	0	0.194	0	0.001	0.001	0	0	0	0.118	0.002
2	36782732	M3780	0	0	0	0	0	0	0	0	0	0.174	0.001	0	0.001	0	0
12	10553181	M3446	0	0.002	0.006	0.194	0	0	0.016	0.002	0.001	0	0	0	0.093	0.001	0
8	27183757	M3749	0	0.001	0	0	0.29	0.243	0.001	0.203	0	0.001	0.135	0	0	0	0
9	82506171	M3491	0	0	0.001	0	0	0	0.196	0.001	0	0	0	0	0	0.003	0
2	44309957	M3534	0	0.001	0	0	0.001	0.001	0	0	0	0.364	0	0.001	0.001	0.147	0
20	26739639	M3811	0	0	0.006	0	0.001	0	0.002	0.001	0	0	0.001	0	0	0	0.003
13	76616713	M3522	0	0	0	0	0	0.011	0.216	0.001	0	0.001	0	0	0.001	0.029	0.002
22	19541172	M3574	0	0	0.001	0	0.001	0.001	0	0	0	0	0	0	0	0	0.134
21	49742899	M3472	0	0	0.001	0	0.001	0	0.002	0.001	0	0	0.001	0	0.201	0.001	0
8	96536074	M3526	0	0	0	0.001	0.088	0	0.001	0	0.001	0	0	0	0	0	0.001
15	64329675	M3683	0	0	0	0	0.001	0	0	0.001	0.001	0.001	0.084	0.001	0	0	0.001
7	29385607	M3760	0	0	0	0	0.001	0	0	0.001	0	0	0	0	0	0	0
9	53209546	M3578	0	0.201	0.002	0	0	0.001	0	0	0.001	0	0.001	0	0	0.001	0.275
1	163655136	M3449	0	0	0.012	0.222	0.001	0	0.015	0	0.001	0.001	0	0	0.108	0	0
15	50259596	M3450	0	0.22	0.175	0	0.272	0.198	0	0.231	0.051	0.001	0.133	0	0	0.001	0
15	5347664	M3481	0	0	0	0	0	0	0.182	0	0.002	0	0	0.002	0.001	0.121	0
13	4635941	M3517	0	0	0	0	0	0.001	0.174	0	0.003	0	0	0	0	0	0.001
23	4342454	M3518	0	0	0	0	0.087	0	0	0	0.001	0	0	0.002	0	0.001	0
3	80328772	M3827	0	0	0	0	0.245	0	0	0.241	0	0	0.149	0	0	0.001	0
8	124699673	M3484	0	0	0.001	0	0.001	0	0	0	0	0	0	0	0.111	0	0
13	112893494	M3523	0	0	0	0	0	0	0	0.001	0.173	0.001	0	0.002	0	0	0
7	1846994	M3501	0	0	0.199	0	0.289	0.22	0	0.229	0.063	0.001	0.149	0	0	0	0
20	1137529	M3632	0	0.079	0.001	0	0	0	0	0	0.001	0	0.001	0	0	0.001	0
4	41267922	M3765	0	0	0.001	0	0.044	0	0.002	0.002	0	0	0.001	0	0	0	0
21	52353943	M3464	0	0	0	0	0.001	0	0	0	0.148	0.001	0	0	0.064	0.001	0
5	180508259	M3798	0	0.19	0	0	0	0	0	0	0	0.002	0	0.002	0.001	0	0
22	23317461	M3751	0	0.001	0.001	0	0.001	0.001	0	0.217	0	0	0	0	0.002	0	0
20	8969601	M3468	0	0	0.001	0	0	0	0	0	0.022	0	0	0	0	0.002	0
9	103822435	M3498	0	0	0	0	0.001	0	0	0	0	0.001	0.075	0	0.001	0	0
12	65191446	M3589	0	0	0	0.001	0.001	0.001	0	0.001	0.002	0	0	0	0.223	0	0
12	88935451	M3684	0	0	0	0	0.001	0	0.221	0	0	0.001	0	0	0.001	0.001	0
15	87192332	M3620	0	0.001	0	0	0.002	0	0.001	0.003	0	0.001	0.001	0.001	0.001	0	0
23	14307596	M3672	0	0	0.142	0	0	0	0.002	0	0.001	0.001	0	0	0.001	0	0
19	45129241	M3441	0	0.183	0.273	0	0.278	0.432	0.186	0.423	0.065	0.001	0.128	0.077	0	0.126	0
12	99472968	M3480	0	0	0.147	0	0	0.001	0	0.001	0	0.001	0	0	0.001	0	0
1	139442025	M3799	0	0.001	0	0	0	0	0.001	0.002	0.001	0	0.001	0.001	0.001	0.001	0
9	44922818	M3660	0	0	0	0.212	0	0	0	0	0	0	0	0	0	0	0.001
9	37489803	M3525	0	0	0.107	0	0.002	0.184	0	0.001	0	0.001	0	0	0.001	0	0
15	48306388	M3689	0	0	0	0	0	0.001	0.001	0	0	0.158	0	0.001	0	0.141	0
5	227580	M3552	0	0	0	0.002	0.052	0	0	0	0	0.001	0	0.058	0.116	0.001	0
17	3819355	M3486	0	0.001	0	0	0	0	0	0.001	0	0.001	0.146	0	0.001	0	0
6	62710310	M3448	0	0.2	0	0.208	0.083	0.008	0.21	0	0.349	0.492	0	0.156	0.057	0.318	0.383
13	130275812	M3453	0	0.195	0	0.224	0.092	0.014	0.227	0.001	0.324	0.488	0	0.138	0.057	0.32	0.392
6	72076261	M3634	0	0	0	0	0.001	0.001	0	0	0.168	0	0	0.001	0.001	0.001	0
4	23892963	M3664	0	0	0	0	0.048	0	0	0	0.001	0	0	0	0	0	0
6	6758291	M3675	0	0.133	0	0	0	0	0.001	0	0.001	0	0	0.001	0	0	0
12	65573210	M3469	0	0.021	0	0	0.041	0	0	0.001	0	0	0.113	0.188	0.12	0	0
21	17221802	M3531	0	0.208	0	0.001	0	0	0.002	0	0	0	0	0	0.001	0	0.001
20	18513543	M3539	0	0	0	0	0.002	0	0.002	0	0.001	0.16	0	0	0	0	0
15	11066411	M3440	0	0.022	0.156	0	0.06	0.001	0	0.001	0	0.002	0.12	0.183	0.134	0	0
2	213210454	M3492	0	0.001	0	0	0	0.015	0.214	0.003	0.192	0.001	0	0	0	0.036	0
17	18954669	M3454	0	0.246	0.181	0.001	0.266	0.226	0.001	0.196	0.067	0	0.135	0	0	0	0.001
13	110540316	M3483	0	0.192	0.174	0	0.27	0.213	0	0.231	0.046	0.002	0.134	0	0	0.001	0.001
21	2065950	M3761	0	0	0	0	0.001	0.002	0	0	0	0	0	0	0.099	0.002	0.001
16	58838476	M3467	0	0	0	0	0	0	0.001	0.001	0	0.001	0.158	0.001	0.002	0	0
8	78362084	M3455	0	0.001	0.001	0	0.001	0	0	0	0	0	0.127	0	0	0	0
14	9393308	M3511	0	0	0	0.216	0	0	0	0	0.001	0	0.001	0	0	0.001	0
13	93290806	M3461	0	0	0	0	0.102	0.016	0.233	0.003	0.341	0.351	0.003	0	0.048	0.142	0.001
17	11280466	M3800	0	0	0.001	0	0	0	0	0.002	0	0	0.001	0	0.114	0	0.001
22	17108125	M3724	0	0.001	0.001	0	0	0	0	0	0	0	0	0.001	0.222	0.001	0
23	11783410	M3758	0	0.2	0	0	0	0.001	0	0	0.002	0.001	0	0	0	0	0
2	204787693	M3586	0	0	0	0	0	0.002	0.001	0	0.001	0	0	0.081	0	0	0
15	69488355	M3543	0	0.017	0	0	0	0.001	0	0	0.001	0	0.121	0.138	0.002	0	0
14	73139600	M3832	0	0.001	0	0	0.001	0.001	0	0.002	0	0	0.001	0	0	0.001	0
6	59251232	M3562	0	0	0.001	0	0	0.001	0	0.002	0.001	0.349	0.001	0	0	0.141	0
20	9356068	M3597	0	0.001	0.153	0	0.001	0.001	0.001	0	0	0	0.001	0	0.002	0	0
17	64118596	M3581	0	0.001	0.001	0.001	0.082	0.002	0.002	0	0.001	0	0	0.001	0	0	0
11	95901566	M3786	0	0	0.001	0	0	0.001	0	0	0.183	0	0.001	0	0	0	0
2	227746366	M3554	0	0	0.001	0	0	0.001	0.001	0	0	0	0	0.003	0.1	0	0.001
22	9362950	M3507	0	0	0.001	0	0.09	0.001	0	0	0	0.37	0	0.001	0.001	0.139	0.001
4	180981558	M3533	0	0.181	0	0	0.001	0	0.001	0	0	0	0.001	0	0	0	0.293
19	65492199	M3633	0	0	0	0	0.001	0	0	0.001	0	0	0	0	0.124	0	0
6	30344652	M3692	0	0.001	0	0.001	0	0	0	0	0	0	0.119	0.137	0.001	0	0
23	41921599	M3527	0	0.001	0	0	0	0	0	0.244	0	0	0	0	0.002	0	0
2	87542340	M3662	0	0.001	0	0.001	0	0	0	0.001	0	0.001	0	0	0	0.029	0
7	38991453	M3606	0	0	0.001	0	0	0.001	0.001	0	0	0.001	0	0	0.097	0	0
7	24197356	M3487	0	0.002	0.001	0.001	0.001	0	0.019	0	0	0.001	0	0.001	0	0	0
23	43109670	M3558	0	0	0	0	0	0.015	0	0.001	0	0.002	0	0	0	0.001	0
13	61832978	M3494	0	0.197	0.001	0.22	0	0	0	0	0	0.125	0.001	0.001	0	0	0.26
10	131576245	M3577	0	0.135	0	0.002	0.002	0	0	0.001	0.002	0	0	0	0.001	0	0.001
15	37847359	M3463	0	0.001	0.001	0	0	0	0	0	0	0	0.156	0	0	0	0.001
8	64370917	M3818	0	0	0	0	0	0	0	0.001	0	0	0	0.138	0	0.002	0
18	68543102	M3713	0	0.001	0.001	0	0	0	0	0	0.015	0	0.001	0	0	0	0
15	89813575	M3458	0	0.189	0.15	0.001	0.264	0.217	0.001	0.223	0.061	0	0.158	0	0	0	0
6	95377321	M3547	0	0	0	0	0	0	0	0	0.172	0	0	0	0.001	0	0
8	41462179	M3715	0	0	0	0	0	0.002	0.001	0	0	0.001	0.06	0	0	0.002	0
6	3383920	M3747	0	0.001	0.001	0	0	0	0	0.001	0	0	0.001	0	0	0.121	0
15	70888074	M3579	0	0.021	0	0	0	0	0.001	0	0	0	0.121	0.15	0.001	0	0
5	48113079	M3625	0	0	0.006	0	0	0	0.001	0	0	0.002	0.001	0	0.001	0.001	0
