#chrom	pos	desc	normal	sample1	sample2	sample3	sample4	sample5	sample6	sample7	sample8	sample9
16	83290614	M3722	0	0	0	0.001	0.056	0.002	0	0	0.001	0
20	2897693	M3443	0	0.067	0.337	0.472	0.394	0.475	0.241	0	0	0.218
17	45211484	M3626	0	0.076	0.213	0	0	0.001	0	0.001	0	0
23	20550070	M3708	0	0.001	0.001	0.193	0	0	0	0	0	0.001
5	227580	M3552	0	0	0	0	0	0.001	0	0.001	0.469	0.001
6	62710310	M3448	0	0.073	0.201	0.481	0.002	0.477	0.208	0.001	0	0
13	130275812	M3453	0	0.085	0.186	0.471	0	0.473	0.226	0	0	0.001
14	40616838	M3506	0	0	0	0.099	0	0	0	0.001	0.002	0.001
11	30099729	M3725	0	0	0	0	0	0	0.047	0.001	0.001	0
12	12779577	M3509	0	0.001	0	0.001	0.057	0	0	0	0	0.001
23	17976365	M3445	0	0.236	0	0	0	0	0.001	0	0	0
12	65573210	M3469	0	0	0	0	0.06	0	0	0	0.426	0
5	25272075	M3502	0	0	0.001	0	0.001	0	0.207	0	0	0.001
12	10553181	M3446	0	0.001	0	0.002	0.298	0	0	0	0	0.209
16	39373756	M3699	0	0.001	0	0	0	0.384	0	0	0.001	0
21	17221802	M3531	0	0.089	0	0.002	0	0	0.04	0	0.002	0.001
15	11066411	M3440	0	0	0	0	0.063	0	0.001	0	0.456	0
2	213210454	M3492	0	0.085	0.204	0	0	0.106	0.001	0.001	0.001	0
9	82506171	M3491	0	0.234	0	0.001	0.001	0	0	0.002	0.003	0
6	109443598	M3816	0	0	0	0.001	0.001	0	0.217	0.004	0	0
19	35913889	M3698	0	0	0	0.001	0	0	0.001	0	0	0.242
17	18954669	M3454	0	0.088	0	0	0	0	0.037	0	0.001	0
13	110540316	M3483	0	0.101	0.001	0.001	0	0.001	0.043	0	0	0
21	2065950	M3761	0	0	0	0.001	0.001	0.001	0	0.001	0.46	0
16	58838476	M3467	0	0.001	0.115	0	0.096	0.001	0	0.001	0	0
8	78362084	M3455	0	0.001	0.152	0	0.085	0.001	0	0.002	0	0
13	93290806	M3461	0	0.082	0.19	0.212	0	0.467	0.234	0	0	0
10	69383919	M3489	0	0.001	0.101	0	0	0	0.001	0	0	0
9	109855884	M3814	0	0	0	0	0	0.001	0.16	0	0	0
17	11280466	M3800	0	0	0	0.002	0	0	0	0.001	0.473	0
11	43840008	M3681	0	0	0	0.062	0.001	0	0	0	0	0.002
5	36629983	M3636	0	0.001	0	0.001	0	0	0.174	0	0.002	0.219
1	134437304	M3542	0	0	0	0.216	0	0	0.001	0	0	0
1	196341902	M3508	0	0	0	0	0.091	0	0.001	0	0.001	0.001
15	69488355	M3543	0	0	0	0	0.053	0	0.001	0	0	0
21	15613081	M3806	0	0.234	0	0	0	0.001	0	0	0	0
3	73396164	M3607	0	0	0	0	0.319	0	0	0.001	0	0.002
1	163655136	M3449	0	0	0	0	0.297	0	0	0.001	0.001	0.221
6	16001781	M3680	0	0	0.001	0	0.001	0	0.215	0	0	0.001
11	95901566	M3786	0	0	0.192	0.001	0.001	0.001	0	0	0	0.001
2	227746366	M3554	0	0	0	0	0.332	0.001	0	0	0	0
15	50259596	M3450	0	0.074	0	0	0	0.001	0.033	0	0	0
15	5347664	M3481	0	0.23	0.001	0	0	0.001	0	0	0.001	0
8	124699673	M3484	0	0	0.001	0.001	0.318	0.002	0.001	0.001	0	0.001
22	9362950	M3507	0	0	0	0.204	0	0	0	0	0	0.001
13	112893494	M3523	0	0.082	0.199	0	0	0	0	0.002	0.001	0
20	32701327	M3635	0	0	0.153	0	0.001	0	0	0	0	0.001
19	65492199	M3633	0	0	0.001	0	0.001	0	0.001	0	0.486	0.002
21	52353943	M3464	0	0	0.001	0	0	0.361	0	0	0.001	0
23	41921599	M3527	0	0	0.001	0.003	0.001	0	0	0.441	0.001	0
22	23317461	M3751	0	0.001	0	0	0	0	0	0.469	0	0
7	38991453	M3606	0	0.001	0.001	0	0	0	0	0	0.476	0
20	8969601	M3468	0	0.068	0	0.001	0	0	0.206	0	0	0.193
15	37847359	M3463	0	0	0.157	0	0.106	0	0.001	0	0.001	0.001
13	61832978	M3494	0	0	0.001	0.203	0	0	0.001	0	0.001	0
9	139609779	M3820	0	0	0.001	0	0	0	0	0	0.001	0.233
18	68543102	M3713	0	0.065	0	0	0	0.001	0.007	0	0.001	0
11	22834598	M3788	0	0	0	0	0.001	0	0	0	0.001	0.213
23	38744175	M3637	0	0	0.112	0.001	0.001	0	0	0	0	0
19	45129241	M3441	0	0.291	0.101	0	0	0.004	0.042	0.449	0.001	0.001
23	7695080	M3615	0	0	0	0	0.001	0.001	0.001	0	0	0.236
15	89813575	M3458	0	0.076	0	0.001	0.002	0	0.033	0	0	0
6	95377321	M3547	0	0.077	0.199	0.001	0	0.001	0	0	0.001	0
9	44922818	M3660	0	0.001	0.001	0.211	0	0.001	0.002	0.001	0	0.001
15	70888074	M3579	0	0	0	0.001	0.06	0	0.002	0.001	0	0
