#chrom	pos	desc	normal	sample1	sample2	sample3	sample4	sample5	sample6	sample7	sample8	sample9
9	50686729	M10418	0	0	0	0	0	0	0	0.036	0	0
2	195656235	M10319	0	0	0	0.0138	0	0	0	0	0	0
9	39577723	M10366	0	0	0	0	0	0	0	0	0	0.2192
2	188987169	M10386	0	0	0.0608	0	0	0	0	0	0	0
5	123739712	M10379	0	0	0	0	0	0	0	0	0	0.2521
20	53369973	M10442	0	0	0	0	0	0	0.4044	0	0	0
8	23692306	M10279	0	0	0	0	0	0	0	0	0.4885	0.2521
2	186550039	M10423	0	0	0	0.1414	0	0	0	0	0	0
6	168043585	M10399	0	0	0	0	0	0	0	0	0	0.175
2	137922475	M10311	0	0	0	0	0	0	0	0	0	0.2192
1	114888525	M10448	0	0	0.145	0	0	0	0	0.1299	0	0
21	43588281	M10362	0	0	0	0	0	0.1494	0	0	0	0
1	130613847	M10337	0	0	0.0608	0	0	0	0	0	0	0
15	11075609	M10317	0	0	0.1954	0	0	0	0	0	0	0
9	80619545	M10434	0	0.1772	0	0	0	0	0	0	0	0
6	9727320	M10335	0	0	0	0.1083	0.2588	0	0	0	0	0
16	10927672	M10353	0	0	0	0	0	0.1494	0	0.0319	0	0
20	46462916	M10271	0	0	0.145	0	0	0	0	0.1299	0	0
14	6018759	M10341	0	0	0	0	0	0.1494	0	0.036	0	0
17	41599347	M10329	0	0.1772	0	0	0	0	0	0	0	0
13	48169376	M10305	0	0	0	0.2011	0	0	0.4044	0.1465	0	0
7	72972669	M10315	0	0	0	0	0	0	0	0.1465	0	0
6	170973882	M10359	0	0	0	0	0	0	0	0.1465	0	0
13	91010732	M10262	0	0.466	0.4075	0.2148	0.2142	0.4306	0.4044	0.4366	0.4885	0.2521
16	26487338	M10291	0	0	0.0586	0	0	0.1241	0	0	0	0
20	46088094	M10276	0	0	0	0	0	0.1571	0	0	0	0
3	163741870	M10272	0	0	0.2533	0	0	0	0	0.2299	0	0
19	52864197	M10268	0	0	0.145	0	0	0	0	0.1299	0	0
21	52137298	M10409	0	0	0	0	0	0	0	0	0.4885	0
19	27355620	M10389	0	0	0	0	0.2588	0	0	0	0	0
17	51856041	M10312	0	0.1772	0.1954	0	0	0	0	0	0	0
8	96873035	M10357	0	0	0	0.1083	0.2588	0	0	0	0	0
18	48378940	M10355	0	0	0	0.2011	0	0	0.4044	0	0	0
11	55988916	M10301	0	0	0	0	0	0.1571	0	0	0	0
15	86907139	M10400	0	0	0	0.0138	0	0	0	0	0	0
12	108402568	M10351	0	0.1772	0	0	0	0	0	0	0	0
23	47466106	M10361	0	0.1772	0	0	0	0	0	0	0	0
13	102203671	M10300	0	0	0	0	0	0	0	0	0	0.2192
11	124719084	M10277	0	0	0.0671	0.0138	0	0.2735	0	0.036	0	0
20	62415050	M10265	0	0.466	0.2625	0.2148	0.2142	0.4306	0.4044	0.3067	0.4885	0.2521
22	40480079	M10269	0	0	0	0	0	0.1571	0	0.1241	0	0
13	41828432	M10280	0	0	0	0	0	0	0	0.1241	0	0
5	76989464	M10310	0	0	0	0	0.1702	0	0	0	0	0
9	72105263	M10390	0	0.1772	0	0	0	0	0	0	0	0
3	40505448	M10433	0	0	0	0	0.2588	0	0	0	0	0
12	52043168	M10388	0	0	0	0	0	0	0	0.036	0	0
2	43187346	M10263	0	0.466	0.2625	0.2148	0.2142	0.4306	0.4044	0.3067	0.4885	0.2521
12	52708168	M10294	0	0	0	0.2011	0	0	0.4044	0.1465	0	0
18	31363009	M10347	0	0	0	0	0	0	0	0.1465	0	0
2	208271340	M10306	0	0.1772	0.1954	0	0	0	0	0	0	0
21	55950864	M10445	0	0	0.0608	0	0	0	0	0	0	0
3	16284089	M10407	0	0	0.145	0	0	0	0	0.1299	0	0
13	70341094	M10439	0	0	0.1346	0	0	0	0	0	0	0
4	180291411	M10367	0	0	0	0.0138	0	0	0	0	0	0
2	14121452	M10320	0	0	0	0	0	0	0	0	0.4885	0.2521
13	107760307	M10325	0	0	0	0	0	0.1494	0	0.036	0	0
4	59264119	M10266	0	0	0.0671	0.0138	0	0.2735	0	0.036	0	0
3	157279575	M10345	0	0	0	0	0	0.1571	0	0	0	0
22	51028501	M10307	0	0	0	0	0	0	0	0.1241	0	0
