#chrom	pos	desc	normal	sample1	sample2	sample3	sample4	sample5	sample6	sample7	sample8	sample9	sample10	sample11	sample12	sample13	sample14
9	50686729	M10418	0	0.001	0	0.478	0	0	0.001	0	0.001	0.143	0	0	0	0	0.001
2	195656235	M10319	0	0	0	0	0	0	0.002	0.001	0	0	0.091	0.001	0.414	0	0
9	39577723	M10366	0	0	0.052	0	0	0	0.001	0	0.002	0.002	0.041	0	0	0	0
2	238751004	M10358	0	0	0	0	0	0.001	0	0	0.165	0.001	0.001	0.001	0	0.114	0.001
2	188987169	M10386	0	0.001	0	0.001	0	0.002	0.001	0	0	0	0.001	0.473	0	0	0
5	123739712	M10379	0	0	0	0.001	0	0	0	0.156	0	0.001	0.119	0	0.001	0	0.42
18	18235815	M10425	0	0	0	0.001	0	0	0	0.001	0.002	0.001	0.083	0	0.001	0	0.001
8	23692306	M10279	0	0	0	0	0	0	0	0.158	0.144	0.001	0.146	0	0	0.11	0.401
8	48632163	M10374	0	0	0.136	0.001	0.001	0.001	0.001	0.001	0	0	0	0	0	0	0
6	168043585	M10399	0	0	0.061	0	0	0	0	0	0.002	0	0.047	0.001	0	0	0
2	137922475	M10311	0	0	0.207	0	0.001	0	0.001	0	0.001	0	0.034	0	0	0	0
21	43588281	M10362	0	0.001	0	0.001	0.001	0.025	0	0.033	0.001	0.001	0	0	0	0	0.001
1	130613847	M10337	0	0	0.001	0	0	0	0	0	0	0.001	0	0.447	0	0.002	0
4	32086591	M10426	0	0	0	0	0	0	0	0	0	0.001	0.001	0	0	0.211	0
18	46757871	M10296	0	0.001	0.001	0.002	0.131	0	0	0.269	0	0	0	0	0	0.001	0.001
9	144837439	M10404	0	0	0	0.001	0	0.039	0	0.026	0	0	0	0	0	0	0.001
16	17690254	M10385	0	0.138	0.001	0	0	0	0.001	0.001	0.001	0	0	0	0.001	0.002	0
15	11075609	M10317	0	0	0	0	0	0	0.164	0	0	0.002	0.001	0.459	0	0	0
21	55618054	M10394	0	0	0	0	0	0.002	0.001	0	0	0.318	0.002	0	0	0.11	0
3	113067576	M10289	0	0	0	0	0.022	0	0.001	0	0	0.31	0	0	0	0.096	0
16	10927672	M10353	0	0	0	0.445	0	0.3	0.001	0.035	0.003	0.136	0	0	0.001	0	0
20	46462916	M10271	0	0.143	0.192	0	0	0	0.155	0.055	0	0	0.001	0	0.001	0	0
14	6018759	M10341	0	0	0.001	0.472	0.001	0.276	0	0.043	0	0.128	0	0	0	0	0.001
13	48169376	M10305	0	0.07	0.073	0	0	0.161	0.139	0.001	0.275	0.001	0.168	0	0	0.062	0
7	72972669	M10315	0	0.001	0.088	0	0	0.136	0.159	0	0	0	0.199	0	0	0.08	0
14	70573039	M10370	0	0	0	0	0.021	0	0	0	0	0	0	0	0.001	0	0.001
16	71520193	M10304	0	0.136	0.172	0	0	0	0.113	0	0	0	0	0	0	0	0
13	91010732	M10262	0	0.473	0.232	0.433	0.424	0.454	0.471	0.491	0.426	0.418	0.419	0.447	0.428	0.496	0.393
13	15224051	M10369	0	0.001	0.156	0	0	0	0	0.001	0	0.001	0	0	0	0	0
8	87443595	M10336	0	0.001	0.091	0.001	0	0.148	0	0.001	0	0	0.195	0	0.001	0.052	0.001
3	163741870	M10272	0	0.156	0.165	0.001	0	0.001	0.145	0.098	0	0	0.001	0.001	0	0.001	0
19	52864197	M10268	0	0.135	0.158	0	0	0.001	0.139	0.052	0.001	0.001	0	0.001	0	0	0.001
17	51856041	M10312	0	0	0.001	0	0.001	0	0.195	0	0.001	0.002	0	0.443	0.001	0	0
18	48378940	M10355	0	0.09	0	0	0	0.001	0	0	0.266	0	0	0	0.001	0	0
11	80936085	M10285	0	0.142	0.142	0	0	0	0.154	0	0.001	0.001	0	0	0	0.001	0.001
13	102203671	M10300	0	0	0.206	0.001	0.001	0	0.001	0	0	0	0.045	0	0	0.001	0.001
6	138254348	M10435	0	0.001	0	0	0	0	0	0	0	0.291	0.001	0	0.001	0.091	0.002
11	124719084	M10277	0	0	0.001	0.456	0	0.274	0.001	0.047	0.001	0.14	0.092	0.001	0.412	0	0.001
14	36905487	M10333	0	0	0	0	0.029	0	0	0.001	0.001	0.314	0	0	0	0.092	0
19	28951958	M10451	0	0.001	0.001	0.001	0.001	0.001	0.001	0.001	0	0	0.002	0	0.001	0.205	0
20	62415050	M10265	0	0.361	0.086	0.447	0.344	0.424	0.336	0.462	0.397	0.435	0.418	0.475	0.406	0.492	0.405
22	40480079	M10269	0	0.253	0.001	0	0.001	0	0	0	0	0	0.001	0	0.001	0.001	0
17	30023505	M10328	0	0.001	0	0	0	0.001	0	0	0.001	0	0	0	0	0.198	0
13	41828432	M10280	0	0.268	0	0.002	0	0	0	0	0	0	0	0.002	0	0.001	0
12	125583386	M10331	0	0.001	0	0	0.247	0.001	0	0	0	0	0.001	0	0	0	0
18	44761895	M10430	0	0.083	0.001	0	0	0	0	0	0.001	0.001	0	0	0.003	0	0
1	114868738	M10412	0	0	0	0.001	0.002	0.23	0.001	0	0.001	0	0.001	0.001	0	0	0
5	76989464	M10310	0	0.001	0	0	0	0.001	0.001	0	0	0	0.001	0	0	0.2	0
17	19812926	M10383	0	0	0.001	0.001	0.023	0.001	0	0.001	0	0	0	0	0	0	0
21	52867979	M10446	0	0	0.001	0	0.001	0	0	0.001	0	0	0.184	0.001	0	0	0.001
12	52043168	M10388	0	0	0	0.436	0.001	0	0	0.001	0	0.129	0	0	0	0	0
2	43187346	M10263	0	0.361	0.081	0.457	0.442	0.434	0.346	0.428	0.41	0.438	0.432	0.458	0.43	0.489	0.416
12	52708168	M10294	0	0.074	0.082	0.002	0	0.164	0.202	0	0.244	0.001	0.167	0	0	0.06	0
18	31363009	M10347	0	0	0	0.001	0	0	0.144	0	0	0	0	0	0	0.001	0
21	11028129	M10327	0	0.135	0.158	0	0.003	0.001	0.142	0	0.001	0	0.001	0.001	0	0	0.003
2	208271340	M10306	0	0	0	0	0	0	0.182	0.001	0.002	0.001	0	0.448	0	0	0
21	55950864	M10445	0	0	0.001	0.002	0	0	0	0	0	0	0.001	0.463	0.001	0	0
3	16284089	M10407	0	0	0	0	0	0.001	0	0.053	0	0	0.001	0	0	0	0.001
13	70341094	M10439	0	0	0	0	0	0	0.164	0.002	0	0.001	0	0	0	0.001	0
2	14121452	M10320	0	0	0	0	0	0.001	0.001	0.137	0.133	0.001	0.165	0.001	0	0.122	0.419
4	180291411	M10367	0	0	0	0	0.001	0	0.002	0	0	0	0.001	0	0.439	0.001	0
7	97395310	M10297	0	0.26	0.001	0	0	0	0.001	0.001	0	0	0.001	0	0	0	0
23	39837360	M10364	0	0.272	0	0	0	0	0.002	0	0	0	0	0	0	0.001	0.001
13	107760307	M10325	0	0.002	0	0.445	0	0.268	0	0.047	0	0.147	0.001	0	0	0	0
9	105131854	M10395	0	0.001	0	0	0	0.001	0	0.001	0	0	0.166	0.001	0	0	0.001
4	59264119	M10266	0	0	0	0.438	0.001	0.265	0	0.04	0	0.15	0.095	0	0.422	0.003	0.001
20	57334971	M10420	0	0	0.001	0	0	0	0.001	0	0	0	0.143	0	0	0.001	0.001
