#chrom	pos	desc	normal	sample1	sample2	sample3	sample4	sample5	sample6	sample7	sample8	sample9	sample10	sample11	sample12	sample13	sample14
9	50686729	M10418	0	0.0001	0.0002	0.4565	0.0001	0.0002	0.0005	0.0003	0.0004	0.1359	0.0002	0.0005	0.0005	0.0001	0.0005
2	195656235	M10319	0	0.0003	0.0002	0.0004	0.0001	0.0005	0.0001	0.0006	0.0003	0.0003	0.087	0.0003	0.4288	0.0004	0.0001
9	39577723	M10366	0	0.0001	0.0608	0.0002	0.0003	0.0004	0.0003	0.0005	0.0006	0.0003	0.0388	0	0.0003	0.0003	0.0001
2	238751004	M10358	0	0.0005	0.0001	0.0004	0.0003	0.0009	0.0004	0.0007	0.1498	0.0001	0.0005	0.0002	0.0005	0.1168	0.0001
2	188987169	M10386	0	0.0003	0.0002	0.0002	0.0002	0.0001	0.0004	0.0003	0.0007	0.0003	0.0002	0.463	0.0004	0.0001	0.0001
5	123739712	M10379	0	0.0003	0.0003	0.0004	0	0.0001	0.0003	0.153	0.0009	0.0002	0.1476	0.0004	0.0005	0.0004	0.4095
18	18235815	M10425	0	0.0004	0.0005	0.0004	0.0005	0.0004	0.0003	0.0001	0.0003	0.0006	0.0872	0.0003	0.0009	0.0002	0.0002
8	23692306	M10279	0	0.0002	0.0002	0.0005	0.0002	0.0002	0	0.1516	0.1463	0.0002	0.1467	0.0007	0.0005	0.1139	0.4133
8	48632163	M10374	0	0.0001	0.156	0.0002	0.0003	0.0005	0.0007	0.0003	0.0005	0.0004	0.0002	0.0009	0.0002	0.0005	0.0006
6	168043585	M10399	0	0.0003	0.0576	0.0002	0.0003	0	0.0002	0.0006	0.0003	0.0001	0.038	0	0.0003	0.0005	0.0002
2	137922475	M10311	0	0.0003	0.2176	0.0003	0.0003	0.0004	0.0005	0.0003	0.0001	0.0005	0.0388	0.0003	0.0003	0.0003	0.0005
21	43588281	M10362	0	0.0005	0	0.0003	0.0001	0.0315	0.0002	0.038	0.0002	0.0003	0.0002	0.0002	0.0006	0.0005	0
1	130613847	M10337	0	0.0004	0.0002	0.0003	0.0002	0.0004	0.0005	0.0004	0.0002	0.0003	0.0005	0.4638	0.0006	0.0011	0.0005
4	32086591	M10426	0	0.0001	0.0003	0.0003	0.0003	0.0003	0.0004	0.0005	0.0003	0.0005	0.0003	0.0002	0.0006	0.1815	0.0003
18	46757871	M10296	0	0.0004	0.0003	0.0003	0.1232	0.0006	0.0002	0.2456	0.0002	0.0003	0.0006	0.0003	0.0001	0.0003	0.0005
9	144837439	M10404	0	0.0001	0.0003	0.0003	0.0004	0.0298	0.0001	0.0386	0.0003	0.0004	0.0005	0.0006	0.001	0.0002	0.0006
16	17690254	M10385	0	0.1471	0.0004	0.0006	0.0001	0.0006	0.0008	0.0007	0.0003	0.0001	0.0001	0.0001	0.0002	0.0003	0.0003
15	11075609	M10317	0	0.0001	0.0004	0.0002	0.0007	0.0004	0.18	0.0004	0.0001	0	0.0002	0.4583	0.0001	0.0002	0.0007
21	55618054	M10394	0	0.0004	0.0002	0.0001	0.0003	0.0007	0.0004	0.0002	0.0004	0.3029	0.0002	0.0004	0	0.1087	0.0009
3	113067576	M10289	0	0.0003	0.0001	0.0006	0.021	0.0005	0.0005	0.0004	0.0004	0.3051	0.0002	0.0003	0.0004	0.1136	0.0002
16	10927672	M10353	0	0.0001	0.0004	0.4608	0.0002	0.2802	0.0001	0.0361	0.0008	0.1429	0.0003	0	0.0001	0.0001	0.0006
20	46462916	M10271	0	0.1468	0.1703	0.0004	0.0002	0.0002	0.1475	0.0478	0.0002	0.0003	0.0004	0.0004	0.0004	0.0002	0.0004
14	6018759	M10341	0	0.0001	0.0003	0.4549	0.0004	0.2838	0.0001	0.0359	0.0003	0.1451	0.0002	0.0004	0.0003	0.0005	0.0006
13	48169376	M10305	0	0.0807	0.0838	0.0003	0.0004	0.1548	0.1655	0.0001	0.2659	0.0006	0.1817	0.0004	0.0004	0.065	0.0009
7	72972669	M10315	0	0.0005	0.0891	0.0002	0.0001	0.1512	0.1655	0.0005	0.0002	0.0003	0.183	0.0004	0.0005	0.0681	0.0001
14	70573039	M10370	0	0.0002	0.0006	0.0006	0.0223	0.0003	0.0003	0.0004	0.0003	0.0002	0.0006	0.0006	0.0001	0.0006	0.0004
16	71520193	M10304	0	0.1323	0.1542	0.0001	0.0003	0.0006	0.1252	0.0002	0.0007	0	0.0003	0.0001	0.0003	0.0005	0.0003
13	91010732	M10262	0	0.4885	0.2462	0.459	0.4375	0.4322	0.4955	0.491	0.4121	0.4427	0.4038	0.461	0.4284	0.4887	0.4031
13	15224051	M10369	0	0.0003	0.1666	0.0005	0.0006	0.0003	0.0001	0.0001	0.0002	0.0006	0.0001	0.0003	0.0002	0.0002	0.0003
8	87443595	M10336	0	0.0003	0.0804	0.0001	0.0003	0.1513	0.0006	0.0002	0.0004	0.0002	0.1766	0.0003	0.0002	0.0657	0.0002
3	163741870	M10272	0	0.1418	0.1647	0.0003	0.0003	0.0008	0.1488	0.0964	0.0004	0.0001	0.0002	0.0001	0.0002	0.0005	0.0004
19	52864197	M10268	0	0.1501	0.1679	0.0006	0.0003	0.0002	0.149	0.0482	0.0003	0.0002	0.0001	0.0008	0.0003	0.0003	0.0002
17	51856041	M10312	0	0.0002	0.0005	0.0003	0.0006	0.0007	0.1748	0.0002	0.0003	0.0006	0.0003	0.4597	0.0004	0.0003	0.0004
18	48378940	M10355	0	0.0766	0.0003	0.0004	0.0005	0.0003	0	0	0.2658	0.0003	0	0.0005	0.001	0.0002	0.0004
11	80936085	M10285	0	0.1459	0.1726	0.0003	0.0005	0.0003	0.1497	0.0006	0.0003	0.0003	0.0003	0.0004	0.0002	0.0002	0.0001
13	102203671	M10300	0	0.0003	0.2072	0.0003	0.0002	0.0005	0.0003	0.0002	0.0001	0.0003	0.0422	0.0005	0	0.0001	0.0002
6	138254348	M10435	0	0.0001	0.0005	0.0005	0.0003	0.0002	0.0004	0.0002	0.0007	0.3064	0.0006	0	0.0003	0.0991	0.0005
11	124719084	M10277	0	0	0.0003	0.4647	0.0006	0.2858	0.0002	0.0402	0.0004	0.1456	0.0902	0.0005	0.4284	0.0002	0.0004
14	36905487	M10333	0	0.0006	0.0002	0.0004	0.0218	0.0001	0.0002	0.0005	0.0003	0.307	0.0002	0.0004	0.0005	0.1085	0.0006
19	28951958	M10451	0	0.0003	0	0.0003	0.0005	0.0001	0.0003	0.0004	0.0002	0.0004	0.0003	0.0001	0.0002	0.1816	0.0005
20	62415050	M10265	0	0.3341	0.0839	0.4531	0.3583	0.428	0.3524	0.433	0.408	0.444	0.4029	0.4602	0.4275	0.4755	0.4037
22	40480079	M10269	0	0.2554	0.0004	0.0003	0.0003	0.0003	0.0002	0.0004	0.0001	0.0008	0.0004	0.0006	0.0004	0.0003	0.0002
17	30023505	M10328	0	0.0002	0.0002	0.0001	0.0006	0.0002	0.0002	0.0001	0.0006	0.0001	0.0003	0.0003	0.0004	0.1865	0
13	41828432	M10280	0	0.2617	0.0003	0.0005	0.0005	0.0001	0.0004	0.0002	0.0003	0.0002	0.0003	0.0002	0.0002	0.0011	0.0002
12	125583386	M10331	0	0.0006	0.0004	0.0001	0.2367	0.0001	0.0004	0.0004	0.0005	0.0005	0.0007	0.0007	0.0003	0.0004	0.0005
18	44761895	M10430	0	0.0852	0.0004	0.0005	0.0003	0.0002	0.0005	0.0007	0.0003	0.0005	0.0005	0.0001	0.0003	0.0002	0.0003
1	114868738	M10412	0	0.0003	0.0006	0.0005	0.0004	0.2488	0.0006	0.0002	0.0007	0.0005	0.0007	0.0003	0.0001	0.0003	0.0002
5	76989464	M10310	0	0.0002	0.0003	0.0003	0.0007	0.0005	0.0002	0.0002	0.0002	0.0006	0.0005	0.0002	0.0006	0.1815	0.0004
17	19812926	M10383	0	0.0004	0.0002	0.0001	0.0248	0.0003	0.0004	0.0002	0.0002	0.0001	0.0004	0.0006	0.0005	0	0.0001
21	52867979	M10446	0	0.0001	0.0003	0.0002	0.0001	0.0001	0.0001	0.0005	0.0005	0.0004	0.1819	0.0004	0.0003	0.0003	0.0002
12	52043168	M10388	0	0.0003	0.0006	0.4516	0.0003	0.0001	0	0.0004	0.0005	0.1424	0.0005	0.0004	0.0004	0.0001	0.0005
2	43187346	M10263	0	0.3415	0.0838	0.4501	0.4414	0.4356	0.3273	0.4332	0.409	0.4451	0.4058	0.4644	0.4268	0.4692	0.4116
12	52708168	M10294	0	0.0733	0.0816	0.0001	0.0001	0.1518	0.1641	0.0005	0.2685	0.0002	0.1797	0.0004	0.0006	0.0674	0.0002
18	31363009	M10347	0	0.0002	0.0004	0.0004	0.0001	0.0009	0.1663	0.0003	0.0002	0.0003	0.0004	0.0002	0.0003	0.0002	0.0002
21	11028129	M10327	0	0.1457	0.1643	0.0002	0.0004	0.0003	0.1518	0.0003	0.0006	0.0004	0.0007	0.0003	0.0001	0.0006	0.0002
2	208271340	M10306	0	0.0003	0.0003	0.0003	0.0003	0.0007	0.172	0.0002	0.0001	0.0006	0.0002	0.4644	0.0001	0.0001	0.0005
21	55950864	M10445	0	0.0004	0.0005	0.0002	0.0008	0.0008	0.0004	0.0003	0.0007	0.0003	0.0003	0.4629	0.0004	0.0005	0.0003
3	16284089	M10407	0	0.0003	0.0003	0.0005	0.0003	0.0002	0.0004	0.0467	0.0002	0.0004	0.0004	0.0001	0.0006	0.0002	0.0003
13	70341094	M10439	0	0.0005	0.0003	0.0004	0.0002	0.0002	0.1701	0.0007	0.0005	0.0008	0.0004	0.0005	0.0001	0.0005	0.0003
2	14121452	M10320	0	0.0003	0.0001	0	0	0.0002	0.0003	0.1469	0.1428	0.0004	0.1471	0.0003	0.0004	0.123	0.4136
4	180291411	M10367	0	0.0002	0.0004	0.0006	0.0006	0.0004	0.0004	0.0003	0.0007	0.0003	0.0002	0.0005	0.4298	0.0003	0.0002
7	97395310	M10297	0	0.2635	0.0006	0.0004	0.0004	0.0006	0.0002	0.0004	0.0003	0.0003	0.0007	0.0003	0.0005	0.0001	0.0002
23	39837360	M10364	0	0.2655	0.0003	0.0002	0.0003	0.0003	0.0005	0.0003	0.0002	0.0004	0.0003	0.0004	0.0002	0.0002	0.0008
13	107760307	M10325	0	0.0003	0.0002	0.4514	0.0002	0.2833	0.0007	0.038	0.0005	0.1452	0.0002	0.0006	0.0003	0	0.0005
9	105131854	M10395	0	0.0002	0.0005	0.0002	0.0002	0.0006	0.0006	0.0003	0.0004	0.0004	0.1766	0.0001	0.0006	0.0004	0.001
4	59264119	M10266	0	0.0001	0.0003	0.4453	0.0003	0.2799	0	0.0407	0.0004	0.1432	0.0853	0.0001	0.4207	0.0002	0.0002
20	57334971	M10420	0	0.0004	0.0006	0.0004	0.0004	0.0004	0.0003	0.0003	0.0004	0.0004	0.1437	0.0004	0.0001	0.0003	0.0004
