#chrom	pos	desc	normal	sample1	sample2	sample3	sample4	sample5	sample6	sample7	sample8	sample9	sample10	sample11	sample12	sample13	sample14
9	50686729	M10418	0	0	0	0.4549	0	0	0	0	0	0.144	0	0	0	0	0
2	195656235	M10319	0	0	0	0	0	0	0	0	0	0	0.0868	0	0.4286	0	0
9	39577723	M10366	0	0	0.0574	0	0	0	0	0	0	0	0.04	0	0	0	0
2	238751004	M10358	0	0	0	0	0	0	0	0	0.1457	0	0	0	0	0.1183	0
2	188987169	M10386	0	0	0	0	0	0	0	0	0	0	0	0.4627	0	0	0
5	123739712	M10379	0	0	0	0	0	0	0	0.1524	0	0	0.1442	0	0	0	0.4095
18	18235815	M10425	0	0	0	0	0	0	0	0	0	0	0.0868	0	0	0	0
8	23692306	M10279	0	0	0	0	0	0	0	0.1524	0.1457	0	0.1442	0	0	0.1183	0.4095
8	48632163	M10374	0	0	0.152	0	0	0	0	0	0	0	0	0	0	0	0
6	168043585	M10399	0	0	0.0574	0	0	0	0	0	0	0	0.035	0	0	0	0
2	137922475	M10311	0	0	0.2094	0	0	0	0	0	0	0	0.04	0	0	0	0
21	43588281	M10362	0	0	0	0	0	0.0293	0	0.0378	0	0	0	0	0	0	0
1	130613847	M10337	0	0	0	0	0	0	0	0	0	0	0	0.4627	0	0	0
4	32086591	M10426	0	0	0	0	0	0	0	0	0	0	0	0	0	0.1847	0
18	46757871	M10296	0	0	0	0	0.1286	0	0	0.2488	0	0	0	0	0	0	0
9	144837439	M10404	0	0	0	0	0	0.0293	0	0.0378	0	0	0	0	0	0	0
16	17690254	M10385	0	0.1464	0	0	0	0	0	0	0	0	0	0	0	0	0
15	11075609	M10317	0	0	0	0	0	0	0.1745	0	0	0	0	0.4627	0	0	0
21	55618054	M10394	0	0	0	0	0	0	0	0	0	0.3025	0	0	0	0.1098	0
3	113067576	M10289	0	0	0	0	0.0213	0	0	0	0	0.3025	0	0	0	0.1098	0
16	10927672	M10353	0	0	0	0.4549	0	0.2838	0	0.036	0	0.144	0	0	0	0	0
20	46462916	M10271	0	0.1464	0.165	0	0	0	0.1497	0.0481	0	0	0	0	0	0	0
14	6018759	M10341	0	0	0	0.4549	0	0.2838	0	0.0378	0	0.144	0	0	0	0	0
13	48169376	M10305	0	0.0784	0.0832	0	0	0.1532	0.1657	0	0.2673	0	0.1765	0	0	0.0651	0
7	72972669	M10315	0	0	0.0832	0	0	0.1532	0.1657	0	0	0	0.1765	0	0	0.0651	0
14	70573039	M10370	0	0	0	0	0.0213	0	0	0	0	0	0	0	0	0	0
16	71520193	M10304	0	0.1358	0.1524	0	0	0	0.1284	0	0	0	0	0	0	0	0
13	91010732	M10262	0	0.4872	0.2482	0.4549	0.4433	0.437	0.4899	0.4871	0.4131	0.4465	0.4075	0.4627	0.4286	0.478	0.4095
13	15224051	M10369	0	0	0.165	0	0	0	0	0	0	0	0	0	0	0	0
8	87443595	M10336	0	0	0.0832	0	0	0.1532	0	0	0	0	0.1765	0	0	0.0651	0
3	163741870	M10272	0	0.1464	0.165	0	0	0	0.1497	0.0919	0	0	0	0	0	0	0
19	52864197	M10268	0	0.1464	0.165	0	0	0	0.1497	0.0481	0	0	0	0	0	0	0
17	51856041	M10312	0	0	0	0	0	0	0.1745	0	0	0	0	0.4627	0	0	0
18	48378940	M10355	0	0.0784	0	0	0	0	0	0	0.2673	0	0	0	0	0	0
11	80936085	M10285	0	0.1464	0.165	0	0	0	0.1497	0	0	0	0	0	0	0	0
13	102203671	M10300	0	0	0.2094	0	0	0	0	0	0	0	0.04	0	0	0	0
6	138254348	M10435	0	0	0	0	0	0	0	0	0	0.3025	0	0	0	0.0982	0
11	124719084	M10277	0	0	0	0.4549	0	0.2838	0	0.0378	0	0.144	0.0868	0	0.4286	0	0
14	36905487	M10333	0	0	0	0	0.0213	0	0	0	0	0.3025	0	0	0	0.1098	0
19	28951958	M10451	0	0	0	0	0	0	0	0	0	0	0	0	0	0.1847	0
20	62415050	M10265	0	0.3408	0.0832	0.4549	0.359	0.437	0.3402	0.4389	0.4131	0.4465	0.4075	0.4627	0.4286	0.478	0.4095
22	40480079	M10269	0	0.2624	0	0	0	0	0	0	0	0	0	0	0	0	0
17	30023505	M10328	0	0	0	0	0	0	0	0	0	0	0	0	0	0.1847	0
13	41828432	M10280	0	0.2624	0	0	0	0	0	0	0	0	0	0	0	0	0
12	125583386	M10331	0	0	0	0	0.2348	0	0	0	0	0	0	0	0	0	0
18	44761895	M10430	0	0.0784	0	0	0	0	0	0	0	0	0	0	0	0	0
1	114868738	M10412	0	0	0	0	0	0.2545	0	0	0	0	0	0	0	0	0
5	76989464	M10310	0	0	0	0	0	0	0	0	0	0	0	0	0	0.1847	0
17	19812926	M10383	0	0	0	0	0.0252	0	0	0	0	0	0	0	0	0	0
21	52867979	M10446	0	0	0	0	0	0	0	0	0	0	0.1765	0	0	0	0
12	52043168	M10388	0	0	0	0.4549	0	0	0	0	0	0.144	0	0	0	0	0
2	43187346	M10263	0	0.3408	0.0832	0.4549	0.4433	0.437	0.3402	0.4389	0.4131	0.4465	0.4075	0.4627	0.4286	0.478	0.4095
12	52708168	M10294	0	0.0784	0.0832	0	0	0.1532	0.1657	0	0.2673	0	0.1765	0	0	0.0651	0
18	31363009	M10347	0	0	0	0	0	0	0.1657	0	0	0	0	0	0	0	0
21	11028129	M10327	0	0.1464	0.165	0	0	0	0.1497	0	0	0	0	0	0	0	0
2	208271340	M10306	0	0	0	0	0	0	0.1745	0	0	0	0	0.4627	0	0	0
21	55950864	M10445	0	0	0	0	0	0	0	0	0	0	0	0.4627	0	0	0
3	16284089	M10407	0	0	0	0	0	0	0	0.0481	0	0	0	0	0	0	0
13	70341094	M10439	0	0	0	0	0	0	0.1745	0	0	0	0	0	0	0	0
2	14121452	M10320	0	0	0	0	0	0	0	0.1524	0.1457	0	0.1442	0	0	0.1183	0.4095
4	180291411	M10367	0	0	0	0	0	0	0	0	0	0	0	0	0.4286	0	0
7	97395310	M10297	0	0.2624	0	0	0	0	0	0	0	0	0	0	0	0	0
23	39837360	M10364	0	0.2624	0	0	0	0	0	0	0	0	0	0	0	0	0
13	107760307	M10325	0	0	0	0.4549	0	0.2838	0	0.0378	0	0.144	0	0	0	0	0
9	105131854	M10395	0	0	0	0	0	0	0	0	0	0	0.1765	0	0	0	0
4	59264119	M10266	0	0	0	0.4549	0	0.2838	0	0.0378	0	0.144	0.0868	0	0.4286	0	0
20	57334971	M10420	0	0	0	0	0	0	0	0	0	0	0.1442	0	0	0	0
