#chrom	pos	desc	normal	sample1	sample2	sample3	sample4	sample5	sample6	sample7	sample8	sample9
9	50686729	M10418	0	0	0	0	0	0.001	0	0.028	0	0
2	195656235	M10319	0	0.001	0	0.022	0.001	0	0	0	0	0
9	39577723	M10366	0	0	0	0	0	0.001	0	0	0	0.242
2	188987169	M10386	0	0	0.057	0	0	0	0	0	0	0.001
5	123739712	M10379	0	0	0	0	0.002	0	0	0	0.001	0.242
20	53369973	M10442	0	0.003	0.001	0	0	0	0.411	0	0.001	0
8	23692306	M10279	0	0	0	0.001	0	0	0.002	0	0.499	0.282
2	186550039	M10423	0	0	0	0.138	0	0.002	0	0	0.001	0.001
6	168043585	M10399	0	0	0.001	0	0	0.002	0	0.001	0.001	0.174
2	137922475	M10311	0	0.001	0	0.001	0	0.001	0	0	0	0.221
1	114888525	M10448	0	0	0.148	0.001	0.001	0.001	0	0.131	0.002	0
21	43588281	M10362	0	0	0	0	0	0.146	0	0	0	0
1	130613847	M10337	0	0	0.06	0	0	0	0.001	0.001	0.003	0
15	11075609	M10317	0	0	0.199	0	0.001	0.002	0	0	0	0
9	80619545	M10434	0	0.192	0	0	0	0	0	0	0	0
6	9727320	M10335	0	0.001	0	0.114	0.25	0	0	0	0.001	0
16	10927672	M10353	0	0	0.001	0	0	0.141	0	0.026	0.001	0.001
20	46462916	M10271	0	0	0.147	0.001	0	0.002	0	0.116	0	0.001
14	6018759	M10341	0	0	0	0	0	0.157	0	0.036	0.001	0
17	41599347	M10329	0	0.186	0	0	0	0	0	0	0	0
13	48169376	M10305	0	0	0.001	0.214	0	0	0.43	0.131	0	0
7	72972669	M10315	0	0	0	0	0	0	0	0.135	0	0.001
6	170973882	M10359	0	0	0	0.001	0	0	0.001	0.15	0.001	0
13	91010732	M10262	0	0.452	0.406	0.197	0.221	0.427	0.381	0.455	0.505	0.235
16	26487338	M10291	0	0	0.067	0	0	0.103	0	0	0.001	0.001
20	46088094	M10276	0	0	0.001	0.002	0	0.15	0	0	0.001	0
3	163741870	M10272	0	0	0.267	0	0.001	0	0	0.242	0	0
19	52864197	M10268	0	0	0.152	0	0	0	0.001	0.122	0	0
21	52137298	M10409	0	0	0	0	0	0	0	0	0.476	0
19	27355620	M10389	0	0	0	0	0.265	0	0	0	0	0
17	51856041	M10312	0	0.158	0.21	0	0	0	0	0.001	0	0.001
8	96873035	M10357	0	0	0.001	0.092	0.274	0	0	0.001	0	0
18	48378940	M10355	0	0	0	0.204	0	0	0.423	0	0	0.001
11	55988916	M10301	0	0.001	0	0	0	0.143	0	0	0.003	0.003
15	86907139	M10400	0	0.001	0.001	0.018	0	0	0.001	0	0	0
12	108402568	M10351	0	0.177	0	0	0.001	0.002	0	0.001	0	0
23	47466106	M10361	0	0.172	0.001	0	0	0.001	0	0	0	0.001
13	102203671	M10300	0	0.001	0	0	0.002	0.001	0	0	0	0.226
11	124719084	M10277	0	0	0.053	0.01	0	0.273	0	0.042	0.001	0
20	62415050	M10265	0	0.477	0.269	0.25	0.209	0.435	0.406	0.302	0.487	0.239
22	40480079	M10269	0	0	0.001	0.001	0	0.161	0	0.12	0	0
13	41828432	M10280	0	0	0	0	0.001	0.002	0	0.124	0	0.001
5	76989464	M10310	0	0	0	0.001	0.169	0	0.001	0	0.001	0.001
9	72105263	M10390	0	0.181	0	0	0	0	0	0	0	0
3	40505448	M10433	0	0.002	0	0	0.264	0.001	0	0	0	0
12	52043168	M10388	0	0	0	0	0	0.001	0	0.045	0	0
2	43187346	M10263	0	0.463	0.261	0.193	0.199	0.407	0.397	0.288	0.487	0.265
12	52708168	M10294	0	0.001	0.001	0.192	0	0	0.402	0.127	0	0.002
18	31363009	M10347	0	0	0	0	0	0	0.001	0.145	0	0
2	208271340	M10306	0	0.188	0.198	0.002	0	0.001	0	0.001	0.002	0
21	55950864	M10445	0	0.003	0.069	0	0.001	0.001	0	0	0	0.001
3	16284089	M10407	0	0	0.131	0	0	0	0.002	0.136	0.002	0.001
13	70341094	M10439	0	0	0.159	0.001	0.001	0.001	0	0	0	0.001
4	180291411	M10367	0	0	0	0.012	0.001	0	0	0.001	0.001	0
2	14121452	M10320	0	0.001	0	0	0	0	0.003	0.001	0.487	0.262
13	107760307	M10325	0	0	0.001	0	0	0.144	0	0.04	0.001	0
4	59264119	M10266	0	0	0.059	0.01	0.001	0.269	0.002	0.029	0.001	0
3	157279575	M10345	0	0	0	0	0	0.14	0	0.001	0	0
22	51028501	M10307	0	0	0	0	0	0	0.001	0.121	0	0.001
