#chrom	pos	desc	normal	sample1	sample2	sample3	sample4	sample5	sample6	sample7	sample8	sample9
2	92648280	M24	0	0	0	0	0.4409	0	0	0	0	0
12	85571629	M16	0	0.0755	0	0	0	0	0	0	0.4147	0
20	30409540	M9	0	0	0	0	0	0	0	0	0	0.088
21	44592251	M93	0	0	0	0	0	0	0	0	0	0.1054
4	21776901	M32	0	0.2663	0	0	0	0	0	0	0	0
15	5957381	M14	0	0	0	0	0	0	0.0555	0	0	0
2	142717755	M123	0	0.1878	0	0	0	0	0	0	0	0
1	165743585	M117	0	0	0	0	0	0	0	0.4811	0	0
14	84500338	M84	0	0.0755	0	0	0	0	0	0	0.3253	0
20	36130937	M68	0	0	0	0	0	0	0	0	0.0894	0
18	36187238	M102	0	0	0	0	0	0	0	0	0	0.088
19	19872555	M19	0	0	0	0	0	0	0	0	0	0.2592
17	33349634	M12	0	0	0	0	0	0	0.4334	0	0	0.2592
2	23898151	M37	0	0	0.4675	0	0	0	0	0	0	0
21	39925074	M4	0	0.0755	0	0	0	0	0	0	0.4147	0.088
14	114642804	M57	0	0.1878	0	0	0	0	0	0	0	0
19	32900396	M65	0	0	0	0	0	0	0.4334	0	0	0
18	35818595	M43	0	0.0755	0	0	0	0	0	0	0.3253	0
3	159363642	M49	0	0	0	0.4634	0	0	0	0.4811	0	0
12	99861013	M0	0	0.3418	0.4675	0.4634	0.4409	0.432	0.4889	0.4811	0.4147	0.3471
11	35628247	M5	0	0.2663	0	0	0	0	0.0555	0	0	0
3	159921798	M22	0	0	0	0.4634	0	0	0	0.4811	0	0
18	27785857	M6	0	0	0.4675	0	0.4409	0	0	0	0	0
8	78133081	M1	0	0.0755	0.4675	0	0.4409	0	0	0	0.4147	0.088
4	125531799	M3	0	0	0	0.4634	0	0.432	0.4334	0.4811	0	0.2592
17	9695537	M100	0	0	0	0	0	0	0.0555	0	0	0
14	26159066	M18	0	0	0	0	0	0	0	0	0	0.088
11	91912163	M61	0	0	0	0	0	0.432	0	0	0	0
