#chrom	pos	desc	normal	sample1	sample2	sample3	sample4	sample5	sample6	sample7	sample8	sample9
2	92648280	M24	0	0	0	0	0.468	0	0	0	0	0
12	85571629	M16	0	0.063	0	0	0	0	0	0	0.451	0.001
20	30409540	M9	0	0	0.002	0.001	0	0	0	0	0	0.092
21	44592251	M93	0	0	0	0	0	0	0	0.001	0	0.096
4	21776901	M32	0	0.267	0	0	0.001	0.002	0	0	0.001	0
15	5957381	M14	0	0.002	0.001	0	0.001	0	0.055	0	0	0.002
2	142717755	M123	0	0.197	0	0	0	0	0.001	0	0	0
1	165743585	M117	0	0	0.001	0	0	0	0	0.498	0	0
14	84500338	M84	0	0.069	0	0	0	0	0	0	0.319	0
20	36130937	M68	0	0	0.001	0.003	0	0	0	0.001	0.101	0
18	36187238	M102	0	0	0	0	0	0	0	0	0	0.102
19	19872555	M19	0	0.001	0	0	0	0	0	0.001	0.001	0.249
17	33349634	M12	0	0.001	0.001	0	0.001	0	0.415	0	0.001	0.238
2	23898151	M37	0	0	0.447	0.001	0.001	0	0	0.001	0.002	0.001
21	39925074	M4	0	0.074	0	0.002	0	0.001	0	0.001	0.405	0.093
14	114642804	M57	0	0.196	0	0.002	0	0.001	0	0	0	0
19	32900396	M65	0	0	0	0.001	0	0.001	0.455	0	0.001	0.002
18	35818595	M43	0	0.072	0.001	0.001	0	0	0	0	0.332	0
3	159363642	M49	0	0	0.001	0.457	0	0	0.001	0.477	0	0
12	99861013	M0	0	0.341	0.457	0.49	0.4	0.434	0.503	0.492	0.411	0.348
11	35628247	M5	0	0.259	0.001	0	0.001	0	0.05	0	0	0.001
3	159921798	M22	0	0	0	0.477	0	0	0.001	0.496	0	0.001
18	27785857	M6	0	0.001	0.476	0	0.443	0	0	0.001	0	0.001
8	78133081	M1	0	0.078	0.453	0.001	0.442	0	0	0.001	0.42	0.077
4	125531799	M3	0	0	0	0.464	0	0.447	0.424	0.491	0.001	0.287
17	9695537	M100	0	0.001	0	0	0	0	0.056	0.001	0	0
14	26159066	M18	0	0.001	0	0	0.001	0	0.002	0.001	0	0.094
11	91912163	M61	0	0	0	0	0	0.424	0	0	0.001	0
