#chrom	pos	desc	normal	sample1	sample2	sample3	sample4	sample5	sample6	sample7	sample8	sample9
2	141005958	M5813	0	0.0001	0.0003	0.0003	0.1807	0.0002	0.0003	0.0005	0.4894	0.2352
14	115075072	M5821	0	0.3611	0.0002	0.0004	0.0001	0.0004	0.0003	0.202	0.0004	0.0003
12	45485466	M5820	0	0.0626	0.0003	0.3187	0.0003	0.0005	0.0005	0.0004	0.0006	0.0004
22	44383439	M5803	0	0.0002	0.0003	0.0005	0.0003	0.0002	0.0149	0.0005	0.0003	0.0002
14	38634832	M5800	0	0.0005	0.0001	0.0003	0.0002	0.0005	0.0156	0.0004	0.0003	0.0006
4	65150366	M5805	0	0.0641	0.0002	0.4559	0.0002	0.0001	0.0004	0.0003	0.0005	0.0004
1	32732167	M5799	0	0.0655	0.2893	0.4631	0.0007	0.0004	0.0001	0.0002	0.0002	0.1672
5	109506377	M5818	0	0.0001	0.1538	0.0004	0.0008	0.0003	0.0002	0.0001	0.0003	0.0005
20	55907474	M5807	0	0.0002	0.1231	0.0004	0.0004	0.0002	0.0004	0.0005	0.0005	0.0004
17	67104563	M5810	0	0.0001	0.0005	0.0005	0.0004	0.0002	0.0002	0.1052	0.0006	0.0001
7	14057106	M5787	0	0.0004	0.0005	0.0003	0.1792	0.0002	0.1128	0.0004	0.5009	0.2369
23	17183035	M5781	0	0.0844	0.2964	0.4725	0.3397	0.4252	0.4824	0.1026	0.4872	0.409
14	102578714	M5812	0	0.3591	0.0002	0.0002	0.0002	0.0002	0	0.2082	0.0003	0.0005
22	16127381	M5802	0	0.0192	0.0097	0.0002	0.1559	0.2102	0.0002	0.1057	0.0005	0.013
7	33702922	M5792	0	0	0.0001	0.0002	0.0003	0.2145	0.2175	0.0001	0.0002	0.0006
10	108605111	M5809	0	0.3535	0	0.0002	0.1306	0.0003	0.0002	0.348	0.0003	0.0002
8	97187458	M5791	0	0.355	0.0005	0.0002	0.1353	0.0002	0.0005	0.3412	0.0003	0
19	19552194	M5788	0	0.0006	0.0001	0.0003	0.0007	0.0001	0.1615	0.0003	0.0001	0.0005
10	95310737	M5786	0	0.0827	0.2918	0.4652	0.3376	0.4237	0.4916	0.1067	0.488	0.4161
18	14471165	M5822	0	0.0007	0.0004	0.0005	0.0004	0.0005	0.1684	0.0006	0.0004	0.0003
9	50420316	M5827	0	0.0644	0.0005	0.4555	0.0003	0.0006	0.0002	0.0005	0.0003	0.0005
13	65814640	M5811	0	0.0002	0.1591	0.0003	0.0002	0.0001	0.0003	0.0003	0.0004	0.1633
18	79019459	M5826	0	0.0002	0	0.0001	0.1333	0.0003	0.0002	0.1348	0.0003	0.0001
4	96742555	M5823	0	0.0002	0.0006	0.0002	0.0004	0.216	0.0001	0.0002	0.0007	0.0005
8	78058497	M5783	0	0.0881	0.3001	0.4541	0.3404	0.4206	0.4836	0.1026	0.4967	0.4166
13	88252674	M5789	0	0.0803	0.2976	0.459	0.1561	0.213	0.0002	0.1024	0.0005	0.1801
21	11683126	M5804	0	0	0.0003	0.0001	0.0002	0.0003	0.1175	0.0002	0.0003	0.0003
7	102734561	M5794	0	0.0004	0.0002	0.0005	0.0004	0.0004	0.0142	0.0004	0.0003	0.0001
