#chrom	pos	desc	normal	sample1	sample2	sample3	sample4	sample5	sample6	sample7	sample8	sample9
2	141005958	M5813	0	0	0.001	0	0.163	0	0	0.001	0.502	0.262
14	115075072	M5821	0	0.357	0.001	0.001	0	0	0	0.189	0	0.001
12	45485466	M5820	0	0.066	0	0.307	0	0	0.001	0	0.002	0
22	44383439	M5803	0	0.002	0	0	0.001	0	0.018	0	0.002	0
14	38634832	M5800	0	0.001	0.002	0.001	0	0	0.013	0	0	0.001
4	65150366	M5805	0	0.06	0	0.468	0	0	0	0	0.001	0.001
1	32732167	M5799	0	0.06	0.292	0.434	0	0.002	0	0	0	0.153
5	109506377	M5818	0	0	0.146	0.001	0.002	0.001	0.001	0.001	0	0
20	55907474	M5807	0	0.001	0.122	0	0	0.001	0	0	0	0.001
17	67104563	M5810	0	0	0	0	0	0	0.001	0.098	0	0.001
7	14057106	M5787	0	0	0.002	0	0.161	0	0.107	0	0.499	0.238
23	17183035	M5781	0	0.071	0.31	0.444	0.345	0.415	0.507	0.117	0.493	0.413
14	102578714	M5812	0	0.375	0	0	0	0.001	0	0.208	0.001	0
22	16127381	M5802	0	0.018	0.011	0	0.15	0.225	0	0.123	0	0.017
7	33702922	M5792	0	0	0	0.001	0.001	0.219	0.218	0	0	0.001
10	108605111	M5809	0	0.362	0	0	0.141	0	0.001	0.362	0	0
8	97187458	M5791	0	0.39	0	0	0.135	0.001	0	0.306	0.002	0
19	19552194	M5788	0	0	0	0	0.001	0	0.145	0	0.002	0
10	95310737	M5786	0	0.076	0.279	0.435	0.32	0.415	0.48	0.113	0.51	0.407
18	14471165	M5822	0	0.001	0	0.001	0	0.001	0.162	0	0	0.001
9	50420316	M5827	0	0.057	0	0.452	0	0	0.002	0	0	0
13	65814640	M5811	0	0.001	0.156	0	0.001	0	0	0	0	0.144
18	79019459	M5826	0	0	0	0.001	0.135	0	0.001	0.143	0	0
4	96742555	M5823	0	0	0	0	0.001	0.22	0	0	0	0.002
8	78058497	M5783	0	0.076	0.295	0.452	0.354	0.411	0.503	0.102	0.525	0.431
13	88252674	M5789	0	0.081	0.28	0.475	0.146	0.215	0.003	0.1	0	0.162
21	11683126	M5804	0	0	0	0	0.001	0.001	0.112	0	0	0.001
7	102734561	M5794	0	0	0	0	0	0.002	0.017	0	0	0
