#chrom	pos	desc	normal	sample1	sample2	sample3	sample4	sample5	sample6	sample7	sample8	sample9	sample10	sample11	sample12	sample13	sample14
15	100393891	M5815	0	0	0	0	0	0	0	0	0	0	0	0.0014	0	0	0
2	141005958	M5813	0	0	0	0	0	0	0	0	0	0	0	0.1767	0	0	0
12	45485466	M5820	0	0.0641	0	0	0	0	0	0	0	0	0	0	0	0	0
14	115075072	M5821	0	0	0.2003	0	0	0	0	0	0	0	0	0	0	0.3136	0
22	44383439	M5803	0	0	0	0.4276	0	0	0	0	0	0	0.4313	0.0396	0	0	0
14	38634832	M5800	0	0	0	0.4276	0	0	0	0	0	0	0.4313	0.0396	0	0	0
4	65150366	M5805	0	0.0954	0	0	0	0	0	0	0	0	0	0	0.1532	0	0
1	32732167	M5799	0	0.0954	0	0	0	0.1449	0	0	0	0	0	0.197	0.1532	0	0
5	109506377	M5818	0	0	0	0	0	0.1449	0	0	0	0	0	0.1956	0	0	0
20	55907474	M5807	0	0	0	0	0.2099	0	0.2725	0	0.2613	0	0	0	0	0	0
17	67104563	M5810	0	0	0	0	0	0	0	0	0	0	0	0	0.0744	0	0
7	14057106	M5787	0	0	0	0	0.1521	0	0	0	0.2366	0	0	0.1767	0.1014	0.17	0
23	17183035	M5781	0	0.4893	0.0571	0.4276	0.1521	0.2655	0.1042	0	0.2366	0	0.4313	0.4133	0.3291	0.17	0
14	102578714	M5812	0	0	0.2003	0	0.0405	0	0.0517	0	0	0.0571	0	0	0	0.3136	0
22	16127381	M5802	0	0.3939	0	0	0	0	0	0	0	0	0	0	0.0744	0	0
7	33702922	M5792	0	0	0	0.4276	0	0.1206	0	0	0	0	0.4313	0.0396	0	0	0
10	108605111	M5809	0	0	0.2003	0	0.0405	0	0.0517	0.4915	0	0.0571	0	0	0.0962	0.3136	0.4279
8	97187458	M5791	0	0	0.4113	0	0.0405	0.161	0.0517	0.4915	0	0.4896	0	0	0.0962	0.3136	0.4279
19	19552194	M5788	0	0	0.0571	0	0	0	0.1042	0	0	0	0	0	0	0	0
11	40744857	M5825	0	0	0	0.4276	0	0	0	0	0	0	0.4313	0.0396	0	0	0
10	95310737	M5786	0	0.4893	0.0571	0.4276	0.1521	0.2655	0.1042	0	0.2366	0	0.4313	0.4133	0.3291	0.17	0
9	50420316	M5827	0	0.0954	0	0	0	0	0	0	0	0	0	0	0	0	0
13	65814640	M5811	0	0	0	0	0	0.1449	0	0	0	0	0	0.1956	0	0	0
6	22937059	M5819	0	0	0	0	0.0405	0	0.0517	0	0	0.0571	0	0	0	0	0
18	79019459	M5826	0	0	0	0	0	0	0	0	0	0	0	0	0.0962	0	0
4	96742555	M5823	0	0	0	0	0	0.1206	0	0	0	0	0	0	0	0	0
8	78058497	M5783	0	0.4893	0.0571	0.4276	0.1521	0.2655	0.1042	0	0.2366	0	0.4313	0.4133	0.3291	0.17	0
7	153284872	M5801	0	0	0.2111	0	0	0.161	0	0	0	0.4325	0	0	0	0	0
13	88252674	M5789	0	0.4893	0	0	0	0.1449	0	0	0	0	0	0.197	0.2276	0	0
21	11683126	M5804	0	0	0	0	0.1521	0	0	0	0	0	0	0	0	0.17	0
7	102734561	M5794	0	0	0	0.4276	0	0	0	0	0	0	0.4313	0.0396	0	0	0
