#chrom	pos	desc	normal	sample1	sample2	sample3	sample4	sample5	sample6	sample7	sample8	sample9	sample10	sample11	sample12	sample13	sample14
15	100393891	M5815	0	0	0	0	0	0	0.001	0.001	0	0	0.001	0.001	0	0	0.001
2	141005958	M5813	0	0	0	0.001	0	0	0	0	0	0	0	0.16	0	0.001	0.001
12	45485466	M5820	0	0.068	0	0	0	0	0	0	0.001	0	0	0	0	0.001	0
14	115075072	M5821	0	0.001	0.182	0	0	0.001	0	0.001	0.001	0	0	0	0	0.312	0
22	44383439	M5803	0	0	0.001	0.409	0.002	0	0	0	0	0	0.45	0.053	0	0	0.001
14	38634832	M5800	0	0	0	0.417	0	0.001	0	0	0	0.001	0.465	0.024	0	0.001	0
4	65150366	M5805	0	0.103	0	0	0	0.001	0	0	0.001	0	0.001	0	0.151	0	0.001
1	32732167	M5799	0	0.087	0.001	0.001	0	0.139	0	0	0	0	0	0.192	0.156	0	0
5	109506377	M5818	0	0	0	0	0	0.147	0.001	0.001	0	0	0	0.198	0	0	0
20	55907474	M5807	0	0.001	0	0	0.209	0.001	0.267	0	0.243	0	0	0	0	0	0.001
17	67104563	M5810	0	0.001	0	0.001	0	0	0	0.002	0.001	0	0	0	0.076	0	0
7	14057106	M5787	0	0	0	0.001	0.139	0.001	0	0.001	0.246	0	0.001	0.167	0.091	0.18	0
23	17183035	M5781	0	0.51	0.058	0.392	0.164	0.229	0.094	0	0.231	0	0.419	0.41	0.332	0.159	0
14	102578714	M5812	0	0	0.191	0	0.042	0	0.047	0	0	0.057	0	0	0	0.312	0
22	16127381	M5802	0	0.395	0	0	0	0.001	0.001	0.001	0	0	0	0	0.071	0.001	0
7	33702922	M5792	0	0	0.001	0.448	0	0.106	0.001	0	0.001	0.001	0.438	0.038	0.001	0	0.002
10	108605111	M5809	0	0	0.186	0	0.04	0	0.049	0.501	0	0.061	0	0	0.089	0.297	0.419
8	97187458	M5791	0	0	0.417	0	0.04	0.167	0.062	0.497	0.001	0.502	0	0	0.099	0.29	0.426
19	19552194	M5788	0	0	0.077	0.002	0	0	0.096	0	0.001	0.002	0	0	0	0	0.001
11	40744857	M5825	0	0	0	0.441	0	0	0	0	0.001	0	0.461	0.041	0	0	0
10	95310737	M5786	0	0.49	0.048	0.431	0.159	0.278	0.109	0	0.245	0	0.433	0.408	0.319	0.181	0.001
9	50420316	M5827	0	0.081	0	0	0	0.002	0	0.001	0	0.001	0	0.001	0.001	0	0
13	65814640	M5811	0	0	0.001	0.001	0.001	0.156	0.001	0	0.001	0.001	0.001	0.192	0	0	0
6	22937059	M5819	0	0.002	0.001	0	0.03	0	0.057	0	0	0.057	0	0	0.001	0.001	0.001
18	79019459	M5826	0	0	0	0	0	0	0	0.002	0.001	0	0	0.001	0.098	0.001	0
4	96742555	M5823	0	0.001	0	0	0	0.123	0	0	0	0	0	0	0	0	0
8	78058497	M5783	0	0.494	0.055	0.429	0.154	0.261	0.124	0	0.241	0	0.428	0.413	0.323	0.181	0.001
7	153284872	M5801	0	0	0.226	0	0.001	0.162	0	0.001	0	0.443	0	0	0	0	0
13	88252674	M5789	0	0.516	0.001	0	0	0.14	0.001	0	0	0	0.001	0.199	0.224	0	0.001
21	11683126	M5804	0	0.002	0	0.001	0.129	0	0.002	0	0	0	0	0	0	0.193	0
7	102734561	M5794	0	0	0	0.394	0	0	0.001	0.001	0	0	0.436	0.038	0	0	0
