#chrom	pos	desc	normal	sample1	sample2	sample3	sample4	sample5	sample6	sample7	sample8	sample9
2	141005958	M5813	0	0	0	0	0.1797	0	0	0	0.4966	0.2389
14	115075072	M5821	0	0.3582	0	0	0	0	0	0.209	0	0
12	45485466	M5820	0	0.06	0	0.3154	0	0	0	0	0	0
22	44383439	M5803	0	0	0	0	0	0	0.0144	0	0	0
14	38634832	M5800	0	0	0	0	0	0	0.0144	0	0	0
4	65150366	M5805	0	0.065	0	0.4608	0	0	0	0	0	0
1	32732167	M5799	0	0.065	0.2864	0.4608	0	0	0	0	0	0.1631
5	109506377	M5818	0	0	0.156	0	0	0	0	0	0	0
20	55907474	M5807	0	0	0.1228	0	0	0	0	0	0	0
17	67104563	M5810	0	0	0	0	0	0	0	0.1052	0	0
7	14057106	M5787	0	0	0	0	0.1797	0	0.1089	0	0.4966	0.2389
23	17183035	M5781	0	0.0837	0.2951	0.4608	0.3371	0.4259	0.4892	0.1052	0.4966	0.4162
14	102578714	M5812	0	0.3582	0	0	0	0	0	0.209	0	0
22	16127381	M5802	0	0.0187	0.0087	0	0.1575	0.2143	0	0.1052	0	0.0142
7	33702922	M5792	0	0	0	0	0	0.2116	0.2199	0	0	0
10	108605111	M5809	0	0.3582	0	0	0.134	0	0	0.3422	0	0
8	97187458	M5791	0	0.3582	0	0	0.134	0	0	0.3422	0	0
19	19552194	M5788	0	0	0	0	0	0	0.1603	0	0	0
10	95310737	M5786	0	0.0837	0.2951	0.4608	0.3371	0.4259	0.4892	0.1052	0.4966	0.4162
18	14471165	M5822	0	0	0	0	0	0	0.1603	0	0	0
9	50420316	M5827	0	0.065	0	0.4608	0	0	0	0	0	0
13	65814640	M5811	0	0	0.156	0	0	0	0	0	0	0.1631
18	79019459	M5826	0	0	0	0	0.134	0	0	0.1331	0	0
4	96742555	M5823	0	0	0	0	0	0.2116	0	0	0	0
8	78058497	M5783	0	0.0837	0.2951	0.4608	0.3371	0.4259	0.4892	0.1052	0.4966	0.4162
13	88252674	M5789	0	0.0837	0.2951	0.4608	0.1575	0.2143	0	0.1052	0	0.1773
21	11683126	M5804	0	0	0	0	0	0	0.1089	0	0	0
7	102734561	M5794	0	0	0	0	0	0	0.0144	0	0	0
