#chrom	pos	desc	normal	sample1	sample2	sample3	sample4	sample5	sample6	sample7	sample8	sample9	sample10	sample11	sample12	sample13	sample14
15	100393891	M5815	0	0.0003	0.0003	0.0005	0.0004	0.0006	0.0005	0.0002	0.0003	0.0002	0.0005	0.0017	0.0003	0.0001	0.0002
2	141005958	M5813	0	0.0002	0.0004	0.0004	0.0003	0.0004	0.0004	0.0005	0	0.0007	0	0.1832	0.0002	0.0002	0.0001
12	45485466	M5820	0	0.0639	0.0004	0.0003	0.0001	0.0003	0	0.0003	0.0002	0.0004	0.0006	0.0001	0.0007	0.0003	0
14	115075072	M5821	0	0.0003	0.1992	0.0001	0.0007	0.0001	0.0005	0.0004	0.0004	0.0006	0.0003	0.0002	0.0005	0.3132	0.0002
22	44383439	M5803	0	0.0001	0.0007	0.4353	0.0003	0.0002	0.0004	0.0002	0.0004	0.0004	0.4259	0.0416	0.0002	0.0002	0.0001
14	38634832	M5800	0	0.0004	0.0002	0.4294	0.0006	0.0004	0.0004	0.0004	0.0002	0.0007	0.4227	0.0404	0.0006	0.0002	0.0003
4	65150366	M5805	0	0.0963	0.0006	0.0006	0.0003	0.0005	0.0004	0.0008	0.0003	0.0002	0.0003	0.0004	0.1464	0.0003	0.0001
1	32732167	M5799	0	0.0998	0.0002	0.0006	0.0003	0.1482	0.0002	0.0003	0.0003	0.0005	0.0001	0.1927	0.1506	0.0005	0.0002
5	109506377	M5818	0	0.0003	0.0004	0.0002	0.0001	0.1464	0.0001	0	0.0004	0.0004	0.0003	0.1957	0.0003	0.0003	0
20	55907474	M5807	0	0.0001	0.0003	0.0001	0.2097	0.0002	0.2772	0.0002	0.2501	0.0002	0.0002	0.0005	0.0007	0.0005	0.0007
17	67104563	M5810	0	0.0004	0.0004	0	0.0003	0	0.0004	0	0.0002	0.0003	0.0003	0.0004	0.0726	0.0004	0
7	14057106	M5787	0	0.0004	0.0004	0.0005	0.1542	0.0003	0.0002	0.0003	0.2299	0.0004	0.0005	0.1824	0.1031	0.1692	0.0002
23	17183035	M5781	0	0.4862	0.0567	0.425	0.1565	0.2658	0.1048	0.0004	0.2286	0.0002	0.4282	0.4115	0.3346	0.171	0.0001
14	102578714	M5812	0	0.0002	0.2071	0.0005	0.041	0.0003	0.0521	0.0001	0.0005	0.057	0.0004	0	0.0004	0.3185	0.0006
22	16127381	M5802	0	0.3965	0.0002	0.0005	0.0003	0.0002	0.0003	0.0005	0.0002	0.0001	0.0002	0.0004	0.0777	0.0002	0.0006
7	33702922	M5792	0	0.0003	0.0001	0.4362	0.0003	0.1194	0.0004	0.0005	0.0003	0.0006	0.4306	0.0417	0.0001	0.0003	0.0004
10	108605111	M5809	0	0	0.201	0.0003	0.0406	0.0001	0.051	0.4965	0.0001	0.0596	0.0001	0.0002	0.0946	0.3163	0.4183
8	97187458	M5791	0	0.0001	0.4043	0.0003	0.0397	0.1661	0.0517	0.4814	0.0005	0.4822	0.0005	0.0005	0.0934	0.3105	0.4332
19	19552194	M5788	0	0.0002	0.0582	0.0003	0.0005	0.0005	0.1074	0.0005	0.0007	0.0002	0.0003	0.0004	0.0005	0.0003	0.0001
11	40744857	M5825	0	0.0008	0.0005	0.4233	0.0006	0.0003	0.0003	0.0005	0.0003	0	0.4292	0.0398	0.0004	0.0003	0.0004
10	95310737	M5786	0	0.4916	0.058	0.4283	0.1528	0.2682	0.1067	0.0003	0.2352	0	0.4253	0.419	0.3257	0.171	0.0005
9	50420316	M5827	0	0.0934	0.0002	0.0002	0.0004	0.0002	0.0004	0.0001	0.0007	0.0002	0.0003	0.0005	0.0004	0.0003	0.0002
13	65814640	M5811	0	0.0005	0.0002	0.0005	0.0004	0.1408	0.0004	0.0001	0	0.0004	0.0006	0.1946	0.0001	0.0002	0.0001
6	22937059	M5819	0	0.0001	0.0005	0.0004	0.044	0.0002	0.0511	0.0002	0.0003	0.0588	0.0004	0.0004	0.0002	0.0004	0.0002
18	79019459	M5826	0	0.0005	0.0006	0.0003	0.0002	0.0003	0.0003	0.0003	0.0004	0.0006	0.0004	0.0004	0.0968	0.0004	0.0001
4	96742555	M5823	0	0.0005	0.0004	0.0004	0.0001	0.1237	0.0002	0.0002	0.0004	0.0004	0.0002	0.0003	0.0006	0.0004	0.0002
8	78058497	M5783	0	0.4938	0.0558	0.4168	0.1507	0.2655	0.1027	0.0006	0.2399	0.0003	0.4211	0.4184	0.3252	0.1694	0.0004
7	153284872	M5801	0	0.0002	0.2099	0.0001	0.0005	0.1677	0.0002	0.0005	0.0002	0.4327	0.0001	0.0001	0.0002	0.0002	0.0004
13	88252674	M5789	0	0.4897	0.0002	0.0002	0.0005	0.1464	0.0008	0.0001	0.0004	0.0004	0.0005	0.199	0.2321	0.0001	0.0003
21	11683126	M5804	0	0.0002	0.0003	0.0001	0.1538	0.0002	0.0003	0.0001	0.0003	0.0007	0.0001	0.0003	0.0004	0.1711	0.0003
7	102734561	M5794	0	0.0001	0.0004	0.4295	0.0001	0.0003	0.0003	0.0001	0.0005	0.0005	0.4371	0.0408	0.0006	0.0007	0.0002
