#chrom	pos	desc	normal	sample1	sample2	sample3	sample4	sample5	sample6	sample7	sample8	sample9
17	35692233	M587	0	0.126	0	0	0	0	0.002	0.001	0	0.001
18	77111968	M543	0	0.099	0	0	0	0	0.001	0	0	0
23	23755022	M550	0	0	0.001	0	0	0	0	0.149	0	0
11	29028099	M516	0	0	0	0	0	0.224	0.001	0	0.002	0
8	27389633	M541	0	0.173	0	0	0	0.201	0	0.001	0	0
4	72773454	M589	0	0.002	0	0.002	0.165	0.001	0	0	0	0.001
22	32665571	M584	0	0	0	0	0	0.277	0	0	0	0.002
5	12848933	M551	0	0.001	0.001	0	0.001	0	0	0	0.459	0.116
21	10886473	M563	0	0	0.001	0.001	0	0.001	0	0.002	0.001	0.141
19	59426774	M536	0	0	0.438	0	0	0.001	0.001	0	0	0.142
17	32833012	M583	0	0.001	0	0	0	0.001	0	0	0	0.079
14	40169645	M580	0	0	0.001	0.332	0.286	0.001	0.001	0	0.002	0
3	112712692	M507	0	0.217	0.001	0	0	0	0	0.147	0.448	0.344
1	84469605	M522	0	0	0.001	0	0	0	0.261	0	0	0
21	35216222	M534	0	0.137	0	0	0.001	0.001	0	0	0.002	0
9	37282297	M569	0	0	0.001	0	0.001	0	0.157	0	0.001	0
16	14534351	M506	0	0.404	0.001	0.001	0.028	0.454	0.274	0.339	0.459	0.316
19	52294960	M604	0	0	0	0.001	0	0.001	0.001	0	0	0.141
4	54522660	M539	0	0	0	0.002	0.143	0	0.001	0.001	0	0
9	113615122	M591	0	0.165	0	0	0	0	0	0	0	0
16	28825370	M521	0	0.001	0.001	0.316	0.288	0	0.163	0.175	0	0
7	18830817	M523	0	0.149	0.001	0.001	0	0	0.001	0	0.001	0
14	80714917	M596	0	0	0	0	0.001	0	0	0	0	0.126
18	47128098	M533	0	0.001	0	0.001	0	0.001	0.15	0	0.001	0
2	105843087	M513	0	0.087	0	0.426	0.44	0	0.157	0.182	0	0
7	1808084	M529	0	0	0	0	0.001	0.245	0.001	0	0	0
9	79039866	M511	0	0.001	0	0	0	0	0	0.002	0.001	0.123
9	16340628	M549	0	0	0	0.001	0	0	0	0.029	0	0
16	77726454	M526	0	0.078	0	0	0.001	0	0	0	0.001	0
21	39496346	M517	0	0.171	0	0	0	0.229	0.001	0	0	0
15	49113744	M557	0	0.001	0	0	0.034	0.001	0	0.128	0	0.001
22	42239824	M514	0	0	0	0.001	0	0.001	0.289	0	0	0.001
3	153706530	M525	0	0	0	0	0.031	0	0	0.125	0.001	0
23	3142395	M546	0	0	0	0	0.001	0	0.13	0	0	0
12	85651258	M515	0	0.243	0	0	0	0.001	0.001	0	0.446	0.211
6	141348261	M554	0	0	0	0	0	0	0.001	0.183	0	0
5	85105258	M601	0	0	0.001	0	0	0.001	0	0.129	0.001	0
10	83341384	M510	0	0.001	0	0	0.044	0.231	0.001	0.14	0.001	0
