#chrom	pos	desc	normal	sample1	sample2	sample3	sample4	sample5	sample6	sample7	sample8	sample9	sample10	sample11	sample12	sample13	sample14
8	101109033	M2143	0	0	0	0	0	0	0	0	0	0	0.0419	0	0	0	0
8	52078396	M2121	0	0	0	0	0	0	0.1451	0	0	0	0.1509	0	0	0	0
8	124547835	M2279	0	0	0	0	0	0	0	0.2925	0	0	0	0	0	0	0
18	61689348	M2063	0	0.0168	0	0	0	0	0	0	0	0	0	0	0	0	0
14	25806192	M2221	0	0	0	0	0	0	0	0	0	0	0	0	0.2198	0	0
10	132762584	M2162	0	0	0	0	0	0	0	0	0	0	0	0	0	0.2961	0
10	90270772	M2115	0	0	0	0	0	0	0	0	0	0.1866	0	0	0.2198	0	0
6	168082314	M2240	0	0	0	0	0	0	0	0	0	0	0	0	0	0.0031	0
15	10650211	M1992	0	0	0	0	0	0	0	0	0.0832	0.1866	0	0	0.2198	0.0031	0
10	96168205	M2065	0	0	0	0	0	0	0	0	0	0	0	0	0	0.0126	0.1631
6	132529948	M2383	0	0	0	0	0	0	0	0	0	0	0	0.2905	0	0	0
12	57012153	M2337	0	0	0	0	0	0	0	0	0	0	0.1764	0	0	0	0
11	111801856	M1983	0	0.4643	0.1274	0.4017	0.1839	0	0.1451	0.4145	0.0723	0.2311	0.3748	0.3612	0.2613	0.2961	0
22	8497842	M2067	0	0.3643	0	0	0.0635	0	0	0	0	0	0	0	0	0	0
5	22289203	M2185	0	0	0	0	0	0	0	0	0.2802	0	0	0	0	0	0.1442
2	189965345	M2031	0	0	0	0	0	0	0	0	0.2802	0	0	0	0	0	0.1442
6	70234191	M2278	0	0	0	0	0	0	0	0	0	0	0	0	0.0744	0	0
20	30919770	M2363	0	0.0168	0	0	0	0	0	0	0	0	0	0	0	0	0
2	120580610	M2068	0	0	0	0	0	0	0	0	0.0723	0.2311	0	0	0	0	0
3	15804003	M2293	0	0	0	0	0	0	0	0	0	0	0	0	0.2198	0	0
20	59589476	M2047	0	0	0	0	0.2185	0.4743	0	0	0	0	0	0	0	0.0126	0.1631
21	39181127	M2041	0	0	0	0	0	0	0.2719	0	0	0	0	0.0605	0	0.1475	0
21	9901213	M2188	0	0.3643	0	0	0	0	0	0	0	0	0	0	0	0	0
7	803985	M2072	0	0	0	0	0	0	0	0	0.2802	0	0	0	0	0	0.1442
8	38135936	M2142	0	0	0.3081	0	0	0	0	0	0	0	0	0	0	0	0.1816
8	104601174	M2238	0	0	0.0813	0	0	0	0	0	0	0	0	0	0	0	0
1	87510980	M2410	0	0	0	0	0	0	0	0	0	0	0.0419	0	0	0	0
14	115155499	M2073	0	0.0832	0	0	0	0	0	0	0	0	0.1693	0.0707	0	0	0
16	37593363	M2131	0	0	0	0	0	0	0	0	0	0	0	0.2905	0	0	0
15	40556067	M2371	0	0	0	0	0	0	0	0.122	0	0	0	0	0	0	0
10	125186784	M2335	0	0	0	0	0	0	0	0	0	0	0.0475	0	0	0	0
2	194429143	M2112	0	0	0	0	0.0635	0	0	0	0	0	0	0	0	0	0
1	221898602	M1982	0	0	0	0	0	0	0.2719	0	0.0832	0.1866	0	0.0605	0.2198	0.1506	0
20	46840773	M2303	0	0	0	0	0	0	0	0	0	0	0.1509	0	0	0	0
7	118075082	M2059	0	0	0	0	0	0	0	0	0	0	0.0419	0	0	0	0
22	53255013	M1990	0	0.3643	0.1274	0.4017	0.1839	0	0	0.4145	0	0	0	0.2905	0.2613	0	0
23	46549672	M2227	0	0	0	0	0	0	0	0	0	0	0	0	0	0	0.1631
23	39774498	M2034	0	0	0	0	0.1204	0	0	0	0	0	0	0	0	0	0
23	31160369	M2302	0	0	0	0	0	0	0	0	0	0.1866	0	0	0	0	0
17	72020279	M2196	0	0	0	0	0	0	0	0	0.0723	0.2311	0	0	0	0	0
17	28191011	M1981	0	0	0	0	0	0	0.2719	0	0.0832	0.1866	0	0.0605	0.2198	0.1506	0
21	17611682	M2061	0	0	0	0	0	0	0	0.122	0	0	0	0	0	0	0
11	53085734	M2126	0	0	0	0	0	0	0.2719	0	0	0	0	0	0	0	0
7	120378162	M2173	0	0	0	0	0	0	0	0	0	0	0	0	0	0.1475	0
6	159962923	M2012	0	0	0	0	0	0	0	0	0	0	0.0475	0	0	0.2961	0
15	71370197	M2258	0	0.3643	0	0	0	0	0	0	0	0	0	0	0	0	0
19	47995479	M2398	0	0	0	0	0	0	0	0.2925	0	0	0	0	0	0	0
20	31649104	M2230	0	0	0	0.4017	0	0	0	0	0	0	0	0	0	0	0
11	128415410	M2002	0	0	0	0	0	0	0	0	0.0832	0.1866	0	0	0.2198	0.0031	0
13	4374022	M2078	0	0	0	0	0	0	0	0	0	0	0	0	0.1869	0	0
19	43525767	M1994	0	0	0.0813	0	0	0	0	0	0	0	0	0	0	0	0
4	86076631	M2318	0	0	0	0.4017	0	0	0	0	0	0	0	0	0	0	0
6	23763692	M2093	0	0.0331	0	0	0	0	0	0	0	0	0	0	0	0	0
2	76341205	M2367	0	0.267	0	0	0	0	0	0	0	0	0	0	0	0	0
5	108734920	M2054	0	0	0.3081	0	0	0	0	0	0	0	0	0	0	0	0.1816
12	93606443	M2406	0	0	0	0.4017	0	0	0	0	0	0	0	0	0	0	0
5	26098735	M2210	0	0	0	0	0	0	0	0	0.1258	0	0	0	0	0	0.1442
9	96576402	M2277	0	0	0	0	0	0	0.1451	0	0	0	0	0	0	0	0
9	4523350	M2076	0	0	0	0	0	0	0	0	0.0723	0.2311	0	0	0	0	0
5	79245757	M1980	0	0.4643	0.1274	0.4017	0.1839	0	0.417	0.4145	0.1555	0.4177	0.3748	0.4217	0.4811	0.4467	0
19	60096650	M2082	0	0	0	0	0	0	0	0	0	0.1866	0	0	0.2198	0	0
21	55348056	M2264	0	0.0168	0	0	0	0	0	0	0	0	0	0	0	0	0
21	36544442	M2317	0	0	0	0	0	0	0	0	0	0	0	0	0	0.1475	0
15	41171398	M2040	0	0	0	0	0	0	0	0	0	0	0	0	0	0.0031	0
3	8119383	M2175	0	0	0	0.4017	0	0	0	0.2925	0	0	0	0	0	0	0
22	40366721	M2375	0	0	0	0	0	0	0	0	0	0	0	0.0605	0	0	0
15	64136303	M2179	0	0.0832	0	0	0	0	0	0	0	0	0	0.0707	0	0	0
10	44368166	M2007	0	0	0	0	0	0	0	0	0.0832	0	0	0	0	0	0
2	119123634	M2299	0	0	0	0	0	0	0	0.122	0	0	0	0	0	0	0
18	44004478	M2290	0	0.3643	0	0	0	0	0	0	0	0	0	0	0	0	0
10	107533332	M2192	0	0	0	0	0.1204	0	0	0	0	0	0	0	0	0	0
1	87067091	M2043	0	0	0.0461	0	0	0	0	0	0	0	0	0	0	0	0
1	196894569	M2259	0	0	0	0	0	0	0	0	0	0.2311	0	0	0	0	0
4	117983783	M2021	0	0.3643	0	0	0.0635	0	0	0.122	0	0	0	0	0	0	0
2	41878704	M2003	0	0	0.3081	0	0.2185	0.4743	0	0	0.2802	0	0.0419	0	0	0.0126	0.4889
15	76959829	M2056	0	0	0	0	0	0	0	0	0	0	0	0	0	0.0031	0
10	104366417	M2118	0	0	0	0	0.2185	0	0	0	0	0	0	0	0	0	0
20	16907451	M2229	0	0	0	0	0	0	0	0	0	0	0	0	0	0.1475	0
6	169819244	M1989	0	0	0	0	0	0	0	0	0.0832	0.1866	0	0	0.2198	0.0031	0
13	6874365	M2265	0	0	0	0	0	0	0	0	0	0	0	0	0.2198	0	0
8	31444828	M2114	0	0.0832	0	0	0	0	0	0	0	0	0.1764	0.0707	0	0	0
23	1022156	M2085	0	0	0	0.4017	0	0	0	0.2925	0	0	0	0	0	0	0
11	116571637	M2016	0	0	0.0461	0	0.1204	0	0	0	0	0	0	0	0	0	0
16	78266036	M2001	0	0.3643	0.0461	0	0.1839	0	0	0.122	0	0	0	0	0.0744	0	0
9	59298932	M2013	0	0	0	0.4017	0	0	0	0.2925	0	0	0	0.2905	0.1869	0	0
18	29517450	M2037	0	0.0168	0	0	0	0	0	0	0	0	0	0	0	0	0
7	81107563	M1988	0	0	0	0	0	0	0	0	0	0	0.0475	0	0	0.2961	0
17	39363462	M2122	0	0	0	0	0	0	0	0	0	0	0	0	0.0744	0	0
17	8752877	M2057	0	0	0	0	0.2185	0.4743	0	0	0	0	0	0	0	0.0126	0.1631
20	47928544	M2032	0	0	0	0	0	0	0	0	0.0723	0.2311	0	0	0	0	0
16	20202604	M2015	0	0.0832	0	0	0	0	0	0	0	0	0.1764	0.0707	0	0	0
8	4440282	M2017	0	0	0	0	0	0	0	0	0.2802	0	0	0	0	0	0.1442
20	13649279	M2008	0	0	0	0	0	0	0.2719	0	0	0	0	0.0605	0	0.1475	0
11	22645445	M2084	0	0	0	0	0	0	0	0	0	0	0.0475	0	0	0.2952	0
3	143001838	M2377	0	0	0	0	0.0635	0	0	0	0	0	0	0	0	0	0
10	75709623	M2014	0	0	0.0813	0	0	0	0	0	0	0	0	0	0	0	0
20	1432936	M2066	0	0	0	0	0	0	0	0	0	0	0	0.2905	0.1869	0	0
6	135838136	M1999	0	0.0832	0	0	0	0	0	0	0.0723	0.2311	0.1764	0.0707	0	0	0
17	35606568	M2042	0	0.0832	0	0	0	0	0	0	0	0	0.1764	0.0707	0	0	0
6	55059569	M2092	0	0	0	0	0	0	0	0.122	0	0	0	0	0	0	0
17	60446499	M2095	0	0	0	0	0	0	0	0	0	0	0	0	0	0.0126	0
3	84260011	M2161	0	0	0	0	0	0	0	0	0	0	0	0	0	0	0.1631
