#chrom	pos	desc	normal	sample1	sample2	sample3	sample4	sample5	sample6	sample7	sample8	sample9
5	79245757	M1980	0	0.164	0.4821	0.3656	0	0.4521	0.4715	0.4532	0.4375	0.1368
13	49284421	M2052	0	0	0	0	0.4394	0	0	0	0	0
18	61689348	M2063	0	0	0.4821	0	0	0	0	0	0	0
19	64874581	M2174	0	0	0	0	0.4394	0	0	0	0	0
11	126801500	M2346	0	0	0	0	0	0	0	0.4532	0	0
18	31087262	M2155	0	0	0	0	0	0	0.4715	0	0	0
22	40366721	M2375	0	0	0	0	0	0	0	0	0.1864	0
15	64136303	M2179	0	0	0	0	0	0.4521	0	0	0	0
19	46427161	M2243	0	0	0	0	0	0	0	0	0	0.3625
16	99352629	M2268	0	0.2554	0	0	0	0	0	0	0	0
10	96168205	M2065	0	0.2554	0	0.0694	0	0	0	0	0	0
15	10650211	M1992	0	0	0	0.33	0	0	0	0	0.2511	0
10	44368166	M2007	0	0	0	0.33	0	0	0	0	0	0
11	111801856	M1983	0	0.164	0.4821	0.0356	0	0.4521	0.4715	0.4532	0	0
4	117983783	M2021	0	0	0	0.0288	0	0	0	0	0	0
20	24541200	M2087	0	0.164	0	0	0	0	0	0	0	0
18	21796552	M2070	0	0	0.4821	0	0	0	0	0	0	0
1	31397273	M2105	0	0.2554	0	0.0694	0	0	0	0	0	0
2	16926094	M2217	0	0	0	0.0356	0	0	0	0	0	0
2	41878704	M2003	0	0.2194	0	0.0694	0	0	0	0	0	0.3625
6	80311840	M2158	0	0	0	0	0	0	0	0.4532	0	0
11	21920065	M2215	0	0	0	0.2481	0	0	0	0	0	0
2	189965345	M2031	0	0	0	0	0	0	0	0	0	0.3625
20	59589476	M2047	0	0.2554	0	0.0694	0	0	0	0	0	0
21	39181127	M2041	0	0	0	0	0	0	0	0	0.1864	0
6	169819244	M1989	0	0	0	0.33	0	0	0	0	0.2511	0
7	803985	M2072	0	0	0	0	0	0	0	0	0	0.3625
8	31444828	M2114	0	0	0	0	0	0.4521	0.4715	0	0	0
19	49772364	M1985	0	0	0	0	0.4394	0	0	0	0	0
14	115155499	M2073	0	0	0	0	0	0.4521	0.4715	0	0	0
17	81726046	M2225	0	0	0	0	0	0	0.4715	0	0	0
1	221898602	M1982	0	0	0	0.33	0	0	0	0	0.4375	0.1368
22	53255013	M1990	0	0.164	0	0.0356	0	0	0	0.4532	0	0
16	78266036	M2001	0	0.164	0	0.0356	0	0	0	0	0	0
2	197115983	M2263	0	0	0	0.2353	0	0	0	0	0	0
16	80687828	M2236	0	0.2554	0	0.0694	0	0	0	0	0	0
8	82643900	M2119	0	0.2554	0	0.0694	0	0	0	0	0	0
17	28191011	M1981	0	0	0	0.33	0	0	0	0	0.4375	0.1368
18	29517450	M2037	0	0	0.4821	0	0	0	0	0	0	0
23	13311546	M2231	0	0	0	0	0	0.4521	0	0	0	0
21	17611682	M2061	0	0	0	0.0356	0	0	0	0	0	0
18	50805344	M2163	0	0	0	0	0	0	0	0	0	0.1368
23	36814125	M2083	0	0	0	0.33	0	0	0	0	0	0
17	8752877	M2057	0	0.2554	0	0.0694	0	0	0	0	0	0
16	20202604	M2015	0	0	0	0	0	0.4521	0.4715	0	0	0
8	4440282	M2017	0	0	0	0	0	0	0	0	0	0.3625
11	128415410	M2002	0	0	0	0.33	0	0	0	0	0.2511	0
14	77701227	M2320	0	0	0	0.0694	0	0	0	0	0	0
8	33273111	M2358	0	0	0	0	0	0	0	0	0	0.3625
1	49341146	M1996	0	0	0	0	0.4394	0	0	0	0	0
19	43525767	M1994	0	0	0	0	0	0	0	0.4532	0	0
20	13649279	M2008	0	0	0	0	0	0	0	0	0.1864	0
19	44227190	M2107	0	0	0	0	0	0	0	0	0.2511	0
10	75709623	M2014	0	0	0	0	0	0	0	0.4532	0	0
6	135838136	M1999	0	0	0	0	0	0.4521	0.4715	0	0	0
17	35606568	M2042	0	0	0	0	0	0.4521	0.4715	0	0	0
6	55059569	M2092	0	0	0	0.0356	0	0	0	0	0	0
17	60446499	M2095	0	0.2554	0	0.0694	0	0	0	0	0	0
20	53758214	M2149	0	0	0.4821	0	0	0	0	0	0	0
12	46889325	M2294	0	0.2554	0	0	0	0	0	0	0	0
20	57289591	M2064	0	0	0	0	0.4394	0	0	0	0	0
21	28607588	M2106	0	0	0	0	0	0	0	0	0	0.1368
