#chrom	pos	desc	normal	sample1	sample2	sample3	sample4	sample5	sample6	sample7	sample8	sample9	sample10	sample11	sample12	sample13	sample14
8	101109033	M2143	0	0.003	0.001	0	0.001	0	0	0	0	0	0.035	0.001	0.001	0	0
8	52078396	M2121	0	0	0.001	0	0.001	0	0.148	0	0	0	0.164	0.002	0	0.001	0
8	124547835	M2279	0	0.001	0.001	0.001	0.001	0	0	0.296	0.001	0.001	0	0	0.001	0.001	0.001
18	61689348	M2063	0	0.023	0	0	0	0	0	0.002	0.001	0	0	0	0.002	0	0
14	25806192	M2221	0	0	0	0	0	0.002	0.001	0.002	0	0.001	0	0	0.194	0	0
10	132762584	M2162	0	0.001	0	0	0	0.001	0	0.001	0	0	0	0.002	0	0.317	0
10	90270772	M2115	0	0	0	0	0	0	0	0	0	0.159	0	0	0.231	0.001	0.001
6	168082314	M2240	0	0	0.002	0.003	0	0.001	0	0	0.001	0	0	0	0	0.004	0
15	10650211	M1992	0	0.001	0.001	0.001	0	0.001	0	0	0.053	0.179	0.001	0.001	0.219	0.006	0.001
10	96168205	M2065	0	0	0	0	0	0	0	0.001	0	0	0	0	0.002	0.013	0.171
6	132529948	M2383	0	0	0	0.001	0.001	0	0	0.001	0	0.001	0	0.28	0.002	0	0
12	57012153	M2337	0	0	0	0.001	0.002	0.002	0.001	0	0	0.001	0.173	0.002	0.001	0	0.002
11	111801856	M1983	0	0.426	0.126	0.42	0.179	0.004	0.138	0.426	0.057	0.23	0.403	0.341	0.276	0.304	0
22	8497842	M2067	0	0.364	0	0.001	0.06	0	0	0.001	0	0	0	0	0	0.001	0.002
5	22289203	M2185	0	0	0	0	0	0	0	0	0.287	0	0.001	0	0.001	0.001	0.149
2	189965345	M2031	0	0.001	0	0.001	0	0	0	0.001	0.282	0	0	0	0.001	0	0.14
6	70234191	M2278	0	0	0	0.001	0	0	0.001	0.002	0	0.001	0	0	0.081	0	0.002
20	30919770	M2363	0	0.016	0	0	0	0	0	0	0	0	0	0.001	0.001	0	0
2	120580610	M2068	0	0	0.001	0.002	0.002	0.001	0	0	0.071	0.23	0	0	0	0	0.001
3	15804003	M2293	0	0	0.001	0	0	0.001	0.001	0	0	0.001	0	0.001	0.212	0	0
20	59589476	M2047	0	0.001	0	0	0.219	0.471	0.001	0	0	0	0	0	0.002	0.011	0.179
21	39181127	M2041	0	0	0.001	0	0	0	0.275	0.001	0	0.001	0.001	0.071	0.001	0.162	0
21	9901213	M2188	0	0.358	0	0	0.001	0	0	0	0	0	0	0.001	0.001	0	0
7	803985	M2072	0	0	0	0	0	0	0.001	0	0.298	0	0	0	0.001	0	0.147
8	38135936	M2142	0	0.002	0.298	0	0	0	0	0	0.001	0.002	0	0.001	0.001	0	0.168
8	104601174	M2238	0	0	0.091	0	0	0	0	0	0	0.001	0	0.001	0	0	0.001
1	87510980	M2410	0	0.001	0.002	0	0.001	0	0	0	0.001	0.002	0.042	0.001	0.001	0	0
14	115155499	M2073	0	0.084	0	0.001	0	0.002	0	0	0	0.001	0.201	0.075	0	0	0
16	37593363	M2131	0	0	0	0.001	0	0	0.002	0.001	0	0.002	0	0.271	0.001	0	0.001
15	40556067	M2371	0	0	0.002	0	0	0.003	0	0.127	0	0	0.001	0	0	0	0
10	125186784	M2335	0	0	0	0.001	0	0.001	0.001	0	0	0	0.056	0	0.001	0.001	0
2	194429143	M2112	0	0.001	0	0	0.06	0	0	0.001	0	0	0	0	0	0	0
1	221898602	M1982	0	0	0.001	0.001	0	0	0.27	0	0.081	0.181	0.001	0.069	0.207	0.151	0
20	46840773	M2303	0	0	0.001	0	0	0	0	0	0	0.001	0.141	0	0	0.001	0
7	118075082	M2059	0	0	0	0	0.001	0	0	0	0	0.001	0.037	0.002	0.001	0	0
22	53255013	M1990	0	0.355	0.134	0.397	0.165	0	0	0.422	0	0	0	0.316	0.277	0	0.001
23	46549672	M2227	0	0	0	0.001	0.002	0	0	0	0	0	0	0	0.001	0	0.166
23	39774498	M2034	0	0.002	0	0	0.12	0	0	0	0	0	0.001	0	0	0.001	0
23	31160369	M2302	0	0.001	0	0	0	0	0	0	0	0.186	0.001	0	0.001	0	0.001
17	72020279	M2196	0	0	0	0.001	0	0	0.001	0.001	0.061	0.22	0	0	0	0	0
17	28191011	M1981	0	0	0.003	0	0	0.001	0.278	0	0.081	0.198	0.001	0.056	0.238	0.151	0
21	17611682	M2061	0	0	0	0	0.001	0.001	0.001	0.123	0	0	0	0.001	0	0	0
11	53085734	M2126	0	0	0.001	0.001	0.002	0.001	0.271	0	0	0	0.002	0	0	0	0
7	120378162	M2173	0	0.001	0	0	0	0	0	0	0.001	0	0.001	0	0.001	0.155	0.001
6	159962923	M2012	0	0	0	0.001	0.001	0	0	0	0	0	0.04	0	0	0.309	0.002
15	71370197	M2258	0	0.359	0	0.002	0	0	0	0	0.001	0	0	0.003	0	0	0.001
19	47995479	M2398	0	0	0	0	0	0.001	0	0.3	0	0	0	0	0	0.001	0.001
20	31649104	M2230	0	0	0	0.381	0	0	0.001	0	0.001	0.001	0	0	0	0	0.001
11	128415410	M2002	0	0.001	0.001	0	0.001	0	0	0	0.086	0.185	0	0	0.209	0.002	0
13	4374022	M2078	0	0	0.001	0	0	0	0	0	0.001	0.001	0	0.001	0.173	0	0
19	43525767	M1994	0	0	0.085	0	0	0.001	0	0	0	0.001	0	0	0.001	0.001	0
4	86076631	M2318	0	0	0.001	0.39	0.001	0	0.001	0	0	0	0	0	0.001	0	0.001
6	23763692	M2093	0	0.026	0	0.001	0	0	0.001	0	0	0	0	0.001	0.001	0	0
2	76341205	M2367	0	0.272	0	0	0	0.001	0	0	0	0	0	0	0	0	0
5	108734920	M2054	0	0	0.312	0	0.001	0	0	0.001	0.001	0.001	0	0	0	0	0.175
12	93606443	M2406	0	0	0	0.394	0	0	0	0	0.002	0	0	0.001	0	0	0
5	26098735	M2210	0	0.001	0.001	0.001	0.001	0	0	0	0.154	0	0	0	0	0	0.157
9	96576402	M2277	0	0	0	0	0	0	0.129	0.002	0	0	0	0	0.001	0	0
9	4523350	M2076	0	0	0.001	0	0	0	0	0	0.062	0.242	0.001	0	0.001	0	0.002
5	79245757	M1980	0	0.457	0.135	0.402	0.164	0	0.439	0.415	0.156	0.437	0.372	0.422	0.5	0.452	0
19	60096650	M2082	0	0	0.001	0	0	0.001	0	0	0.001	0.189	0.001	0	0.24	0	0
21	55348056	M2264	0	0.016	0.002	0	0.001	0.001	0	0.002	0	0	0.001	0.001	0	0	0
21	36544442	M2317	0	0.001	0.001	0.001	0	0	0.001	0	0	0	0	0	0	0.162	0
15	41171398	M2040	0	0	0	0.001	0	0.001	0	0	0.001	0	0	0	0	0.007	0.001
3	8119383	M2175	0	0.001	0	0.4	0	0	0	0.288	0.001	0	0	0	0.001	0	0.001
22	40366721	M2375	0	0.001	0	0	0	0	0	0.001	0	0	0	0.064	0	0	0.001
15	64136303	M2179	0	0.083	0	0.001	0	0.001	0.001	0.002	0.001	0	0.001	0.078	0	0	0.001
10	44368166	M2007	0	0	0.003	0	0	0	0.001	0.002	0.088	0	0	0.001	0.001	0	0
2	119123634	M2299	0	0.001	0	0	0	0.001	0	0.101	0	0	0	0.001	0	0	0
18	44004478	M2290	0	0.4	0	0	0	0	0.001	0	0	0	0	0.001	0.001	0	0
10	107533332	M2192	0	0	0	0	0.105	0	0	0	0.002	0	0.001	0	0	0	0.001
1	87067091	M2043	0	0	0.051	0.001	0.001	0	0.001	0	0	0	0	0	0.001	0	0
1	196894569	M2259	0	0.001	0	0.001	0.001	0	0	0.002	0	0.228	0.001	0	0	0	0.001
4	117983783	M2021	0	0.365	0	0	0.074	0	0.003	0.133	0.001	0	0.001	0	0	0	0
2	41878704	M2003	0	0	0.299	0	0.223	0.461	0	0	0.274	0	0.032	0	0	0.013	0.502
15	76959829	M2056	0	0.001	0	0	0	0.001	0	0	0	0	0	0.001	0	0.003	0.001
10	104366417	M2118	0	0.001	0	0	0.197	0.001	0.001	0	0	0	0	0.001	0	0	0
20	16907451	M2229	0	0	0.001	0	0	0.001	0	0	0	0	0	0.001	0	0.141	0
6	169819244	M1989	0	0	0	0	0	0	0	0	0.067	0.189	0.001	0.001	0.234	0.002	0
13	6874365	M2265	0	0	0	0	0	0	0.001	0.001	0.001	0	0	0	0.22	0	0
8	31444828	M2114	0	0.079	0	0	0.001	0.003	0.001	0	0	0	0.191	0.076	0	0	0
23	1022156	M2085	0	0	0	0.391	0	0	0	0.285	0	0	0.001	0	0	0	0
11	116571637	M2016	0	0.001	0.054	0.001	0.143	0	0	0	0	0	0	0	0	0	0
16	78266036	M2001	0	0.372	0.052	0	0.17	0	0	0.127	0	0	0	0	0.08	0	0.001
9	59298932	M2013	0	0	0.001	0.41	0	0	0.001	0.288	0	0	0	0.278	0.193	0	0
18	29517450	M2037	0	0.011	0	0	0.001	0	0	0	0	0.001	0.001	0	0	0	0.001
7	81107563	M1988	0	0	0	0.002	0.001	0.001	0	0	0.002	0.001	0.047	0	0.001	0.305	0
17	39363462	M2122	0	0	0.001	0	0	0	0	0.001	0	0	0.001	0	0.08	0	0
17	8752877	M2057	0	0	0	0	0.226	0.469	0.001	0	0.001	0	0	0	0	0.012	0.17
20	47928544	M2032	0	0.002	0	0	0.001	0.002	0	0	0.07	0.229	0	0	0	0	0
16	20202604	M2015	0	0.081	0.001	0.001	0	0.002	0.003	0	0	0	0.151	0.068	0	0	0.001
8	4440282	M2017	0	0	0	0	0	0	0.001	0	0.265	0.001	0	0.001	0	0	0.158
20	13649279	M2008	0	0.001	0.002	0	0	0	0.275	0	0	0	0	0.067	0.001	0.144	0.001
11	22645445	M2084	0	0	0	0	0	0	0	0.001	0.001	0	0.056	0	0.001	0.289	0
3	143001838	M2377	0	0.001	0	0	0.053	0	0	0	0.001	0	0	0.001	0	0.002	0.001
10	75709623	M2014	0	0	0.093	0	0	0	0	0	0	0.001	0	0.001	0	0	0
20	1432936	M2066	0	0	0	0	0	0	0	0	0.001	0.001	0	0.28	0.188	0	0
6	135838136	M1999	0	0.077	0.001	0.001	0.001	0.001	0.001	0.001	0.085	0.214	0.152	0.078	0	0.001	0
17	35606568	M2042	0	0.078	0	0	0.001	0	0	0	0	0.002	0.167	0.061	0	0	0.001
6	55059569	M2092	0	0.001	0.001	0	0	0	0	0.131	0	0	0	0.001	0	0	0.001
17	60446499	M2095	0	0.001	0.001	0	0	0	0	0	0.001	0.001	0	0	0.001	0.018	0
3	84260011	M2161	0	0	0	0	0.001	0.001	0	0	0	0	0	0.001	0	0	0.141
