#chrom	pos	desc	normal	sample1	sample2	sample3	sample4	sample5	sample6	sample7	sample8	sample9
5	79245757	M1980	0	0.17	0.4746	0.3709	0	0.4546	0.4588	0.4605	0.4356	0.1367
13	49284421	M2052	0	0	0.0001	0.0004	0.4374	0.0005	0.0005	0.0004	0.0002	0.0003
18	61689348	M2063	0	0.0001	0.4854	0.0003	0.0002	0.0003	0.0004	0.0005	0	0.0003
19	64874581	M2174	0	0.0001	0.0003	0.0002	0.4352	0.0001	0.0005	0.0005	0.0003	0.0002
11	126801500	M2346	0	0.0005	0.0002	0.0002	0.0003	0	0.0007	0.456	0.0001	0.0003
18	31087262	M2155	0	0.0002	0.0003	0.0003	0.0004	0.0002	0.4739	0	0.0004	0.0005
22	40366721	M2375	0	0.0003	0.0005	0.0005	0.0002	0.0004	0.0002	0.0003	0.1854	0.0005
15	64136303	M2179	0	0.0002	0.0002	0.0005	0.0003	0.4528	0.0001	0.0001	0.0002	0.0002
19	46427161	M2243	0	0.0007	0.0005	0.0001	0.0004	0.0005	0.0005	0.0002	0.0006	0.3531
16	99352629	M2268	0	0.2538	0.0003	0.0005	0.0003	0.0004	0.0001	0.0004	0.0002	0.0004
10	96168205	M2065	0	0.251	0.0002	0.0703	0.0004	0.0005	0.0001	0.0003	0.0002	0.0003
15	10650211	M1992	0	0.0004	0.0002	0.3309	0.0001	0.0005	0.0005	0.0003	0.2468	0.0005
10	44368166	M2007	0	0.0005	0.0002	0.3263	0.0001	0.0006	0.001	0.0004	0.0004	0.0006
11	111801856	M1983	0	0.1692	0.4855	0.0322	0.0002	0.4462	0.4705	0.4489	0.0003	0.0006
4	117983783	M2021	0	0.0002	0.0003	0.0306	0.0003	0.0003	0.0004	0.0002	0.0004	0.0004
20	24541200	M2087	0	0.1606	0.0002	0.0003	0.0004	0.0003	0.0001	0.0003	0.0002	0.0003
18	21796552	M2070	0	0.0003	0.4838	0.0004	0.0003	0.0002	0.0002	0.0004	0.0006	0.0003
1	31397273	M2105	0	0.255	0.0002	0.0668	0.0004	0.0003	0.0003	0.0003	0.0008	0.0003
2	16926094	M2217	0	0.0004	0.0002	0.0358	0.0002	0.0004	0.0006	0.0003	0.0002	0.0002
2	41878704	M2003	0	0.22	0.0004	0.0647	0.0008	0.0005	0.0003	0.0003	0.0007	0.3719
6	80311840	M2158	0	0.0003	0.0005	0.0002	0.0004	0.0001	0.0002	0.4526	0.0003	0.0006
11	21920065	M2215	0	0.0002	0.0001	0.2454	0.0003	0.0003	0.0004	0.0004	0.0002	0.0002
2	189965345	M2031	0	0.0003	0.0001	0	0.0004	0.0004	0.0002	0.0005	0.0005	0.3618
20	59589476	M2047	0	0.2564	0.0003	0.0706	0.0006	0.0005	0.0001	0.0006	0.0002	0.0002
21	39181127	M2041	0	0.0001	0.0001	0.0006	0.0007	0.0003	0.0002	0.0005	0.1894	0.0004
6	169819244	M1989	0	0.0002	0.0003	0.3263	0.0004	0.0002	0.0007	0.0001	0.2554	0.0003
7	803985	M2072	0	0.0005	0.0003	0.0004	0.0005	0.0001	0.0002	0.0003	0.0001	0.3674
8	31444828	M2114	0	0.0007	0.0004	0.0006	0.0003	0.454	0.4688	0.0005	0.0003	0.0004
19	49772364	M1985	0	0.0003	0.0003	0.0002	0.4398	0.0005	0.0005	0.0008	0.0003	0.0006
14	115155499	M2073	0	0.0005	0.0001	0.0004	0.0006	0.4511	0.4723	0.0004	0.0001	0.0005
17	81726046	M2225	0	0.0003	0.0004	0.0007	0.0002	0.0005	0.4764	0.0003	0.0005	0.0002
1	221898602	M1982	0	0.0004	0.0003	0.3362	0.0002	0.0003	0.0003	0.0006	0.4434	0.1359
22	53255013	M1990	0	0.1598	0.0003	0.035	0.0006	0.0001	0.0004	0.4544	0.0002	0.0005
16	78266036	M2001	0	0.1655	0.0002	0.0379	0.0002	0.0002	0.0007	0.0002	0.0003	0.0001
2	197115983	M2263	0	0.0006	0.0002	0.2288	0.0003	0.0001	0.0004	0.0001	0.0003	0.0004
16	80687828	M2236	0	0.2604	0.0011	0.0683	0.0004	0.0005	0.0001	0.0002	0.0005	0.0003
8	82643900	M2119	0	0.2544	0.0004	0.0694	0.0002	0.0003	0.0005	0.0005	0.0005	0
17	28191011	M1981	0	0.0004	0.0002	0.3314	0.0006	0.0003	0.0005	0.0002	0.4439	0.1376
18	29517450	M2037	0	0.0004	0.4769	0.0004	0.0007	0.0002	0.0002	0.0003	0.0001	0.0002
23	13311546	M2231	0	0.0005	0.0001	0.0003	0.0006	0.452	0.0003	0.0002	0.0004	0.0004
21	17611682	M2061	0	0.0002	0.0002	0.0342	0.0005	0.0003	0	0.0001	0.0006	0.0004
18	50805344	M2163	0	0.0002	0.0003	0.0003	0.0002	0.0004	0.0005	0.0003	0.0002	0.1375
23	36814125	M2083	0	0.0005	0.0001	0.3301	0.0002	0.0002	0.0004	0.0003	0.0004	0.0004
17	8752877	M2057	0	0.2572	0.0004	0.0701	0.0002	0.0004	0.0002	0.0006	0.0003	0.0005
16	20202604	M2015	0	0.0004	0.0003	0.0003	0.0002	0.451	0.4703	0.0003	0.0002	0.0001
8	4440282	M2017	0	0.0003	0.0002	0.0006	0.0007	0.0001	0.0004	0.0003	0.0001	0.3655
11	128415410	M2002	0	0.0004	0.0006	0.3371	0.0001	0.0005	0.0003	0.0003	0.2494	0.0003
14	77701227	M2320	0	0.0004	0.0001	0.0684	0.0001	0.0003	0.0004	0.0001	0	0.0005
8	33273111	M2358	0	0.0001	0.0003	0.0002	0.0005	0.0005	0.0002	0.0002	0.0007	0.3685
1	49341146	M1996	0	0.0003	0.0005	0.0001	0.4353	0.0001	0.0006	0.0002	0.0002	0.0003
19	43525767	M1994	0	0.0004	0.0003	0.0001	0.0002	0.0003	0.0003	0.4618	0.0004	0.0004
20	13649279	M2008	0	0.0006	0.0008	0.0003	0.0003	0.0004	0.0002	0.0003	0.1804	0.0003
19	44227190	M2107	0	0.0001	0.0001	0.0002	0.0007	0.0003	0.0003	0.0001	0.2415	0.0006
10	75709623	M2014	0	0.0002	0.0003	0	0.0002	0.0002	0.0004	0.4485	0.0006	0.0004
6	135838136	M1999	0	0.0002	0.0004	0.0006	0.0002	0.4478	0.4772	0.0005	0.0004	0.0008
17	35606568	M2042	0	0.0005	0.0005	0.0004	0.0001	0.4427	0.4759	0.0003	0.0002	0.0002
6	55059569	M2092	0	0.0002	0.0007	0.037	0.0006	0.0004	0.0003	0.0006	0.0003	0.0001
17	60446499	M2095	0	0.2556	0.0003	0.0704	0.0005	0.0002	0.0004	0.0004	0.0004	0.0001
20	53758214	M2149	0	0.0003	0.4837	0.0005	0.0004	0.0004	0.0005	0.0007	0.0002	0.0007
12	46889325	M2294	0	0.2609	0.0002	0.0004	0.0003	0.0003	0.0004	0.0004	0.0005	0.0004
20	57289591	M2064	0	0.0005	0.0001	0.0004	0.4409	0.0002	0.0003	0.0002	0.0002	0.0004
21	28607588	M2106	0	0.0003	0.0002	0.0003	0.0001	0.0004	0.0004	0.0005	0.0004	0.1384
