#chrom	pos	desc	normal	sample1	sample2	sample3	sample4	sample5	sample6	sample7	sample8	sample9	sample10	sample11	sample12	sample13	sample14
13	106364734	M10149	0	0	0	0	0.116	0	0	0.112	0	0.001	0.001	0	0	0.104	0.002
20	43177565	M10168	0	0	0.001	0	0	0.001	0	0	0	0.084	0	0	0	0	0
15	60891412	M10147	0	0	0.116	0.102	0	0.001	0	0.144	0	0.032	0.233	0	0.251	0.001	0.16
21	43119029	M10137	0	0	0.001	0.146	0	0.148	0	0.001	0.001	0.001	0	0	0	0	0
20	40219265	M10160	0	0.001	0	0.002	0	0	0	0	0.001	0.086	0.001	0	0.001	0	0
20	36702969	M10150	0	0.251	0.145	0	0	0	0	0.001	0	0.002	0.002	0	0.001	0.324	0
7	88303395	M10135	0	0.106	0	0	0	0	0.001	0	0	0	0.001	0	0	0.002	0
8	61942343	M10123	0	0.387	0.301	0.401	0.001	0.144	0	0.236	0.177	0.19	0.075	0	0.191	0.325	0.266
23	22901730	M10138	0	0.03	0	0.001	0.085	0.002	0	0.001	0.266	0.001	0	0	0	0	0
1	93224244	M10166	0	0	0.001	0.001	0	0.001	0.002	0.024	0	0	0	0	0	0.001	0
5	136782256	M10148	0	0.001	0	0.001	0	0	0.001	0	0	0	0	0	0	0	0.203
21	39688130	M10167	0	0	0.114	0	0	0	0.001	0	0	0	0.259	0	0.261	0.002	0
15	44669672	M10164	0	0.252	0.146	0.001	0	0	0	0	0	0.001	0	0.001	0	0	0
1	135357106	M10142	0	0.001	0	0	0	0.17	0.001	0.001	0	0	0	0	0	0	0
12	72353629	M10163	0	0	0	0.001	0	0	0.001	0.001	0	0	0.161	0.481	0	0	0.001
22	27580484	M10140	0	0.279	0.287	0.175	0	0.001	0.001	0.187	0.186	0.194	0	0	0.208	0.362	0.052
1	147813540	M10141	0	0	0.125	0.106	0	0.001	0.002	0.137	0	0.048	0.245	0	0.244	0	0.152
15	34677915	M10153	0	0	0	0	0.001	0.001	0.417	0	0.001	0	0.001	0	0	0	0
4	167455933	M10122	0	0.393	0.407	0.472	0.187	0.51	0.002	0.475	0.462	0.226	0.291	0	0.483	0.461	0.41
13	48393156	M10154	0	0	0.003	0.187	0	0	0	0.019	0	0	0.001	0.001	0	0	0.002
2	221098048	M10146	0	0.026	0	0	0.001	0	0.001	0.001	0.001	0.001	0	0	0.002	0	0.049
23	25323887	M10143	0	0	0	0.193	0.001	0	0.001	0.212	0	0.11	0	0	0.212	0.001	0
15	78119405	M10133	0	0.108	0.001	0.001	0	0	0	0	0	0.002	0	0	0	0.001	0
5	89588874	M10165	0	0	0.001	0.001	0.001	0	0	0.001	0.178	0	0	0	0.001	0	0.001
11	70082302	M10162	0	0.002	0	0	0	0	0.001	0	0	0	0	0	0	0	0.053
3	114712563	M10152	0	0	0	0.072	0	0	0	0.164	0.001	0	0	0	0	0	0.001
20	41352218	M10159	0	0.001	0.142	0	0	0.001	0	0	0.184	0.08	0	0	0	0	0.001
17	71212929	M10155	0	0	0.114	0	0	0	0	0	0	0.041	0.255	0	0.266	0.001	0.158
20	49010496	M10169	0	0.001	0	0	0.001	0.001	0.001	0	0	0	0.001	0.441	0.002	0	0
