#chrom	pos	desc	normal	sample1	sample2	sample3	sample4	sample5	sample6	sample7	sample8	sample9	sample10	sample11	sample12	sample13	sample14
13	106364734	M10149	0	0	0	0	0.1084	0	0	0.0979	0	0	0	0	0	0.1111	0
20	43177565	M10168	0	0	0	0	0	0	0	0	0	0.0956	0	0	0	0	0
15	60891412	M10147	0	0	0.1205	0.0939	0	0	0	0.1587	0	0.0443	0.2468	0	0.2629	0	0.165
21	43119029	M10137	0	0	0	0.154	0	0.1478	0	0	0	0	0	0	0	0	0
20	40219265	M10160	0	0	0	0	0	0	0	0	0	0.0981	0	0	0	0	0
20	36702969	M10150	0	0.2448	0.1535	0	0	0	0	0	0	0	0	0	0	0.3463	0
7	88303395	M10135	0	0.1051	0	0	0	0	0	0	0	0	0	0	0	0	0
8	61942343	M10123	0	0.3825	0.2862	0.3931	0	0.1478	0	0.2191	0.1736	0.1936	0.084	0	0.206	0.3463	0.2702
23	22901730	M10138	0	0.0448	0	0	0.0645	0	0	0	0.2851	0	0	0	0	0	0
1	93224244	M10166	0	0	0	0	0	0	0	0.0215	0	0	0	0	0	0	0
5	136782256	M10148	0	0	0	0	0	0	0	0	0	0	0	0	0	0	0.2107
21	39688130	M10167	0	0	0.1205	0	0	0	0	0	0	0	0.2468	0	0.2629	0	0
15	44669672	M10164	0	0.2448	0.1535	0	0	0	0	0	0	0	0	0	0	0	0
1	135357106	M10142	0	0	0	0	0	0.1713	0	0	0	0	0	0	0	0	0
12	72353629	M10163	0	0	0	0	0	0	0	0	0	0	0.155	0.4785	0	0	0
22	27580484	M10140	0	0.2774	0.2862	0.1902	0	0	0	0.2191	0.1736	0.1936	0	0	0.206	0.3463	0.0595
1	147813540	M10141	0	0	0.1205	0.0939	0	0	0	0.1587	0	0.0443	0.2468	0	0.2629	0	0.165
15	34677915	M10153	0	0	0	0	0	0	0.4336	0	0	0	0	0	0	0	0
4	167455933	M10122	0	0.4273	0.4067	0.487	0.1729	0.4936	0	0.4757	0.4587	0.2379	0.3308	0	0.4689	0.4574	0.4352
13	48393156	M10154	0	0	0	0.1902	0	0	0	0.0215	0	0	0	0	0	0	0
2	221098048	M10146	0	0.0326	0	0	0	0	0	0	0	0	0	0	0	0	0.0595
23	25323887	M10143	0	0	0	0.1902	0	0	0	0.2191	0	0.0981	0	0	0.206	0	0
15	78119405	M10133	0	0.1051	0	0	0	0	0	0	0	0	0	0	0	0	0
5	89588874	M10165	0	0	0	0	0	0	0	0	0.1736	0	0	0	0	0	0
11	70082302	M10162	0	0	0	0	0	0	0	0	0	0	0	0	0	0	0.0606
3	114712563	M10152	0	0	0	0.0939	0	0	0	0.1587	0	0	0	0	0	0	0
20	41352218	M10159	0	0	0.1327	0	0	0	0	0	0.1736	0.0956	0	0	0	0	0
17	71212929	M10155	0	0	0.1205	0	0	0	0	0	0	0.0443	0.2468	0	0.2629	0	0.165
20	49010496	M10169	0	0	0	0	0	0	0	0	0	0	0	0.4785	0	0	0
