#chrom	pos	desc	normal	sample1	sample2	sample3	sample4	sample5	sample6	sample7	sample8	sample9	sample10	sample11	sample12	sample13	sample14
13	106364734	M10149	0	0.0004	0.0004	0	0.1035	0.0004	0.0004	0.0991	0.0005	0.0001	0.0005	0.0001	0	0.1085	0.0003
20	43177565	M10168	0	0.0003	0.0005	0.0006	0.0005	0.0002	0.0006	0.0004	0.0001	0.0972	0.0006	0.0005	0.0004	0.0003	0.0004
15	60891412	M10147	0	0.0006	0.1236	0.0908	0.0001	0.0001	0.0004	0.1618	0.0003	0.0459	0.2406	0.0003	0.2617	0	0.1658
21	43119029	M10137	0	0.0004	0.0002	0.1549	0.0004	0.1534	0.0001	0.0004	0.0001	0	0.0004	0.0001	0.0004	0.0002	0.0005
20	40219265	M10160	0	0.0004	0.0001	0.0004	0.0005	0.0005	0.0005	0.0003	0.0002	0.0986	0.0003	0.0003	0.0003	0.0001	0
20	36702969	M10150	0	0.2421	0.1563	0.0003	0.0004	0.0005	0.0005	0.0005	0.0002	0.0005	0.0004	0.0001	0.0004	0.3446	0.0002
7	88303395	M10135	0	0.1071	0.0005	0.0001	0.0007	0.0002	0.0001	0.0001	0.0003	0	0.0001	0.0002	0.0003	0.0003	0.0005
8	61942343	M10123	0	0.3815	0.2876	0.3969	0	0.1562	0.0003	0.2161	0.175	0.1916	0.0868	0.0005	0.2037	0.3455	0.2733
23	22901730	M10138	0	0.0401	0.0002	0.0004	0.0597	0.0003	0.0003	0.0001	0.2935	0.0005	0.0002	0.0004	0.0001	0.0003	0.0005
1	93224244	M10166	0	0.0003	0.0003	0.0006	0.0003	0.0002	0.0006	0.0221	0.0004	0.0002	0.0004	0.0004	0.0002	0.0004	0.0003
5	136782256	M10148	0	0.0003	0.0002	0.0002	0.0003	0.0004	0.0001	0.0003	0.0004	0.0003	0.0002	0.0003	0.0004	0.0004	0.2006
21	39688130	M10167	0	0.0001	0.1184	0.0005	0.0002	0.0004	0.0001	0.0002	0.0002	0.0002	0.2492	0.0004	0.2605	0.0001	0.0004
15	44669672	M10164	0	0.2511	0.1579	0.0005	0.0007	0.0006	0.0004	0.0003	0.0003	0.0006	0.0002	0.0006	0.0002	0.0002	0.0001
1	135357106	M10142	0	0.0005	0.0005	0.0003	0.0002	0.1688	0.0002	0.0003	0.0003	0.0002	0.0006	0.0002	0.0005	0.0002	0.0003
12	72353629	M10163	0	0.0001	0.0001	0.0007	0.0004	0.0006	0.0003	0.0003	0.0005	0.0003	0.1583	0.4755	0.0004	0.0006	0.0001
22	27580484	M10140	0	0.2786	0.2861	0.1883	0.0006	0.0002	0.0002	0.2206	0.1742	0.1855	0.0003	0.0001	0.2043	0.3447	0.0627
1	147813540	M10141	0	0.0004	0.1204	0.0969	0.0003	0.0004	0.0003	0.1627	0.0003	0.0415	0.2464	0.0002	0.2588	0.0007	0.167
15	34677915	M10153	0	0.0002	0.0003	0.0002	0.0002	0.0002	0.432	0.0004	0.0002	0.0002	0.0002	0.0002	0.0005	0.0006	0.0006
4	167455933	M10122	0	0.4298	0.4149	0.4911	0.174	0.4904	0.0003	0.4753	0.462	0.2413	0.3286	0.0004	0.4727	0.4579	0.4361
13	48393156	M10154	0	0.0003	0.0003	0.1873	0.0004	0.0004	0.0005	0.0224	0.0003	0.0001	0.0001	0.0002	0.0003	0.0004	0.0002
2	221098048	M10146	0	0.0322	0.0009	0.0001	0.0002	0.0006	0.0004	0.0001	0.0006	0.0002	0.0003	0.0002	0.0003	0.0005	0.0604
23	25323887	M10143	0	0.0002	0.0003	0.1881	0.0002	0.0003	0.0004	0.215	0.0004	0.103	0.0002	0.0002	0.2062	0.0005	0.0002
15	78119405	M10133	0	0.1028	0.0001	0.0005	0.0002	0.0003	0.0001	0.0005	0.0003	0.0006	0.0003	0.0006	0.0003	0.0004	0.0009
5	89588874	M10165	0	0.0003	0.0007	0.0005	0.0003	0.0003	0.0007	0.0006	0.1739	0.0002	0.0002	0.0002	0.0003	0.0003	0.0002
11	70082302	M10162	0	0.0002	0.0005	0.0001	0.0003	0.0001	0.0002	0.0005	0.0003	0.0002	0.0002	0.0004	0.0006	0.0002	0.0583
3	114712563	M10152	0	0.0004	0.0003	0.0964	0.0004	0.0004	0.0006	0.1576	0.0003	0.0002	0.0003	0.0002	0.0001	0.0003	0.0003
20	41352218	M10159	0	0.0004	0.1359	0.0003	0	0.0004	0.0003	0.0001	0.1755	0.0995	0.0001	0.0008	0.0003	0.0002	0.0002
17	71212929	M10155	0	0.0003	0.1172	0.0005	0.0002	0.0009	0.0002	0.0003	0.0002	0.0467	0.2482	0.0004	0.2621	0.0001	0.1657
20	49010496	M10169	0	0	0.0002	0.0005	0.0004	0.0004	0.0003	0	0.0003	0.0003	0.0002	0.481	0.0005	0.0002	0.0002
