#chrom	pos	desc	normal	sample1	sample2	sample3	sample4	sample5	sample6	sample7	sample8	sample9
13	106364734	M10149	0	0	0.0006	0.0003	0.0004	0.0005	0.1019	0.0004	0.0002	0.0005
20	43177565	M10168	0	0.0002	0.0003	0.0002	0.0002	0.0007	0.0003	0.0001	0.0005	0.3573
15	60891412	M10147	0	0.0005	0.4679	0.1645	0.0003	0.0005	0.0463	0	0.044	0.0003
2	221098048	M10146	0	0.0003	0.0003	0.0254	0.0002	0.0003	0.0432	0.0002	0.0003	0.0004
20	40219265	M10160	0	0.0006	0.0004	0.0952	0.0003	0.0002	0.0003	0.0004	0.0008	0.0005
20	36702969	M10150	0	0.0003	0.0002	0.1836	0.0004	0.0006	0.0004	0.0003	0.0003	0.0004
23	25323887	M10143	0	0.0008	0.0005	0.0916	0.2587	0.0003	0.0001	0.0003	0.1919	0.0002
7	88303395	M10135	0	0.0005	0.0003	0.0003	0.1145	0.0003	0.0003	0.0003	0.0004	0.0001
8	61942343	M10123	0	0.0004	0.0002	0.3047	0.3766	0.0003	0.311	0.4371	0.1985	0.4457
15	78119405	M10133	0	0.0006	0.0007	0.0001	0.1057	0.0005	0.0004	0.0002	0.0005	0.0005
5	136782256	M10148	0	0.0004	0.0001	0.0005	0.0005	0.0004	0.0005	0.3571	0.0007	0.0006
6	114488257	M10156	0	0.0002	0.4656	0.0004	0.0005	0.0001	0.0003	0.0001	0.0006	0.0003
15	44669672	M10164	0	0.0006	0.0002	0.1892	0.0004	0.0002	0.0006	0.0003	0.0002	0.0001
12	72353629	M10163	0	0.4771	0.0004	0.0002	0.0816	0.0006	0.0008	0.0004	0.0002	0.0003
5	89588874	M10165	0	0.0003	0.0005	0.0011	0.0002	0.0001	0.0002	0.0799	0	0.0794
22	27580484	M10140	0	0.0003	0.0003	0.3043	0.265	0.0003	0.316	0.0802	0.1961	0.4351
11	70082302	M10162	0	0.0003	0.0002	0.0001	0.0007	0.0003	0.043	0.0004	0.0005	0.0006
1	147813540	M10141	0	0.0004	0.4635	0.1699	0.0004	0.0005	0.0434	0.0003	0.0478	0.0002
3	114712563	M10152	0	0	0.4581	0.0003	0.0001	0.0002	0.0005	0.0006	0	0.0003
4	167455933	M10122	0	0.0006	0.4613	0.463	0.3807	0.4875	0.4659	0.4319	0.2424	0.4414
13	48393156	M10154	0	0.0002	0.0005	0.0006	0.2626	0.0001	0.0007	0.0001	0.1963	0.0003
20	41352218	M10159	0	0.0003	0.0002	0.0004	0.0007	0.0007	0.2735	0.0857	0.0003	0.4392
20	49010496	M10169	0	0.0003	0.0005	0.0001	0.0815	0.0003	0.0002	0.0002	0.0005	0.0005
17	71212929	M10155	0	0.0008	0.0004	0.0002	0.0004	0.0002	0.0414	0.0005	0.0447	0.0002
