#chrom	pos	desc	normal	sample1	sample2	sample3	sample4	sample5	sample6	sample7	sample8	sample9	sample10	sample11	sample12	sample13	sample14
5	155524570	M10241	0	0	0.1051	0	0.0685	0	0	0.1711	0.2207	0	0	0	0	0	0
9	25453370	M10254	0	0	0	0.4444	0.2175	0	0	0.1388	0	0	0.1151	0	0	0.1023	0
1	248564877	M10243	0	0.2313	0	0	0	0	0.3547	0	0	0	0	0.444	0	0	0
14	44678166	M10260	0	0	0	0	0	0.1295	0	0	0	0	0.0427	0	0	0	0
21	4806051	M10245	0	0	0	0	0	0.0331	0.0671	0	0	0	0	0	0	0	0
18	31294540	M10253	0	0.2313	0	0	0	0	0.3547	0	0	0	0	0.444	0	0	0
1	243052027	M10235	0	0.1871	0.312	0	0.1163	0.0331	0.0671	0	0.0024	0.4563	0.2774	0.0022	0.2565	0.2381	0.4303
23	23045517	M10240	0	0	0.258	0	0	0	0	0	0	0.2686	0.1562	0	0	0.1393	0
16	63519123	M10252	0	0	0	0	0.0955	0	0	0	0	0.1877	0	0	0	0.0897	0
6	28023027	M10256	0	0	0	0	0.0956	0	0	0	0	0	0	0	0	0	0
16	56725965	M10242	0	0	0	0	0	0	0	0	0.0024	0	0	0.0022	0.0015	0	0.0089
13	53988541	M10233	0	0.2313	0	0.4444	0.2175	0.4061	0.3547	0.2483	0.25	0	0.1579	0.444	0.1899	0.1837	0
21	9192325	M10251	0	0	0	0	0	0	0	0.1711	0	0	0	0	0	0	0
5	113023493	M10255	0	0.1871	0	0	0	0	0	0	0	0	0.1213	0	0.255	0	0
14	51402459	M10244	0	0	0	0	0	0	0	0	0.25	0	0	0	0	0	0
18	33271999	M10237	0	0.1871	0.312	0	0.1163	0.0331	0.0671	0	0.0024	0.4563	0.2774	0.0022	0.2565	0.2381	0.4303
11	111359616	M10236	0	0.2313	0	0	0	0.4061	0.3547	0.1094	0.25	0	0.0427	0.444	0.1899	0.0814	0
5	158173957	M10258	0	0	0	0	0	0	0.3547	0	0	0	0	0	0	0	0
5	52599960	M10250	0	0	0.054	0	0	0	0	0	0	0	0	0	0	0	0.4214
6	76889384	M10239	0	0	0.258	0	0	0	0	0	0.0024	0.2686	0.1562	0.0022	0.0015	0.1393	0.0089
