#chrom	pos	desc	normal	sample1	sample2	sample3	sample4	sample5	sample6	sample7	sample8	sample9
5	155524570	M10241	0	0	0.1749	0	0.1996	0	0	0	0	0
9	25453370	M10254	0	0	0.1416	0	0	0	0.3186	0	0	0
1	248564877	M10243	0	0.3204	0.1744	0	0	0	0	0.3662	0.4176	0
14	44678166	M10260	0	0	0	0	0	0	0.1513	0.1042	0	0.1286
5	28988172	M10261	0	0.0252	0	0	0	0	0	0	0	0
21	4806051	M10245	0	0	0	0	0	0.0233	0	0	0	0
1	243052027	M10235	0	0.1013	0.0008	0.1047	0	0.2832	0	0.0016	0	0
18	31294540	M10253	0	0	0	0	0	0	0	0.3662	0	0
6	28023027	M10256	0	0	0	0	0	0	0.3186	0	0	0
16	56725965	M10242	0	0.0017	0.0007	0.1047	0	0	0	0.0016	0	0
13	53988541	M10233	0	0.3204	0.316	0	0.2258	0.1947	0.4699	0.4703	0.4176	0.4024
21	9192325	M10251	0	0	0.1749	0	0	0	0	0	0	0
14	51402459	M10244	0	0	0	0	0.2258	0	0	0	0	0
5	113023493	M10255	0	0	0	0	0	0.2599	0	0	0	0
18	33271999	M10237	0	0.1013	0.0008	0.1047	0	0.2832	0	0.0016	0	0
11	111359616	M10236	0	0.3204	0.1744	0	0.2258	0.1947	0.1513	0.4703	0.4176	0.4024
21	50523133	M10247	0	0	0	0.3607	0.0078	0	0.0088	0	0	0
6	76889384	M10239	0	0.0017	0.0008	0.1047	0	0	0	0.0016	0	0
5	52599960	M10250	0	0.0996	0	0	0	0	0	0	0	0
10	135508491	M10257	0	0.3204	0.1744	0	0	0	0	0	0.4176	0
