#chrom	pos	desc	normal	sample1	sample2	sample3	sample4	sample5	sample6	sample7	sample8	sample9
5	155524570	M10241	0	0.001	0.161	0.001	0.218	0	0.001	0.001	0	0
9	25453370	M10254	0	0	0.151	0	0	0	0.307	0	0	0
1	248564877	M10243	0	0.31	0.168	0	0	0	0	0.354	0.418	0
14	44678166	M10260	0	0	0.001	0.001	0.001	0	0.138	0.106	0	0.151
5	28988172	M10261	0	0.022	0.001	0	0	0	0.001	0	0	0.001
21	4806051	M10245	0	0	0	0.003	0	0.026	0	0.002	0.001	0
1	243052027	M10235	0	0.105	0	0.09	0	0.262	0	0.002	0	0
18	31294540	M10253	0	0.001	0	0	0.001	0	0.002	0.362	0	0
6	28023027	M10256	0	0	0	0	0	0	0.295	0	0.001	0.001
16	56725965	M10242	0	0.001	0	0.115	0	0	0	0.002	0	0
13	53988541	M10233	0	0.327	0.304	0	0.241	0.193	0.514	0.445	0.412	0.408
21	9192325	M10251	0	0.002	0.175	0	0.001	0	0	0	0.001	0
14	51402459	M10244	0	0.001	0	0	0.216	0	0	0.001	0	0.001
5	113023493	M10255	0	0.001	0	0.001	0.001	0.267	0	0	0.001	0
18	33271999	M10237	0	0.099	0.001	0.12	0	0.282	0	0.003	0	0
11	111359616	M10236	0	0.336	0.172	0.001	0.238	0.193	0.158	0.445	0.417	0.411
21	50523133	M10247	0	0	0	0.348	0.006	0	0.008	0	0	0
6	76889384	M10239	0	0.003	0.001	0.103	0	0	0	0.005	0	0
5	52599960	M10250	0	0.109	0	0.001	0.001	0.001	0	0	0.001	0
10	135508491	M10257	0	0.335	0.186	0.001	0.001	0	0	0	0.399	0
