#chrom	pos	desc	normal	sample1	sample2	sample3	sample4	sample5	sample6	sample7	sample8	sample9	sample10	sample11	sample12	sample13	sample14
5	155524570	M10241	0	0.002	0.111	0	0.061	0	0	0.174	0.206	0	0	0	0.001	0	0.001
9	25453370	M10254	0	0	0.001	0.445	0.21	0	0.001	0.114	0	0	0.109	0	0	0.111	0
1	248564877	M10243	0	0.229	0	0	0	0.002	0.343	0	0.001	0	0	0.493	0.002	0	0
14	44678166	M10260	0	0	0.001	0	0.001	0.129	0	0	0	0.002	0.04	0.001	0	0	0
21	4806051	M10245	0	0	0	0	0.001	0.027	0.069	0	0	0	0	0	0.001	0	0.001
18	31294540	M10253	0	0.205	0	0.001	0	0	0.354	0.001	0	0	0	0.455	0	0	0
1	243052027	M10235	0	0.206	0.316	0	0.116	0.027	0.069	0	0.004	0.459	0.248	0	0.249	0.225	0.45
23	23045517	M10240	0	0	0.25	0	0	0	0	0	0	0.277	0.152	0	0.001	0.129	0
16	63519123	M10252	0	0	0	0	0.097	0	0.002	0.001	0	0.203	0	0	0	0.076	0
6	28023027	M10256	0	0.001	0.001	0	0.092	0.002	0	0	0.001	0	0	0.001	0	0	0
16	56725965	M10242	0	0	0.001	0	0.001	0	0	0	0.003	0	0	0.002	0.003	0.001	0.009
13	53988541	M10233	0	0.22	0.001	0.445	0.22	0.408	0.37	0.258	0.242	0	0.143	0.468	0.182	0.191	0
21	9192325	M10251	0	0	0	0	0	0.001	0	0.143	0	0	0	0	0	0	0.001
5	113023493	M10255	0	0.221	0.001	0.001	0	0	0	0.001	0	0	0.13	0	0.254	0	0.001
14	51402459	M10244	0	0	0	0	0	0	0	0	0.227	0.001	0.001	0	0	0	0
18	33271999	M10237	0	0.198	0.335	0.002	0.115	0.036	0.075	0	0.003	0.48	0.284	0.003	0.26	0.24	0.445
11	111359616	M10236	0	0.228	0	0	0	0.417	0.368	0.112	0.259	0.001	0.041	0.458	0.165	0.087	0
5	158173957	M10258	0	0.001	0	0	0	0.002	0.365	0	0	0	0	0	0	0	0
5	52599960	M10250	0	0	0.062	0.001	0	0	0.001	0	0	0	0	0.001	0	0	0.429
6	76889384	M10239	0	0	0.254	0	0	0	0	0	0.003	0.268	0.15	0.002	0.002	0.144	0.018
