#chrom	pos	desc	normal	sample1	sample2	sample3	sample4	sample5	sample6	sample7	sample8	sample9	sample10	sample11	sample12	sample13	sample14
5	155524570	M10241	0	0.0003	0.0981	0.0005	0.0738	0.0006	0.0006	0.1733	0.218	0.0002	0.0002	0.0003	0.0002	0.0003	0.0004
9	25453370	M10254	0	0.0004	0.0003	0.451	0.2165	0.0008	0.0001	0.1334	0.0004	0.0003	0.1192	0.0003	0.0004	0.1065	0.0002
1	248564877	M10243	0	0.2345	0.0004	0.0004	0.0004	0.0005	0.3446	0.0005	0.0002	0.0002	0.0001	0.4483	0.0007	0.0005	0.0006
14	44678166	M10260	0	0.0001	0.0004	0.0006	0.0003	0.1318	0.0004	0.0001	0.0001	0.0003	0.0435	0.0001	0.0004	0.0007	0.0003
21	4806051	M10245	0	0.0007	0.0003	0.0007	0.0006	0.0335	0.0692	0.0001	0.0005	0.0006	0.0002	0.0004	0.0004	0.0003	0.0004
18	31294540	M10253	0	0.2335	0.0004	0.0001	0.0003	0.0004	0.3507	0.0001	0.0002	0.0001	0	0.4406	0.0004	0.0004	0.0004
1	243052027	M10235	0	0.1879	0.3094	0.0002	0.1129	0.0316	0.07	0.0003	0.0018	0.4585	0.279	0.0033	0.2649	0.2368	0.4252
23	23045517	M10240	0	0.0001	0.2637	0.0004	0.0002	0.0006	0.0004	0.0002	0.0001	0.2732	0.1522	0.0002	0.0002	0.1395	0.0002
16	63519123	M10252	0	0.0003	0.0004	0.0001	0.0942	0.0006	0.0003	0	0.0004	0.1829	0.0004	0.0002	0.0003	0.0938	0.0004
6	28023027	M10256	0	0.0001	0.0002	0.0007	0.0993	0.0003	0.0002	0.0003	0.0003	0.0002	0.0008	0.0005	0.0003	0.0006	0.0005
16	56725965	M10242	0	0.0001	0.0003	0.0003	0.0006	0.0002	0.0001	0.0004	0.003	0.0002	0.0003	0.0029	0.0016	0.0006	0.0074
13	53988541	M10233	0	0.2212	0.0002	0.449	0.2186	0.4002	0.3536	0.2501	0.2579	0.0002	0.1622	0.4494	0.1882	0.1838	0
21	9192325	M10251	0	0.0003	0.0006	0.0005	0.0003	0.0005	0.0004	0.1688	0.0002	0.0001	0.0005	0.0004	0.0004	0.0004	0.0003
5	113023493	M10255	0	0.1893	0.0001	0.0004	0.0002	0.0005	0.0005	0.0004	0.0005	0.0003	0.1189	0.0002	0.2469	0.0002	0.0002
14	51402459	M10244	0	0.0005	0.0002	0	0.0004	0.0002	0.0002	0.0004	0.2605	0.0003	0.0004	0.0005	0.0001	0.0003	0.0002
18	33271999	M10237	0	0.1813	0.3069	0.0002	0.1212	0.0316	0.0677	0.0002	0.0027	0.4553	0.2778	0.0025	0.2566	0.2365	0.4299
11	111359616	M10236	0	0.2339	0.0004	0.0002	0.0005	0.4046	0.3592	0.1097	0.2435	0.0004	0.0417	0.4437	0.1969	0.0815	0.0004
5	158173957	M10258	0	0.0002	0.0004	0.0004	0.0004	0.0003	0.3485	0.0001	0.0004	0.0005	0.0001	0.0002	0.0006	0.0002	0.0004
5	52599960	M10250	0	0	0.0545	0.0006	0.0002	0.0003	0.0003	0.0002	0.0004	0.0003	0.0003	0.0001	0.0003	0.0002	0.4189
6	76889384	M10239	0	0.0006	0.2535	0.0003	0.0003	0	0.0004	0.0002	0.003	0.2702	0.1611	0.0026	0.0017	0.1385	0.011
