#chrom	pos	desc	normal	sample1	sample2	sample3	sample4	sample5	sample6	sample7	sample8	sample9	sample10	sample11	sample12	sample13	sample14
16	89108193	M10583	0	0.0741	0	0.0005	0.0003	0.0003	0.1676	0.0003	0.0003	0.0007	0.0001	0.0004	0.0002	0.0002	0.0003
21	39980530	M10464	0	0.0007	0.1803	0.0001	0.0004	0.0004	0.0002	0.0001	0.0002	0.0002	0.0003	0.0002	0.0002	0.0005	0.0003
9	47470530	M10544	0	0.0004	0	0.0006	0.1431	0.0005	0.0007	0.0001	0.0003	0.0003	0.0008	0.0002	0.0002	0.0001	0.0004
23	46556463	M10476	0	0.0006	0.2323	0	0.0005	0.0002	0.0004	0.0005	0.0005	0.0003	0.0002	0.0002	0.0005	0.417	0.0003
6	28746000	M10490	0	0.0003	0.0002	0.0003	0.0204	0.0005	0.0003	0.0004	0.0003	0.0007	0.0003	0.0005	0.0004	0.0001	0.0001
15	28721171	M10453	0	0.2879	0.1803	0.3966	0.171	0.0004	0.2469	0.4315	0.4218	0.2079	0.2091	0.1235	0.4671	0.0002	0.4848
20	12389174	M10527	0	0.0758	0	0.0004	0.0004	0.0004	0.1686	0.0004	0.0003	0.0003	0.0001	0.0684	0.0004	0.0004	0.0006
4	179087459	M10470	0	0.0003	0.0004	0.4107	0.0002	0.0002	0.0005	0.0004	0.4225	0.0003	0.0002	0.0006	0.0003	0.0005	0.2811
15	106708893	M10462	0	0.1297	0.0002	0.0002	0.1357	0.0001	0.0002	0.0005	0.0003	0.1975	0.0004	0.0592	0.0006	0.0002	0.0007
12	78876332	M10517	0	0.0004	0.0003	0.0004	0.0001	0.0001	0.0005	0.0001	0.4252	0.0003	0.0002	0.0001	0.0003	0.0002	0.0004
9	23571894	M10558	0	0.0003	0.0007	0.0006	0.0003	0.0001	0.0003	0.0001	0.0002	0.0004	0.0003	0.0764	0.0002	0.0005	0.0002
6	111893789	M10466	0	0.2829	0.0001	0	0.0004	0.0005	0.2452	0.0005	0.0001	0.0001	0.2093	0.0001	0.3072	0.0002	0.0001
4	130542341	M10503	0	0.0003	0.0003	0.4029	0.0005	0.0003	0.0001	0.0003	0.0003	0.0003	0.0002	0.0003	0.0008	0.0003	0.2786
4	2645321	M10539	0	0.0003	0	0.0006	0.1042	0.0004	0.0002	0.0004	0.0005	0.0004	0.0003	0.0005	0.0001	0.0004	0.0001
21	33936139	M10496	0	0.0003	0.0003	0.0006	0.0002	0.399	0.0005	0	0.0005	0.0005	0.1821	0.0004	0.0005	0.0004	0.0004
17	53449782	M10486	0	0.0004	0.0003	0.0004	0.0003	0.3987	0.0002	0.0006	0.0004	0.0001	0.1763	0.0003	0.0001	0.0004	0.0003
5	39508288	M10578	0	0.0003	0.0001	0.0002	0.0006	0.0003	0	0.0002	0.0003	0.0001	0.0004	0.0002	0.1606	0.0004	0.0002
18	75399772	M10478	0	0.0002	0.0002	0.0003	0.0003	0.0003	0.0002	0.0006	0.0001	0.0002	0.0006	0.0003	0.0003	0.3975	0.0003
16	87697782	M10516	0	0.0006	0.0002	0.0001	0.1551	0.0006	0.0002	0.0008	0.0005	0.2085	0.0002	0.0002	0.0002	0.0002	0.1932
2	152288101	M10493	0	0.0003	0.0006	0.0006	0.0967	0.0004	0.0006	0.0005	0.0006	0.0011	0.0004	0.1419	0.0002	0.0005	0.0001
11	12502418	M10523	0	0.0001	0.0002	0.0005	0.0001	0.0001	0.0004	0.0005	0.0003	0.0002	0.089	0.0003	0.0004	0.0001	0.0001
15	76304291	M10494	0	0.1213	0.0005	0.0004	0.0005	0.0002	0.0005	0.0003	0.0003	0.2106	0.0003	0.0002	0.0002	0.0002	0.0007
15	103441425	M10454	0	0.2642	0.1866	0.3953	0.0003	0.0004	0.2127	0.079	0.4188	0.0002	0.1618	0.0005	0.3088	0.0003	0.2729
22	42814611	M10501	0	0.0005	0.2323	0.0006	0.0003	0.0004	0.0004	0.0002	0.0004	0.0002	0.0002	0.0002	0.0004	0.0002	0.0003
12	81834178	M10528	0	0.0006	0.0001	0.0001	0.0005	0.0001	0.0002	0.0003	0.0004	0.0002	0.0002	0.0691	0.0003	0.0002	0.0005
10	43348897	M10542	0	0.0003	0.0003	0.0003	0.0002	0.0003	0.0005	0.0002	0.0006	0.0003	0.0004	0.0725	0.0004	0.0009	0.0004
14	112762542	M10487	0	0.0001	0.0002	0.4099	0.0002	0.0001	0.0003	0.0004	0.4249	0.0006	0.0005	0.0004	0.0001	0.0003	0.2772
9	61177584	M10556	0	0.0007	0.0003	0.0005	0.0005	0.0002	0.0005	0.0003	0.0001	0.214	0.0004	0.0004	0.0005	0.0004	0.0004
3	113273763	M10541	0	0.0005	0.0007	0.0004	0.0003	0.0005	0.0004	0.0004	0.4289	0.0002	0.0003	0.0006	0.0003	0.0003	0.0002
3	55800467	M10521	0	0.0004	0.0003	0.0004	0.0008	0.0005	0.0002	0.0002	0.0002	0.0004	0.0003	0.0002	0.0004	0.4058	0.0002
22	942583	M10472	0	0.0002	0	0.0001	0.0005	0.0006	0.0004	0.0509	0.0008	0	0.0004	0.0004	0.1196	0.0003	0
14	48908941	M10485	0	0.0004	0.0002	0.0001	0.1514	0.0001	0.0004	0	0.0007	0.208	0.0003	0.0006	0.0002	0.0003	0.2046
12	99958799	M10531	0	0.0002	0.0002	0	0.0006	0.0002	0.0004	0.0004	0.0005	0.0002	0.0001	0.1221	0.0004	0.0004	0.0004
14	6957706	M10530	0	0.0002	0.0003	0.0008	0.0215	0.0002	0.0004	0.0003	0.0004	0.0003	0.0005	0.0006	0.0004	0.0002	0.0002
9	142713134	M10559	0	0.0005	0.0002	0.0002	0.0005	0.0005	0.0005	0.2765	0.0003	0.0001	0.0003	0.0005	0.0004	0	0.0007
3	75705723	M10545	0	0.0004	0.0001	0.0005	0.0002	0.0001	0.0003	0.0523	0.0007	0	0.0004	0.0004	0.0005	0.0002	0.0004
7	122145989	M10481	0	0.1246	0.0002	0.0001	0.0004	0.0001	0.0001	0.0002	0.0001	0.0005	0.2103	0.0002	0.0002	0.0002	0.0003
11	76092559	M10473	0	0.1558	0.0004	0.0006	0.0004	0.0003	0.0004	0.0004	0.0004	0	0.0002	0.0002	0.3137	0	0.0002
1	118024569	M10471	0	0.0005	0.2266	0.0003	0.0005	0.0003	0.0002	0.0001	0.0006	0.0005	0.0004	0	0.0002	0.4051	0.0005
4	136659856	M10581	0	0.0001	0.0002	0.0004	0.1518	0.0003	0.0002	0.0005	0.0002	0.0002	0.0004	0.0004	0.0004	0.0003	0.1994
12	87338276	M10505	0	0.0001	0.0005	0.0003	0.0004	0.0003	0.0005	0.0003	0.0003	0.0004	0.0001	0.0003	0.0001	0.4102	0
3	2293291	M10538	0	0	0.0006	0.4081	0.0006	0.0001	0.0004	0.0006	0	0.0002	0.0002	0.0003	0.0004	0.0003	0.2806
20	20592288	M10535	0	0.0005	0.0007	0.0003	0.0003	0.0004	0.2415	0.0001	0.0004	0.0001	0.0004	0.0003	0.0009	0.0002	0.0005
2	152219140	M10455	0	0.0729	0.0003	0.0001	0.1033	0.4037	0.1718	0.0002	0.0004	0	0.2709	0.2169	0.0003	0.0002	0.0003
9	2872580	M10526	0	0.0001	0.0004	0.0003	0.0009	0.0005	0.0003	0.0002	0.0003	0.0007	0.0004	0.0002	0.0002	0.4048	0.0002
14	42076279	M10468	0	0	0.0002	0.0002	0.0001	0.3984	0.0005	0	0.0003	0.0003	0.2686	0.0006	0.0002	0.0002	0.0004
23	19688183	M10500	0	0.0005	0.0003	0.0004	0.0001	0.0006	0.0003	0	0.0003	0.0002	0.0006	0.0004	0.1477	0.0002	0.0002
16	99508981	M10525	0	0.0001	0.2306	0.0006	0.0009	0.0002	0.0003	0.0005	0.0005	0.0001	0.0002	0.0004	0.0007	0.0005	0
19	38952501	M10479	0	0.001	0.0002	0.0001	0.0004	0.0004	0.0001	0.0008	0.0003	0	0.0004	0.1276	0.0003	0.0003	0.0002
4	186914264	M10469	0	0.1342	0.0004	0.0004	0.1474	0	0.0002	0.0002	0.0001	0.2129	0.0004	0.0002	0.0004	0.0004	0.0006
9	134088531	M10553	0	0.0005	0.0001	0.0007	0.0007	0.0004	0.0003	0.0002	0.418	0.0001	0.0003	0.0006	0.0005	0.0003	0.0001
16	459447	M10515	0	0.0003	0.0004	0.0004	0.0004	0.0001	0.0004	0.0004	0.0002	0.0004	0.0006	0.1227	0.0002	0.0006	0.0002
11	33431716	M10467	0	0.0004	0.0005	0.3984	0	0.0005	0.0006	0.0005	0.4183	0.0003	0.0003	0	0.0004	0.0004	0.2798
4	55482352	M10582	0	0.0002	0.0001	0.0006	0.0002	0.0003	0.0004	0.0005	0.0005	0.0007	0.0001	0.0001	0.0004	0.4038	0
