#chrom	pos	desc	normal	sample1	sample2	sample3	sample4	sample5	sample6	sample7	sample8	sample9	sample10	sample11	sample12	sample13	sample14
16	89108193	M10583	0	0.074	0	0.001	0	0.001	0.185	0	0.002	0	0	0.001	0.002	0.001	0
21	39980530	M10464	0	0	0.172	0	0	0.001	0.002	0.001	0	0.001	0	0	0	0	0
9	47470530	M10544	0	0	0.001	0	0.155	0	0	0.002	0	0.001	0.001	0	0	0	0
23	46556463	M10476	0	0	0.228	0.001	0	0	0	0.001	0	0	0.001	0.001	0	0.395	0
6	28746000	M10490	0	0	0	0	0.029	0	0	0	0	0	0	0	0	0	0
15	28721171	M10453	0	0.273	0.202	0.411	0.186	0.001	0.217	0.426	0.44	0.189	0.207	0.106	0.469	0	0.466
20	12389174	M10527	0	0.085	0	0	0	0.001	0.169	0	0	0.001	0	0.07	0	0	0
4	179087459	M10470	0	0.001	0.001	0.43	0.001	0	0	0	0.423	0.001	0	0	0	0	0.27
15	106708893	M10462	0	0.124	0	0.001	0.166	0	0	0.001	0.002	0.222	0	0.055	0	0	0.001
12	78876332	M10517	0	0.001	0	0	0	0	0.001	0	0.397	0	0	0	0	0.001	0
9	23571894	M10558	0	0	0	0	0	0.001	0	0	0.001	0	0	0.081	0.001	0.001	0
6	111893789	M10466	0	0.301	0	0.001	0	0	0.234	0	0.001	0	0.2	0	0.309	0	0.001
4	130542341	M10503	0	0	0	0.4	0.001	0	0	0	0	0	0	0	0	0	0.291
4	2645321	M10539	0	0.001	0	0	0.096	0	0	0	0	0	0	0.001	0.001	0.001	0.001
21	33936139	M10496	0	0	0	0	0	0.423	0	0	0.001	0.001	0.183	0.002	0	0.001	0
17	53449782	M10486	0	0	0.001	0.002	0.001	0.391	0.001	0	0.001	0	0.181	0	0	0	0
5	39508288	M10578	0	0	0	0	0.002	0	0.001	0.002	0	0	0.001	0	0.148	0	0
18	75399772	M10478	0	0	0	0.001	0.001	0	0	0.001	0	0	0	0	0.001	0.418	0.001
16	87697782	M10516	0	0	0	0	0.154	0.001	0	0	0	0.202	0	0.001	0	0	0.188
2	152288101	M10493	0	0.001	0	0	0.096	0.001	0	0.001	0	0	0	0.14	0.001	0.001	0.002
11	12502418	M10523	0	0	0	0	0.001	0.001	0.002	0	0	0	0.096	0	0	0	0.001
15	76304291	M10494	0	0.139	0.001	0.001	0	0	0	0	0	0.19	0.001	0	0.001	0	0
15	103441425	M10454	0	0.27	0.188	0.396	0	0	0.222	0.071	0.385	0	0.178	0.001	0.313	0	0.271
22	42814611	M10501	0	0	0.222	0	0	0	0	0	0	0	0	0.001	0	0.001	0
12	81834178	M10528	0	0	0	0	0	0.002	0.002	0	0	0	0	0.076	0.001	0.001	0
10	43348897	M10542	0	0	0	0	0	0.001	0	0.001	0	0	0.001	0.058	0	0.001	0.001
14	112762542	M10487	0	0	0	0.399	0	0	0.001	0	0.407	0	0	0	0	0	0.253
9	61177584	M10556	0	0	0	0	0	0	0	0	0	0.211	0	0.001	0	0	0
3	113273763	M10541	0	0	0	0.002	0	0	0.001	0	0.411	0.001	0	0	0	0	0
3	55800467	M10521	0	0	0.001	0	0	0	0.001	0	0	0	0.001	0	0	0.412	0
22	942583	M10472	0	0	0.002	0.001	0	0	0	0.051	0	0	0	0	0.119	0	0
14	48908941	M10485	0	0	0	0	0.155	0	0	0	0	0.208	0.001	0.001	0	0.001	0.193
12	99958799	M10531	0	0	0	0.001	0	0	0	0	0.001	0	0	0.124	0	0	0
14	6957706	M10530	0	0	0	0	0.014	0.001	0	0	0	0	0	0	0	0.001	0
9	142713134	M10559	0	0	0.001	0	0	0	0	0.275	0.002	0	0	0	0.001	0	0.001
3	75705723	M10545	0	0	0.001	0	0.001	0.001	0	0.045	0	0.001	0.001	0	0	0	0
7	122145989	M10481	0	0.136	0.001	0.001	0.001	0	0	0	0.001	0	0.217	0.001	0.002	0	0.001
11	76092559	M10473	0	0.157	0	0.001	0	0	0	0	0	0.002	0	0	0.289	0	0.001
1	118024569	M10471	0	0.002	0.239	0	0.001	0.001	0	0	0	0	0.001	0	0	0.416	0
4	136659856	M10581	0	0	0	0	0.142	0	0	0.002	0	0	0	0	0	0.001	0.206
12	87338276	M10505	0	0.001	0	0	0	0	0	0.001	0	0	0	0.001	0	0.393	0
3	2293291	M10538	0	0.001	0	0.433	0.001	0	0	0	0	0.001	0	0	0.001	0	0.284
20	20592288	M10535	0	0	0	0	0	0	0.263	0.001	0	0	0	0	0.001	0	0
2	152219140	M10455	0	0.076	0	0	0.122	0.412	0.165	0	0	0	0.266	0.201	0	0	0
9	2872580	M10526	0	0	0	0.001	0	0.001	0.001	0	0	0.001	0.001	0	0	0.389	0
14	42076279	M10468	0	0.001	0	0	0	0.394	0	0	0.002	0	0.262	0	0	0	0
23	19688183	M10500	0	0	0.001	0.001	0	0	0	0.001	0.001	0	0	0.001	0.149	0	0.001
16	99508981	M10525	0	0.001	0.245	0	0	0	0	0	0	0	0	0	0.001	0.002	0.001
19	38952501	M10479	0	0	0	0	0	0	0.001	0	0	0	0	0.116	0.001	0	0.001
4	186914264	M10469	0	0.141	0	0.002	0.166	0	0.001	0	0.001	0.189	0.001	0.001	0	0	0
9	134088531	M10553	0	0	0	0	0	0	0	0	0.418	0	0	0.001	0	0	0
16	459447	M10515	0	0	0	0	0	0.001	0.002	0.001	0	0.001	0.002	0.117	0	0.001	0
11	33431716	M10467	0	0	0	0.395	0.001	0	0	0.001	0.407	0	0.001	0	0	0	0.283
4	55482352	M10582	0	0.001	0.001	0.001	0.001	0.001	0	0.001	0	0.001	0	0	0	0.415	0.002
