#chrom	pos	desc	normal	sample1	sample2	sample3	sample4	sample5	sample6	sample7	sample8	sample9
3	113273763	M10541	0	0	0	0	0.002	0.001	0.08	0.001	0	0.001
17	52996584	M10519	0	0	0.001	0	0	0.001	0.001	0	0.325	0
3	84890233	M10580	0	0.068	0	0.001	0.001	0	0	0.001	0	0
14	111305239	M10520	0	0	0.099	0	0	0	0	0	0	0
14	48908941	M10485	0	0	0	0.258	0	0.495	0.001	0	0	0
11	50823206	M10495	0	0.001	0	0.001	0	0.488	0	0	0.001	0
15	28721171	M10453	0	0.356	0.4	0.27	0.406	0.496	0.094	0.001	0.123	0.432
4	179087459	M10470	0	0.001	0.385	0	0.393	0	0.08	0	0	0.075
15	106708893	M10462	0	0.019	0.002	0	0	0	0	0	0.285	0
15	34555966	M10587	0	0	0.001	0	0.003	0	0.164	0	0	0
12	78876332	M10517	0	0.001	0	0	0	0	0.099	0	0	0.001
13	128382912	M10550	0	0	0.001	0.002	0	0	0.001	0	0.289	0
6	97998982	M10572	0	0.001	0	0.211	0.001	0	0	0	0	0
3	42658544	M10524	0	0	0	0.231	0	0	0.161	0	0	0
7	122145989	M10481	0	0	0	0.002	0.001	0	0	0.001	0.001	0.147
11	76092559	M10473	0	0.353	0	0.001	0	0.001	0	0	0.001	0
3	83085928	M10563	0	0	0	0	0	0.001	0	0	0.287	0
22	30428067	M10512	0	0.001	0	0	0.001	0	0	0.001	0	0.061
6	111893789	M10466	0	0.404	0	0	0	0.001	0	0.001	0.001	0.395
13	15383930	M10548	0	0	0.002	0.001	0	0	0	0	0	0.06
4	130542341	M10503	0	0	0.409	0	0.43	0	0	0	0.001	0.064
3	2293291	M10538	0	0	0	0.002	0.419	0.001	0.001	0	0	0.093
2	152219140	M10455	0	0.071	0.069	0.21	0	0	0.157	0.462	0	0.001
21	33936139	M10496	0	0.001	0.089	0.002	0	0.002	0.001	0	0.001	0
17	53449782	M10486	0	0	0.076	0.236	0	0	0.176	0.002	0	0
2	152288101	M10493	0	0.068	0	0.001	0	0	0	0.442	0	0
16	87697782	M10516	0	0	0.001	0.251	0.001	0	0.001	0	0	0.001
11	12656959	M10565	0	0	0	0	0	0.001	0.145	0	0.001	0
23	19688183	M10500	0	0.375	0.001	0	0	0	0	0.001	0	0
14	42076279	M10468	0	0	0.101	0.199	0	0	0.152	0.001	0	0.002
15	76304291	M10494	0	0	0	0	0	0.003	0	0	0.316	0.001
7	86207914	M10554	0	0	0	0.001	0	0.002	0.002	0.448	0	0
15	103441425	M10454	0	0.367	0.334	0	0.404	0	0.073	0.001	0.125	0.466
12	81834178	M10528	0	0.013	0	0	0	0	0	0.002	0	0.001
4	186914264	M10469	0	0.001	0.001	0.001	0	0	0	0.002	0.31	0
11	33431716	M10467	0	0	0.368	0	0.389	0.001	0.086	0.001	0	0.081
14	112762542	M10487	0	0	0.371	0.001	0.381	0	0.089	0	0.001	0.083
17	71993481	M10561	0	0	0	0.002	0	0.002	0	0	0	0.1
