#chrom	pos	desc	normal	sample1	sample2	sample3	sample4	sample5	sample6	sample7	sample8	sample9
3	113273763	M10541	0	0	0	0	0	0	0.0937	0	0	0
17	52996584	M10519	0	0	0	0	0	0	0	0	0.2908	0
3	84890233	M10580	0	0.0661	0	0	0	0	0	0	0	0
14	111305239	M10520	0	0	0.0845	0	0	0	0	0	0	0
14	48908941	M10485	0	0	0	0.2616	0	0.496	0	0	0	0
11	50823206	M10495	0	0	0	0	0	0.496	0	0	0	0
15	28721171	M10453	0	0.3672	0.3897	0.2616	0.401	0.496	0.0937	0	0.1303	0.4561
4	179087459	M10470	0	0	0.3897	0	0.401	0	0.0937	0	0	0.0841
15	106708893	M10462	0	0.0197	0	0	0	0	0	0	0.2908	0
15	34555966	M10587	0	0	0	0	0	0	0.1601	0	0	0
12	78876332	M10517	0	0	0	0	0	0	0.0937	0	0	0
13	128382912	M10550	0	0	0	0	0	0	0	0	0.2908	0
6	97998982	M10572	0	0	0	0.2142	0	0	0	0	0	0
3	42658544	M10524	0	0	0	0.2142	0	0	0.1738	0	0	0
7	122145989	M10481	0	0	0	0	0	0	0	0	0	0.1432
11	76092559	M10473	0	0.3672	0	0	0	0	0	0	0	0
3	83085928	M10563	0	0	0	0	0	0	0	0	0.2908	0
22	30428067	M10512	0	0	0	0	0	0	0	0	0	0.0633
6	111893789	M10466	0	0.3672	0	0	0	0	0	0	0	0.372
13	15383930	M10548	0	0	0	0	0	0	0	0	0	0.0633
4	130542341	M10503	0	0	0.3897	0	0.401	0	0	0	0	0.0841
3	2293291	M10538	0	0	0	0	0.401	0	0	0	0	0.0841
2	152219140	M10455	0	0.0661	0.0845	0.2142	0	0	0.1738	0.452	0	0
21	33936139	M10496	0	0	0.0845	0	0	0	0	0	0	0
17	53449782	M10486	0	0	0.0845	0.2142	0	0	0.1738	0	0	0
2	152288101	M10493	0	0.0661	0	0	0	0	0	0.452	0	0
16	87697782	M10516	0	0	0	0.2616	0	0	0	0	0	0
11	12656959	M10565	0	0	0	0	0	0	0.1601	0	0	0
23	19688183	M10500	0	0.3672	0	0	0	0	0	0	0	0
14	42076279	M10468	0	0	0.0845	0.2142	0	0	0.1738	0	0	0
15	76304291	M10494	0	0	0	0	0	0	0	0	0.2908	0
7	86207914	M10554	0	0	0	0	0	0	0	0.452	0	0
15	103441425	M10454	0	0.3444	0.3593	0	0.401	0	0.0799	0	0.1303	0.4561
12	81834178	M10528	0	0.0211	0	0	0	0	0	0	0	0
4	186914264	M10469	0	0	0	0	0	0	0	0	0.2908	0
11	33431716	M10467	0	0	0.3897	0	0.401	0	0.0937	0	0	0.0841
14	112762542	M10487	0	0	0.3897	0	0.401	0	0.0937	0	0	0.0841
17	71993481	M10561	0	0	0	0	0	0	0	0	0	0.0841
