#chrom	pos	desc	normal	sample1	sample2	sample3	sample4	sample5	sample6	sample7	sample8	sample9
12	74690196	M1228	0	0.001	0	0.281	0.169	0.238	0	0.206	0.081	0.001
3	174435905	M1385	0	0.001	0.001	0.079	0.001	0.001	0	0	0	0.001
14	5936328	M1293	0	0.001	0	0	0	0	0.177	0	0.059	0.001
13	7513030	M1419	0	0	0.001	0	0	0.033	0	0	0	0
11	71752529	M1224	0	0	0	0.001	0	0.048	0.001	0.141	0	0.111
9	83624455	M1294	0	0	0.001	0.078	0	0.035	0	0	0	0
6	67016646	M1289	0	0.214	0.001	0	0.198	0	0	0	0	0
22	20869548	M1353	0	0	0	0.078	0	0.001	0.001	0	0	0
13	123766287	M1371	0	0	0.001	0	0	0.057	0	0.002	0	0
10	49554942	M1455	0	0	0	0	0.001	0	0.164	0	0	0
1	38592839	M1282	0	0.001	0.001	0.38	0.198	0.32	0	0.202	0.092	0.001
22	964117	M1426	0	0.001	0	0.002	0.001	0	0.098	0.001	0.256	0
12	2949216	M1461	0	0	0	0	0	0.001	0.032	0	0	0
20	1276154	M1252	0	0	0	0.088	0	0.037	0.001	0	0.001	0
4	189999745	M1398	0	0	0	0	0.22	0	0	0	0.001	0.001
15	101070501	M1410	0	0	0	0	0.182	0.128	0.001	0.04	0.001	0
12	115054300	M1418	0	0	0	0.001	0.001	0	0.103	0.001	0.267	0.001
14	54326400	M1354	0	0.218	0	0	0.001	0	0	0	0	0
5	92575743	M1407	0	0	0	0.002	0	0.001	0.182	0	0	0
7	34718459	M1151	0	0.43	0	0.367	0.399	0.31	0.44	0.27	0.408	0.318
14	8768232	M1417	0	0	0	0.354	0	0.178	0.001	0.197	0	0
14	27408701	M1337	0	0.242	0	0.001	0.001	0	0	0	0	0.137
23	31083660	M1195	0	0.454	0.001	0	0.236	0	0.156	0.051	0.001	0.32
9	102304556	M1299	0	0.199	0	0	0	0.001	0	0	0	0
6	24298345	M1251	0	0.45	0	0	0.219	0	0.152	0.048	0	0.311
9	139221234	M1386	0	0.192	0	0	0.001	0.001	0	0	0	0
9	137123152	M1381	0	0	0	0.351	0.198	0.29	0.001	0.211	0.077	0
14	67273666	M1378	0	0	0.001	0.001	0	0.001	0.032	0	0	0
3	197451381	M1227	0	0.001	0	0.001	0	0	0.16	0	0.066	0.001
10	100472246	M1343	0	0	0	0	0	0	0	0	0.001	0.157
8	110250750	M1160	0	0.46	0	0.001	0.22	0.001	0.314	0.054	0.071	0.294
16	89374175	M1432	0	0.001	0.001	0.354	0	0.191	0	0.179	0.001	0.001
15	93663746	M1309	0	0	0.484	0	0.001	0.001	0	0	0	0
9	49260531	M1464	0	0	0	0.362	0	0.001	0	0	0	0
10	36219904	M1367	0	0.001	0	0	0	0.001	0.108	0	0.283	0
20	46274639	M1424	0	0	0	0	0.19	0.123	0.001	0.049	0	0
6	167216826	M1395	0	0	0.001	0	0.001	0.028	0	0.002	0	0
13	4663561	M1250	0	0.001	0	0.373	0.176	0.313	0.001	0.244	0.096	0
12	128747618	M1278	0	0.181	0	0	0.198	0	0.03	0	0.001	0
9	109382604	M1449	0	0	0	0.001	0.001	0.075	0	0.001	0	0.001
10	91370068	M1350	0	0.249	0	0.001	0	0	0	0	0	0
12	58006071	M1442	0	0	0	0.002	0	0.035	0	0	0	0
19	46742789	M1457	0	0	0	0.001	0	0	0.115	0	0.001	0.104
19	14816799	M1310	0	0	0	0	0	0	0.109	0	0.256	0
5	77830338	M1268	0	0.002	0	0.001	0.001	0.056	0	0.206	0	0.171
20	43481030	M1313	0	0.249	0	0	0	0	0.001	0	0	0.142
10	110413443	M1271	0	0.255	0.001	0	0	0	0.128	0.033	0	0.295
3	94447740	M1344	0	0	0.001	0	0.001	0.054	0	0.001	0.001	0.001
3	101060277	M1422	0	0.259	0	0	0.001	0.001	0.002	0	0	0
8	64007668	M1335	0	0	0.496	0	0	0.001	0	0	0	0
6	159466167	M1302	0	0	0.001	0	0.001	0.001	0.147	0	0.001	0
3	41066110	M1197	0	0	0.001	0.371	0.183	0.302	0	0.231	0.09	0
17	71231776	M1242	0	0.47	0.001	0.001	0.221	0	0.159	0.039	0	0.296
13	12968790	M1333	0	0	0	0.36	0.178	0.299	0.001	0.254	0.075	0.001
11	2241381	M1415	0	0	0.001	0	0	0	0.031	0.001	0	0
17	26163289	M1182	0	0	0	0	0	0	0.164	0	0.085	0.001
1	29236005	M1463	0	0	0	0	0.18	0.137	0	0	0	0
17	56849103	M1389	0	0	0.001	0	0	0	0.118	0.001	0.29	0
