#chrom	pos	desc	normal	sample1	sample2	sample3	sample4	sample5	sample6	sample7	sample8	sample9	sample10	sample11	sample12	sample13	sample14
1	3153461	M3871	0	0	0	0	0	0.0591	0	0.2152	0.1609	0	0.1542	0	0.0692	0	0
13	18528963	M3917	0	0	0	0	0	0.1353	0	0.0777	0.0833	0.1088	0	0	0	0.1473	0
3	112675118	M3887	0	0	0	0	0.1284	0	0	0	0	0	0	0	0	0	0
7	7993649	M3958	0	0	0	0	0	0	0.1481	0	0	0	0	0	0	0	0
7	37439456	M3924	0	0	0	0	0	0	0	0	0	0	0	0.1481	0	0	0
14	109134379	M3853	0	0	0	0	0	0	0.1481	0	0	0	0	0	0.1653	0	0
22	30915145	M3911	0	0	0	0	0	0	0	0.2152	0.1609	0	0	0	0	0	0
12	97538264	M3843	0	0.1273	0.0226	0.3577	0.4756	0.1945	0.3086	0.4444	0.2442	0.3372	0.4644	0.1481	0.3285	0.3923	0
13	10361105	M3842	0	0	0	0	0	0	0	0.0354	0	0	0	0	0	0	0
6	25811531	M3836	0	0.1291	0.4172	0.1029	0	0.2362	0.1481	0	0.18	0	0	0.3143	0.1653	0.0769	0
3	117619802	M3950	0	0.0465	0	0	0	0	0	0	0	0	0	0	0	0	0
3	97138787	M3862	0	0	0	0	0.0513	0	0	0	0	0	0	0	0	0	0
22	37373015	M3875	0	0	0.0226	0.1081	0	0.1353	0	0.2292	0.0833	0.2435	0	0	0	0.1473	0
13	12238217	M3892	0	0	0	0	0.1336	0	0.3086	0	0	0	0	0	0	0	0
5	51147618	M3858	0	0.0465	0	0	0	0	0	0	0	0	0	0	0	0.245	0
5	73322691	M3852	0	0.0808	0.0226	0.3577	0.4756	0.1353	0.3086	0.2292	0.0833	0.3372	0.3103	0.1481	0.2593	0.1473	0
23	37504899	M3838	0	0	0	0	0	0	0	0.0354	0	0	0	0	0	0	0
21	9670980	M3953	0	0	0	0	0	0.1353	0	0.0777	0.0833	0.1088	0	0	0	0	0
5	59192539	M3918	0	0	0	0	0	0.0591	0	0	0	0	0	0	0	0	0
11	79047790	M3908	0	0	0	0	0	0	0	0	0	0	0	0	0.0837	0	0
15	44859	M3869	0	0	0.0226	0.25	0	0.1353	0	0.2214	0.0833	0.2435	0	0	0	0.1473	0
17	84210964	M3854	0	0	0	0	0	0	0	0.0354	0	0	0	0	0	0	0
19	16511651	M3857	0	0.1291	0.4172	0.1029	0	0.208	0	0	0.1661	0	0	0.3143	0	0.067	0
4	57282653	M3942	0	0	0.0226	0	0	0	0	0	0	0	0	0	0	0	0
23	40259753	M3846	0	0	0	0	0	0	0	0.0354	0	0	0	0	0	0	0
20	11682773	M3899	0	0	0	0	0.0442	0	0	0	0	0	0	0	0	0	0
12	31795887	M3881	0	0	0	0	0.1336	0	0.3086	0	0	0	0	0	0	0	0
20	38551934	M3907	0	0	0	0	0	0	0	0.1515	0	0.1347	0	0	0	0	0
12	31280635	M3905	0	0.1291	0	0	0	0	0	0	0	0	0	0	0	0	0
7	26010377	M3835	0	0	0	0	0	0	0	0.0354	0	0	0	0	0	0	0
14	97380490	M3970	0	0	0	0	0	0	0	0.1515	0	0	0	0	0	0	0
22	39168931	M3910	0	0	0.0226	0.1081	0	0	0	0	0	0	0	0	0	0	0
10	112634376	M3845	0	0	0	0	0	0	0.1481	0	0	0	0	0	0.1653	0	0
13	12389349	M3851	0	0.0808	0.0226	0.3577	0.4756	0.1353	0.3086	0.2292	0.0833	0.3372	0.3103	0.1481	0.2593	0.1473	0
4	190637265	M3963	0	0	0.0226	0	0	0	0	0	0	0	0	0	0	0	0
12	3864142	M3936	0	0	0	0	0	0	0	0	0	0.1347	0	0	0	0	0
20	42291755	M3949	0	0.1291	0	0	0	0	0	0	0	0	0	0	0	0	0
21	28515225	M3879	0	0.1749	0	0	0	0	0	0	0	0.1025	0	0	0	0	0.4951
1	18173119	M3915	0	0	0	0	0	0	0	0.1515	0	0.1347	0	0	0	0	0
1	214145789	M3872	0	0.0808	0	0	0.262	0	0.3086	0	0	0	0	0	0.0837	0	0
21	8599360	M3912	0	0.1749	0	0	0	0	0	0	0	0	0	0	0	0	0
19	25751230	M3919	0	0	0	0.1077	0.1623	0	0	0	0	0	0	0	0.1756	0	0
11	131365426	M3891	0	0	0.0226	0.1081	0	0	0	0	0	0	0	0	0	0	0
3	121225623	M3897	0	0	0	0	0.1284	0	0	0	0	0	0	0	0	0	0
6	150003755	M3934	0	0	0	0.0929	0	0.1459	0	0	0	0	0	0	0	0	0
10	114776955	M3909	0	0.0465	0	0	0	0	0	0	0	0	0	0	0	0	0
8	94752814	M3922	0	0	0	0	0	0	0	0.2152	0	0	0	0	0	0	0
16	39532281	M3895	0	0	0	0.1418	0	0	0	0	0	0	0	0	0	0	0
13	55364981	M3880	0	0	0	0	0	0.0591	0	0	0	0	0.1542	0	0.0692	0	0
8	63942554	M3973	0	0	0	0	0	0	0	0	0	0.0937	0	0	0	0	0
20	22198374	M3923	0	0.1749	0	0	0	0	0	0	0	0	0	0	0	0	0
11	80339752	M3884	0	0.0465	0	0	0	0	0	0	0	0	0	0	0	0.245	0
20	28289026	M3926	0	0	0.0226	0.0976	0	0	0	0	0	0	0	0	0	0	0
16	4143654	M3945	0	0	0	0	0	0	0	0	0	0.0937	0	0	0	0	0
