#chrom	pos	desc	normal	sample1	sample2	sample3	sample4	sample5	sample6	sample7	sample8	sample9	sample10	sample11	sample12	sample13	sample14
1	3153461	M3871	0	0.001	0	0.001	0	0.071	0	0.225	0.165	0	0.168	0	0.085	0	0.001
13	18528963	M3917	0	0.001	0.001	0	0	0.154	0	0.083	0.081	0.104	0.001	0.001	0	0.143	0
3	112675118	M3887	0	0.002	0	0	0.123	0	0	0	0.002	0	0.001	0	0	0.001	0.001
7	7993649	M3958	0	0	0.001	0	0	0	0.132	0	0	0	0	0	0	0.001	0.001
7	37439456	M3924	0	0	0.001	0	0	0	0	0.001	0	0	0.001	0.139	0	0.001	0
14	109134379	M3853	0	0	0.001	0.001	0	0	0.126	0.001	0	0	0	0	0.159	0	0
22	30915145	M3911	0	0.002	0	0.001	0.001	0.001	0	0.216	0.18	0	0	0	0	0	0
12	97538264	M3843	0	0.137	0.027	0.372	0.46	0.202	0.313	0.429	0.225	0.322	0.468	0.141	0.325	0.4	0.001
13	10361105	M3842	0	0	0.001	0	0	0	0	0.035	0	0	0	0.001	0	0	0
6	25811531	M3836	0	0.119	0.405	0.1	0	0.234	0.146	0	0.165	0	0	0.336	0.147	0.071	0
3	117619802	M3950	0	0.051	0	0	0	0.001	0	0	0	0	0	0	0.001	0.001	0
3	97138787	M3862	0	0.001	0	0	0.042	0	0	0	0	0.001	0	0	0.001	0	0.001
22	37373015	M3875	0	0	0.025	0.125	0	0.131	0	0.233	0.076	0.237	0	0.001	0	0.139	0.001
13	12238217	M3892	0	0	0.001	0.001	0.128	0	0.287	0	0	0	0	0	0	0	0
5	51147618	M3858	0	0.053	0	0	0.001	0.001	0.001	0.001	0.001	0	0.001	0.001	0	0.257	0
5	73322691	M3852	0	0.067	0.018	0.357	0.486	0.116	0.291	0.241	0.091	0.369	0.299	0.132	0.264	0.148	0
23	37504899	M3838	0	0	0	0.002	0.001	0	0	0.04	0	0.001	0	0	0	0	0
21	9670980	M3953	0	0	0	0.001	0	0.15	0	0.068	0.076	0.114	0	0.001	0	0	0.001
5	59192539	M3918	0	0.001	0	0	0	0.069	0.001	0	0	0	0	0	0.001	0	0
11	79047790	M3908	0	0	0.002	0.001	0	0	0	0.001	0	0	0	0	0.093	0	0
15	44859	M3869	0	0	0.022	0.247	0	0.121	0	0.229	0.088	0.218	0	0	0.002	0.146	0.001
17	84210964	M3854	0	0.001	0	0	0.001	0.001	0	0.038	0.001	0	0	0.001	0	0.001	0
19	16511651	M3857	0	0.123	0.416	0.1	0	0.22	0	0	0.181	0	0	0.312	0	0.053	0.001
4	57282653	M3942	0	0.001	0.018	0.002	0	0.001	0	0	0	0	0	0	0	0.001	0
23	40259753	M3846	0	0	0.001	0.001	0	0	0.001	0.036	0.001	0	0.001	0	0	0	0
20	11682773	M3899	0	0	0.001	0	0.052	0	0.001	0	0.002	0.001	0	0	0	0.001	0.001
12	31795887	M3881	0	0	0.001	0	0.149	0	0.28	0	0	0.002	0	0.001	0	0.002	0
20	38551934	M3907	0	0	0.001	0.001	0.001	0	0	0.145	0.001	0.116	0	0	0	0.001	0
12	31280635	M3905	0	0.129	0	0	0	0	0	0	0.001	0.001	0	0	0	0	0.001
7	26010377	M3835	0	0	0	0.001	0	0	0	0.034	0	0	0	0.001	0	0	0.001
14	97380490	M3970	0	0	0.001	0	0	0	0.001	0.155	0.002	0	0.001	0.001	0	0.001	0
22	39168931	M3910	0	0	0.023	0.109	0	0.001	0	0	0.001	0.001	0	0	0.001	0.001	0.001
10	112634376	M3845	0	0.002	0	0	0.001	0	0.16	0	0.001	0	0.001	0	0.161	0	0.001
13	12389349	M3851	0	0.091	0.017	0.379	0.464	0.118	0.323	0.252	0.076	0.335	0.314	0.158	0.274	0.14	0.001
4	190637265	M3963	0	0	0.025	0	0.001	0	0	0	0.001	0.001	0	0.001	0	0.001	0
12	3864142	M3936	0	0	0	0	0	0	0.001	0.001	0	0.126	0	0	0	0.001	0
20	42291755	M3949	0	0.154	0	0	0.002	0	0	0	0	0	0	0.001	0	0	0
21	28515225	M3879	0	0.175	0	0.001	0	0.002	0	0	0	0.116	0	0	0.001	0	0.505
1	18173119	M3915	0	0	0.001	0.001	0	0	0	0.171	0	0.144	0	0	0	0	0
1	214145789	M3872	0	0.101	0	0	0.259	0	0.303	0.002	0	0.001	0.001	0	0.099	0	0.002
21	8599360	M3912	0	0.187	0	0	0	0	0	0	0	0	0	0	0.001	0.001	0
19	25751230	M3919	0	0	0	0.111	0.162	0.002	0	0	0.001	0	0	0	0.161	0.001	0.001
11	131365426	M3891	0	0.001	0.035	0.101	0	0	0	0	0	0	0	0	0	0	0
3	121225623	M3897	0	0	0	0	0.147	0	0	0	0.001	0.002	0.001	0.001	0.001	0	0
6	150003755	M3934	0	0	0	0.093	0	0.148	0.001	0.001	0	0	0	0.001	0	0	0
10	114776955	M3909	0	0.043	0	0.001	0.001	0	0	0	0	0	0.001	0	0.002	0	0.002
8	94752814	M3922	0	0	0	0.001	0	0	0	0.224	0.001	0	0.002	0.001	0.001	0.001	0
16	39532281	M3895	0	0	0	0.125	0	0.001	0	0.001	0.001	0	0	0.001	0	0	0
13	55364981	M3880	0	0	0	0	0.001	0.053	0	0	0	0	0.163	0.003	0.06	0	0
8	63942554	M3973	0	0	0	0.001	0	0	0	0.001	0.002	0.092	0	0	0	0	0
20	22198374	M3923	0	0.178	0	0	0.001	0	0	0	0	0	0	0	0	0.002	0
11	80339752	M3884	0	0.053	0.001	0.001	0.001	0	0	0.001	0	0	0	0	0	0.232	0.001
20	28289026	M3926	0	0	0.027	0.111	0	0	0	0.001	0	0	0	0	0.001	0	0
16	4143654	M3945	0	0	0.001	0.001	0.001	0	0	0	0.001	0.105	0	0	0	0.001	0
