#chrom	pos	desc	normal	sample1	sample2	sample3	sample4	sample5	sample6	sample7	sample8	sample9	sample10	sample11	sample12	sample13	sample14
1	3153461	M3871	0	0	0.0004	0.0002	0.0005	0.0621	0.0003	0.2214	0.1577	0.0001	0.1462	0	0.0673	0.0006	0.0004
13	18528963	M3917	0	0.0002	0.0005	0.0005	0.0003	0.139	0.0002	0.081	0.0834	0.1105	0.0001	0.0004	0.0003	0.1472	0.0006
3	112675118	M3887	0	0.0004	0.0001	0.0002	0.1252	0.0002	0.0003	0.0007	0.0003	0.0002	0.0001	0.0006	0.0002	0.0001	0.0003
7	7993649	M3958	0	0.0004	0.0001	0.0005	0.0005	0.0003	0.1477	0.0001	0.0006	0.0005	0.0006	0.0004	0.0003	0.0004	0.0003
7	37439456	M3924	0	0.0006	0.0006	0.0004	0.0001	0.0005	0.0004	0.0001	0.0004	0.0001	0.0003	0.1477	0.0002	0.0001	0.0002
14	109134379	M3853	0	0.0004	0.0003	0	0.0007	0.0003	0.1486	0.0004	0.0003	0.0003	0.0005	0.0008	0.1653	0.0005	0.0006
22	30915145	M3911	0	0.0001	0.0007	0.0002	0.0001	0.0003	0.0003	0.2122	0.1594	0.0001	0.0004	0.0001	0.0006	0.0004	0.0008
12	97538264	M3843	0	0.1246	0.0241	0.3619	0.4662	0.2012	0.3066	0.4484	0.2469	0.3378	0.4551	0.1429	0.3214	0.3875	0.0003
13	10361105	M3842	0	0.0003	0.0002	0.0005	0.0002	0.0006	0.0001	0.0357	0.0003	0.0005	0.0005	0.0004	0.0005	0.0007	0.0005
6	25811531	M3836	0	0.1305	0.4117	0.1071	0.0004	0.2388	0.1506	0.0003	0.1749	0.0008	0.0007	0.3159	0.1643	0.0777	0.0002
3	117619802	M3950	0	0.048	0.0004	0.0002	0.0004	0.0002	0.0005	0.0007	0.0003	0.0005	0.0005	0.0003	0.0003	0.0006	0.0002
3	97138787	M3862	0	0.0005	0.0002	0.0002	0.051	0.0005	0.0001	0.0004	0.0002	0.0003	0.0005	0.0003	0.0002	0.0005	0.0006
22	37373015	M3875	0	0.0003	0.0224	0.1052	0.0003	0.1326	0.0002	0.2353	0.0837	0.2519	0.0003	0.0001	0.0005	0.147	0.0007
13	12238217	M3892	0	0.0002	0.0002	0.0004	0.1284	0.0003	0.3025	0.0005	0.0003	0.0004	0.0003	0.0002	0.0007	0.0003	0.0007
5	51147618	M3858	0	0.0485	0.0004	0.0003	0.0004	0.0005	0.0003	0.0004	0.0004	0.0004	0.0002	0.0002	0.0005	0.24	0.0001
5	73322691	M3852	0	0.0813	0.0216	0.3606	0.4716	0.1383	0.3116	0.2292	0.0793	0.3371	0.31	0.1436	0.2577	0.1488	0.0003
23	37504899	M3838	0	0	0.0001	0.0005	0.0007	0.0001	0.0004	0.0392	0.0005	0.0003	0.0003	0.0003	0.0004	0.0004	0.0005
21	9670980	M3953	0	0.0003	0.0005	0.0005	0.0003	0.1342	0.0004	0.079	0.0834	0.1073	0.0004	0.0002	0.0005	0.0004	0.0008
5	59192539	M3918	0	0.0004	0.0002	0.0004	0.0001	0.0596	0.0003	0.0003	0.0002	0.0001	0.0003	0.0001	0.0003	0.0003	0
11	79047790	M3908	0	0.0004	0.0007	0.0003	0.0002	0.0003	0.0003	0.0001	0.0002	0.0002	0.0003	0.0001	0.0825	0.0007	0.0005
15	44859	M3869	0	0.0002	0.0221	0.2485	0.0004	0.1401	0.0006	0.2265	0.0828	0.2449	0.0004	0.0004	0	0.1432	0.0004
17	84210964	M3854	0	0.0001	0.0001	0.0005	0.0004	0.0001	0.0004	0.0343	0.0003	0.0002	0.0004	0.0002	0.0004	0.0001	0.0003
19	16511651	M3857	0	0.1291	0.4198	0.1039	0.0003	0.2074	0.0004	0.0009	0.1658	0.0004	0.0004	0.3089	0.0002	0.0705	0.0002
4	57282653	M3942	0	0.0005	0.0242	0.0003	0	0.0005	0.0002	0.0001	0.0004	0.0003	0.0004	0.0005	0.0006	0.0008	0.001
23	40259753	M3846	0	0.0007	0.0003	0.0003	0.0003	0.0001	0.0002	0.0331	0.0003	0.0005	0.0001	0.0001	0.0002	0.0004	0.0005
20	11682773	M3899	0	0.0002	0.0002	0	0.043	0.0006	0	0.0001	0.0003	0.0004	0.0003	0.0007	0.0003	0.0001	0.0004
12	31795887	M3881	0	0.0001	0.0006	0.0002	0.1355	0.0003	0.3056	0.0004	0.0001	0.0002	0.0007	0.0003	0.0002	0.0004	0.0004
20	38551934	M3907	0	0.0001	0.0004	0.0006	0.0006	0.0003	0	0.1543	0.0002	0.1339	0.0002	0.0003	0.0004	0.0007	0.0003
12	31280635	M3905	0	0.1328	0.0001	0.0001	0.0002	0.0002	0.0004	0.0002	0.0001	0.0003	0.0004	0.0004	0.0002	0.0003	0.0002
7	26010377	M3835	0	0.0001	0.0003	0.0004	0.0002	0.0002	0.0002	0.0369	0.0004	0.0004	0.0003	0.0003	0.0001	0.0002	0.0003
14	97380490	M3970	0	0.0004	0.0003	0.0005	0.0006	0.0001	0.0002	0.1542	0.0003	0.0002	0	0.0003	0.0002	0.0001	0.0006
22	39168931	M3910	0	0.0006	0.024	0.1105	0.0005	0.0003	0.0006	0.0005	0.0002	0.0002	0.0002	0.0005	0.0002	0.0002	0.0004
10	112634376	M3845	0	0.0004	0.0002	0.0003	0.0006	0.0003	0.1474	0.0004	0.0007	0.0001	0.0003	0.0004	0.1611	0.0003	0
13	12389349	M3851	0	0.08	0.0213	0.3478	0.4772	0.1333	0.3119	0.2325	0.0786	0.3279	0.3116	0.1424	0.2642	0.1432	0
4	190637265	M3963	0	0.0005	0.0239	0.0006	0.0004	0.0003	0.0004	0.0005	0.0005	0.0002	0.0007	0.0002	0.0004	0.0005	0
12	3864142	M3936	0	0.0002	0.0004	0.0002	0.0001	0.0004	0.0005	0	0.0001	0.1294	0.0005	0.0004	0.0006	0.0002	0.0004
20	42291755	M3949	0	0.1282	0.0006	0.0004	0.0003	0.0001	0.0003	0.0002	0.0002	0.0001	0.0002	0.0003	0.0002	0.0004	0.0007
21	28515225	M3879	0	0.1753	0.0005	0.0001	0.0003	0.0003	0	0.0005	0.0004	0.1053	0.0002	0.0003	0.0005	0.0002	0.4964
1	18173119	M3915	0	0.0004	0.0003	0.0003	0.0004	0.0004	0.0006	0.1469	0.0002	0.1316	0.0001	0.0004	0.0002	0.0003	0.0005
1	214145789	M3872	0	0.0803	0.0004	0.0004	0.2652	0.0004	0.3084	0.0006	0.0004	0.0002	0	0.0007	0.0824	0.0005	0
21	8599360	M3912	0	0.1785	0.0002	0.0001	0.0004	0.0003	0.0003	0.0004	0.0003	0.0003	0.0004	0.0003	0.0002	0	0.0004
19	25751230	M3919	0	0.0003	0.0004	0.1099	0.1657	0.0002	0	0.0001	0.0002	0	0.0003	0.0003	0.17	0.0002	0.0002
11	131365426	M3891	0	0.0006	0.0251	0.1108	0.0003	0.0004	0.0004	0.0004	0.0004	0.0004	0.0002	0	0.0005	0.0003	0.0007
3	121225623	M3897	0	0.0002	0.0003	0	0.1274	0.0003	0.0003	0.0002	0.0001	0.0004	0.0001	0.0003	0.0005	0.0004	0.0004
6	150003755	M3934	0	0.0005	0.0003	0.0922	0.0003	0.1444	0.0002	0.0003	0.0009	0.0002	0.0006	0.0002	0.0005	0.0003	0.0001
10	114776955	M3909	0	0.0452	0.0003	0.0007	0.0003	0.0003	0.0001	0.0006	0.0003	0.0002	0.0002	0.0002	0.0006	0.0003	0.0002
8	94752814	M3922	0	0.0004	0.0004	0.0003	0.0003	0.0003	0.0002	0.2145	0.0005	0.0004	0.0003	0.0002	0.0005	0.0004	0.0003
16	39532281	M3895	0	0.0001	0.0001	0.1359	0.0005	0.0004	0.0001	0.0006	0.0008	0.0004	0.0001	0.0002	0	0.0001	0.0001
13	55364981	M3880	0	0.0004	0.0002	0.0005	0.0003	0.0579	0.0003	0.0005	0.0008	0.0007	0.1529	0.0003	0.0661	0.0006	0.0001
8	63942554	M3973	0	0.0001	0.0001	0.0001	0.0002	0.0002	0.0003	0.0003	0.0003	0.0918	0.0003	0.0005	0.0003	0.0002	0.0007
20	22198374	M3923	0	0.1766	0.0004	0.0002	0.0002	0.0002	0.0006	0.0003	0.0003	0.0003	0.0001	0.0005	0.0003	0.0002	0.0004
11	80339752	M3884	0	0.0479	0.0007	0.0004	0.0007	0.0004	0.0003	0.0003	0.0004	0.0002	0.0003	0.0006	0	0.238	0.0005
20	28289026	M3926	0	0.0004	0.0207	0.098	0	0.0002	0.0002	0.0002	0.0008	0.0003	0.0003	0.0004	0.0002	0.0006	0.0003
16	4143654	M3945	0	0.0007	0.0004	0.0003	0.0003	0.0006	0.0005	0.0004	0.0005	0.0924	0.0003	0.0004	0.0008	0.0001	0.0006
