#chrom	pos	desc	normal	sample1	sample2	sample3	sample4	sample5	sample6	sample7	sample8	sample9
16	26174457	M1751	0	0	0	0	0.187	0	0	0.127	0	0
19	44211488	M1746	0	0	0	0	0.2263	0.4385	0	0	0	0
7	146331060	M1758	0	0	0	0	0.187	0	0	0.127	0	0
15	103228643	M1762	0	0	0	0	0	0	0	0.0252	0	0
22	1890986	M1775	0	0	0	0	0	0	0.2363	0	0	0
4	114067079	M1717	0	0.3112	0.4585	0.1021	0.2665	0	0.2511	0.127	0.4112	0.0825
18	29850793	M1728	0	0	0	0.1698	0.2263	0.4385	0.2363	0	0	0
19	65928082	M1759	0	0	0	0	0.0034	0	0	0	0	0
18	35632507	M1765	0	0	0	0	0	0	0.2363	0	0	0
4	59879781	M1723	0	0.2646	0.4585	0	0.1864	0	0.2511	0.1081	0	0.0606
20	47227701	M1753	0	0	0	0	0.0034	0	0	0	0	0.3626
8	94604084	M1754	0	0	0	0	0	0	0	0.1019	0	0
18	34481758	M1774	0	0	0	0	0	0	0	0	0	0.0825
9	101102331	M1766	0	0.1803	0	0	0	0	0	0	0	0
18	17982548	M1750	0	0	0	0	0.0034	0	0	0	0	0.3626
1	162074352	M1748	0	0	0	0	0	0	0.2363	0	0	0
9	37228606	M1730	0	0	0	0	0.2263	0.4385	0.2363	0	0	0
3	53043235	M1757	0	0.1309	0.4585	0	0	0	0.2511	0	0	0.0825
