#chrom	pos	desc	normal	sample1	sample2	sample3	sample4	sample5	sample6	sample7	sample8	sample9	sample10	sample11	sample12	sample13	sample14
19	44211488	M1746	0	0.0001	0.1616	0.0005	0.0003	0	0	0.0003	0.0004	0.0004	0.0006	0.0004	0.0005	0.0001	0.0002
7	146331060	M1758	0	0.0005	0.0003	0.0003	0.0003	0.0004	0.0003	0.0004	0.0005	0.0004	0.0003	0.1736	0.3256	0.0006	0.0003
4	114067079	M1717	0	0.4564	0.0001	0.0002	0.0001	0.087	0.2039	0.0005	0.0855	0.0062	0.2032	0.1676	0.3299	0.4814	0.1553
20	61231992	M1742	0	0.0004	0	0.3338	0.0002	0.0006	0.2017	0.0002	0.0001	0.0003	0.0004	0.2328	0.1157	0.0002	0.0004
23	48846076	M1741	0	0.0003	0.0002	0.0005	0.0003	0.0004	0.0003	0.0004	0.0508	0.0001	0.0538	0.0002	0.0003	0.0871	0.0004
4	59879781	M1723	0	0.4495	0.0005	0.0006	0.0003	0.0001	0.2004	0.0003	0.0395	0.0002	0.0505	0.1713	0.3276	0.4792	0.1245
20	47227701	M1753	0	0.0003	0.0001	0.0003	0.4186	0.1461	0.0004	0.0002	0.0002	0.0003	0.0002	0.0004	0.0002	0.0004	0.0004
1	162074352	M1748	0	0.0005	0.0003	0.0539	0.0002	0.1932	0.0591	0.0003	0.0413	0.2136	0.2347	0.0283	0.0002	0.0004	0.0003
6	71515603	M1771	0	0.0002	0.0005	0.0514	0.0002	0.0001	0.0614	0.0002	0.0474	0.0004	0.0003	0.0263	0.0005	0.0002	0.0004
16	26174457	M1751	0	0.0003	0.0004	0.0007	0.0002	0.0004	0.0006	0.0004	0.0005	0.0004	0.0005	0.1687	0.3324	0.0007	0
14	9496441	M1767	0	0.0002	0.0005	0.0002	0.0008	0.0004	0.0003	0.0001	0.0001	0.0001	0.0421	0.0005	0.0006	0	0.0006
17	47545996	M1770	0	0.0004	0.0009	0	0.0005	0.0003	0.0003	0.0003	0.0004	0.0006	0.0004	0.0004	0.1289	0.0003	0.0005
22	1890986	M1775	0	0.0003	0.0002	0.0003	0.0002	0.0002	0.0002	0.0007	0.0002	0.2218	0.2343	0.0004	0.0002	0.0004	0.0004
19	74518432	M1749	0	0.0003	0	0.0005	0.0004	0.0004	0.1992	0.0005	0.0004	0.0002	0.0001	0.2328	0.0004	0	0.0005
20	50433805	M1744	0	0.0003	0.0002	0.0756	0.0002	0.0006	0.0001	0.0002	0.0002	0.0002	0.0002	0.0003	0.0005	0.0001	0.0002
22	35909596	M1772	0	0.0003	0.0004	0.0007	0.0001	0.0006	0.1704	0.0005	0.0002	0.0003	0.0005	0.2347	0.0004	0.0008	0.0003
18	29850793	M1728	0	0.0003	0.2508	0.3954	0.0001	0.2464	0.2578	0.4047	0.0382	0.4073	0.2364	0.2575	0.131	0.0001	0.0001
18	35632507	M1765	0	0.0002	0.0004	0.0004	0.0002	0.1893	0.0002	0.0006	0.0003	0.2225	0.2325	0.0001	0.0005	0.0003	0.0001
9	76289687	M1764	0	0.0003	0.0003	0.3437	0.0004	0.0004	0.0005	0.0003	0.0002	0.0001	0.0004	0.0005	0.0004	0	0.0002
16	2434905	M1776	0	0.0002	0.0004	0.0004	0.0006	0.0003	0.0681	0.0003	0.001	0.0002	0.0004	0.0003	0.0005	0.0001	0.0003
13	3154133	M1724	0	0.0003	0.0002	0.0004	0.0003	0.0004	0.0005	0.0003	0.0379	0.0003	0.0351	0.0003	0.0001	0.0001	0.0004
3	60160498	M1743	0	0	0.0004	0.0005	0.0001	0.0006	0.0002	0.0002	0.0513	0.0003	0.0493	0.0002	0.0003	0.0843	0.0004
16	24863364	M1721	0	0.0002	0.0004	0.0761	0.0002	0.0002	0.0003	0.0005	0.0006	0.0001	0.0005	0.0003	0.0006	0.0004	0.0003
18	34481758	M1774	0	0.0003	0.0005	0.0005	0.0004	0.0004	0.0268	0.0001	0.0002	0.0005	0.0007	0.0001	0.0006	0.0005	0.0003
18	17982548	M1750	0	0.0005	0.0006	0.0003	0.4319	0.1483	0.0004	0.0006	0.0004	0.0001	0.0008	0.0006	0.0004	0.0003	0.0002
9	101102331	M1766	0	0.0003	0.0004	0.0005	0.0006	0.0003	0.18	0.0004	0.0002	0.0001	0.0003	0.0002	0.0002	0.0001	0.0001
11	105831045	M1756	0	0.0001	0.0002	0.0003	0.0003	0.0445	0.0006	0.0004	0.0005	0.0001	0.0005	0.0006	0.0003	0.0001	0.0001
9	37228606	M1730	0	0.0003	0.1598	0.3886	0.0004	0.2002	0.2681	0.0003	0.0417	0.2204	0.2363	0.2573	0.1242	0.0003	0.0006
10	135466343	M1769	0	0.0001	0.0004	0.0002	0.0004	0.0844	0.0004	0.0004	0.0006	0.0002	0.0004	0.0001	0.0006	0.0001	0.0003
3	53043235	M1757	0	0.0002	0.0001	0.0005	0.0002	0.0002	0.0229	0.0003	0.0003	0.0003	0.0003	0.0003	0.0003	0.3964	0.0001
