#chrom	pos	desc	normal	sample1	sample2	sample3	sample4	sample5	sample6	sample7	sample8	sample9
9	97370091	M448	0	0.0003	0.0002	0.0004	0.0007	0.0003	0.0003	0.0003	0.0003	0.0788
9	81739782	M544	0	0.0005	0.0007	0.0005	0.0003	0.0003	0.0002	0.0147	0.0001	0.0005
7	15634007	M414	0	0.4246	0.3979	0.4401	0.464	0.2541	0.0002	0.4089	0.4291	0.0647
13	54647379	M424	0	0.0003	0.0003	0.0005	0.0005	0.1159	0.1638	0.01	0.0003	0.0004
9	120049693	M632	0	0.0004	0.0003	0.0005	0.0007	0.0002	0.1655	0.0003	0.0007	0.0004
16	14284469	M599	0	0.0006	0.1591	0.0002	0.0001	0.0001	0.0001	0.0003	0.0003	0.0001
6	42933792	M466	0	0.0004	0.0001	0.0003	0.0003	0.0001	0.0006	0.0004	0.0001	0.0799
16	81666993	M422	0	0.4319	0	0.0004	0.0003	0.0892	0.0002	0.4061	0.0006	0.0004
1	243486798	M634	0	0.0005	0.0003	0.0006	0.0003	0.0004	0.0002	0.0002	0.4304	0.0004
7	107688432	M481	0	0.0002	0.0004	0.0005	0	0.0004	0.0003	0.0004	0.0004	0.2736
11	62198554	M426	0	0.0004	0.0005	0.0003	0.0003	0.0003	0.0006	0.0005	0.0005	0.0758
18	57470882	M564	0	0.0004	0.0641	0.0004	0.0004	0.0006	0.0003	0.0003	0.0002	0.0004
17	25311764	M573	0	0.0005	0	0.0168	0.0006	0.0003	0.0003	0.0005	0	0.0006
9	45628619	M494	0	0	0.0002	0.0004	0.0003	0.1147	0.0004	0.0005	0.0001	0.0004
16	82084363	M464	0	0.0001	0.0003	0	0.0005	0.0005	0.0007	0.0137	0.0004	0.0001
17	27278432	M622	0	0.0003	0.0004	0.0005	0.0001	0.0004	0.0006	0.4115	0.0004	0.0002
17	29695972	M589	0	0.0003	0.0001	0.0003	0.0004	0.1066	0.1619	0.0006	0.0003	0
11	66017718	M519	0	0.0002	0.0003	0.0003	0.0003	0.0005	0.0002	0.0002	0.4304	0.0002
11	32614923	M462	0	0.0004	0.0001	0.0003	0.0004	0.0004	0.0003	0.0003	0.0001	0.0787
8	42165232	M420	0	0.0004	0.0005	0.0008	0.0001	0.0002	0.0003	0.0005	0.0002	0.058
2	218263976	M417	0	0.0004	0.2154	0.4398	0.4596	0.1457	0.0005	0.0005	0.0005	0.0001
6	65031129	M601	0	0	0.0006	0.0006	0.0005	0.0886	0.0002	0.0003	0.0001	0.0004
3	123726980	M416	0	0.0001	0.0645	0.0004	0.0002	0.1147	0.2776	0.0003	0.0001	0.0004
11	77413594	M581	0	0.0004	0.0001	0.2534	0.0002	0.0002	0.0003	0.0004	0.0004	0.0004
3	68566836	M562	0	0.0002	0.0002	0.0001	0.0002	0.0005	0.0004	0.0002	0.0002	0.2647
3	165247276	M534	0	0.0006	0.0002	0.0002	0.0008	0.0006	0.0006	0.0002	0.0002	0.0617
8	35694978	M514	0	0.0003	0.0003	0.2592	0.0003	0.0006	0.0003	0.0002	0.0003	0.0004
23	5398276	M616	0	0.0004	0.0002	0.0002	0.0003	0.1059	0.1556	0.0003	0.0003	0.0004
2	126408056	M492	0	0.0003	0.0649	0.0002	0.0003	0.0003	0.104	0.0003	0.0004	0.0005
19	43842919	M447	0	0.4345	0.0004	0.0002	0.0002	0.0909	0.0001	0.0004	0.0005	0.0002
12	32607944	M419	0	0	0.2206	0.4477	0.457	0.1619	0.0003	0.0004	0.0003	0.0004
8	33155365	M630	0	0.0002	0.0001	0.0002	0.0004	0.0002	0	0.0005	0.0003	0.0628
14	87076084	M575	0	0.0002	0.0005	0.0004	0.0008	0.0959	0.0004	0.0005	0.0001	0.0003
20	25609076	M467	0	0.0004	0.0004	0.185	0.0004	0.1601	0.0005	0	0.0004	0.0002
1	5234585	M440	0	0.0003	0.0003	0.0143	0.0003	0.0002	0	0.0004	0.0005	0.0003
6	13408331	M643	0	0.0002	0.0002	0.0003	0.0005	0.1092	0.0002	0.0006	0.0004	0.0004
21	50018620	M477	0	0.0003	0.0002	0.0005	0.4645	0.0003	0.0003	0.0003	0.0002	0.0001
19	50099640	M418	0	0.4329	0.1879	0.0003	0.0004	0.0981	0.0004	0.4097	0.4411	0.0674
16	53279679	M571	0	0.0002	0.1859	0.0003	0.0004	0.0008	0	0.0002	0.0002	0.0005
14	43300278	M532	0	0	0.0002	0.2529	0.0002	0.0002	0.0002	0.0004	0.0006	0.0004
11	102465419	M505	0	0.0001	0.0006	0.0006	0.0003	0.0002	0.0004	0.0139	0.0005	0.0009
13	124200975	M429	0	0.0005	0.1908	0.0005	0.0002	0	0.0005	0.0004	0.4356	0.0003
1	158804555	M507	0	0.0004	0.0002	0.1829	0.0003	0.1596	0.0004	0	0.0003	0.0007
11	86752673	M547	0	0.0002	0.0007	0.0003	0.0003	0.0003	0.1643	0.0005	0.0002	0.0003
18	7785664	M556	0	0.0003	0.0002	0.0005	0.0004	0.0003	0.0006	0.0004	0.2976	0.0005
20	18576558	M472	0	0.0005	0.0001	0.0002	0.0007	0.1114	0.0002	0.0004	0.0006	0.0004
4	90027945	M444	0	0.0006	0.0002	0.0004	0.0004	0.114	0.1758	0.0133	0.0004	0.0004
21	13372873	M612	0	0.0007	0.0631	0.0006	0.0002	0.0003	0.0002	0.0001	0.0004	0
