#chrom	pos	desc	normal	sample1	sample2	sample3	sample4	sample5	sample6	sample7	sample8	sample9	sample10	sample11	sample12	sample13	sample14
5	49030810	M465	0	0.002	0.001	0	0	0.107	0	0.129	0.001	0	0	0	0	0	0
7	15634007	M414	0	0.33	0.415	0.001	0.204	0.28	0.453	0.275	0.013	0.001	0.001	0.221	0	0	0
6	42933792	M466	0	0	0	0.001	0.001	0	0	0	0	0	0.222	0	0.001	0	0
16	81666993	M422	0	0.213	0	0.001	0.196	0.083	0	0.136	0	0	0	0.236	0	0	0.002
11	62198554	M426	0	0	0	0	0	0	0	0	0.001	0.001	0.455	0.214	0.002	0	0.001
9	45628619	M494	0	0.001	0	0.001	0	0	0.001	0	0.138	0.439	0	0	0	0	0
17	29695972	M589	0	0.002	0	0	0	0	0.001	0.001	0	0	0	0	0.189	0	0.001
11	32614923	M462	0	0.001	0	0	0	0.001	0	0.002	0.001	0.001	0.234	0	0.001	0	0.002
3	123726980	M416	0	0	0	0.001	0	0	0	0.181	0	0	0	0	0.153	0	0
15	46296170	M461	0	0	0.001	0.001	0.282	0	0.001	0	0.001	0.001	0	0.002	0.001	0	0
10	60787600	M565	0	0	0.001	0	0.001	0.1	0	0.16	0	0	0	0	0	0	0.001
1	245652920	M512	0	0.114	0	0.001	0.001	0	0	0	0	0	0	0	0.003	0.002	0
2	126408056	M492	0	0	0	0.001	0	0	0	0.201	0	0.002	0	0	0	0	0
2	104067864	M500	0	0.001	0	0	0	0	0.001	0.001	0	0	0.239	0	0.001	0	0.001
11	99242346	M451	0	0.001	0	0	0	0.084	0.439	0	0	0	0.001	0	0	0	0
6	152503216	M545	0	0	0	0	0.001	0.001	0	0.167	0	0.001	0	0	0	0.001	0.002
20	11969777	M498	0	0	0	0	0	0.105	0.001	0.152	0.003	0	0	0.001	0.001	0.001	0
20	25609076	M467	0	0	0.444	0	0	0.001	0	0	0	0	0	0.001	0	0	0
23	33086873	M442	0	0	0.001	0.475	0.276	0.001	0	0	0	0	0	0.001	0	0	0
19	50099640	M418	0	0.311	0.001	0	0.198	0.27	0.483	0.289	0.017	0	0	0.22	0	0	0.001
11	102465419	M505	0	0.116	0	0.001	0	0.001	0	0	0.166	0	0	0	0.239	0	0
13	124200975	M429	0	0.128	0	0	0.001	0.219	0.466	0.142	0.012	0.001	0.001	0	0.001	0	0
1	158804555	M507	0	0	0.432	0.001	0.001	0.001	0	0	0	0.001	0	0.001	0	0.001	0.001
11	86752673	M547	0	0.001	0	0	0	0.112	0	0	0	0	0	0	0.001	0.001	0
10	82837068	M528	0	0	0.001	0	0	0.08	0.456	0	0.001	0	0	0.002	0.001	0	0
1	161853394	M552	0	0	0.001	0	0.001	0.001	0	0	0.001	0	0	0	0.002	0.458	0
9	97370091	M448	0	0.001	0	0.001	0	0	0	0	0.003	0	0.23	0.222	0	0.001	0
6	90389308	M468	0	0	0	0	0	0	0.001	0	0	0	0	0.001	0	0.454	0.001
9	2302234	M459	0	0	0	0	0	0.122	0	0.15	0.015	0	0	0.001	0	0.001	0
9	81739782	M544	0	0	0	0	0	0.002	0	0.002	0.145	0	0	0.001	0.26	0	0
13	54647379	M424	0	0.086	0.001	0.486	0.236	0.121	0	0	0.275	0.446	0	0	0.234	0.491	0
9	120049693	M632	0	0	0	0	0	0.123	0	0	0.001	0	0	0	0.001	0	0.001
16	38520589	M488	0	0	0	0	0	0	0	0	0	0.001	0.198	0	0	0	0.001
17	25311764	M573	0	0	0.001	0	0	0.001	0.001	0	0	0.001	0.001	0	0	0	0.467
16	82084363	M464	0	0.115	0	0	0	0	0	0	0.19	0.001	0.001	0	0.27	0	0
8	4912033	M453	0	0	0	0.497	0.29	0	0	0	0	0	0.001	0	0.002	0	0
2	218263976	M417	0	0	0.42	0	0	0.002	0.001	0	0	0.001	0.001	0	0	0.001	0.001
6	65031129	M601	0	0	0	0	0	0.001	0.001	0.132	0.001	0	0	0	0	0.001	0
4	95764846	M520	0	0	0	0	0	0	0	0.183	0	0	0	0.001	0.001	0	0
3	131471050	M594	0	0.001	0	0	0	0	0	0	0.166	0	0.001	0.002	0.256	0.001	0
21	53222793	M496	0	0.132	0	0.001	0	0	0	0	0	0	0	0.001	0.001	0	0.002
21	1815717	M611	0	0.001	0.001	0.003	0	0	0	0	0.002	0.003	0	0.001	0	0.479	0.001
1	194362631	M493	0	0	0	0	0	0.071	0.471	0	0	0	0	0	0	0	0
7	138888380	M602	0	0.003	0.001	0.001	0	0	0	0.001	0	0	0	0.229	0	0	0.001
19	19631716	M584	0	0	0	0.003	0.001	0	0	0.136	0	0	0.001	0	0	0	0
16	73690270	M559	0	0.207	0	0.001	0	0	0	0.002	0	0	0	0	0.001	0	0.001
19	43842919	M447	0	0	0	0	0.001	0.077	0	0.13	0	0.002	0	0	0	0	0
12	32607944	M419	0	0	0.437	0	0	0	0.001	0.001	0	0	0.001	0.001	0	0	0
4	117399042	M427	0	0	0	0.495	0.267	0	0	0	0	0	0	0	0	0.479	0
14	87076084	M575	0	0	0	0	0.001	0.001	0.001	0.121	0.001	0	0	0	0.001	0	0.001
23	7229028	M600	0	0.002	0	0.001	0	0.001	0.002	0	0.001	0	0	0	0	0	0.431
1	5234585	M440	0	0	0	0	0	0.001	0	0	0	0	0	0.002	0	0	0.457
16	62880698	M489	0	0.122	0	0	0	0.001	0	0	0.001	0.001	0	0	0	0	0
14	15035252	M585	0	0	0	0	0.002	0	0.001	0.001	0.086	0.001	0	0.001	0	0	0
20	18576558	M472	0	0	0	0	0	0	0	0	0.121	0.413	0	0.001	0	0	0
4	90027945	M444	0	0.101	0	0.001	0	0.133	0.001	0	0.29	0.41	0.001	0	0.246	0.001	0
