#chrom	pos	desc	normal	sample1	sample2	sample3	sample4	sample5	sample6	sample7	sample8	sample9
9	97370091	M448	0	0	0	0	0	0	0	0	0	0.0786
9	81739782	M544	0	0	0	0	0	0	0	0.014	0	0
7	15634007	M414	0	0.4315	0.4002	0.4414	0.4605	0.2508	0	0.408	0.4357	0.0639
13	54647379	M424	0	0	0	0	0	0.1153	0.1663	0.0099	0	0
9	120049693	M632	0	0	0	0	0	0	0.1663	0	0	0
16	14284469	M599	0	0	0.157	0	0	0	0	0	0	0
6	42933792	M466	0	0	0	0	0	0	0	0	0	0.0786
16	81666993	M422	0	0.4315	0	0	0	0.0892	0	0.408	0	0
1	243486798	M634	0	0	0	0	0	0	0	0	0.4357	0
7	107688432	M481	0	0	0	0	0	0	0	0	0	0.2722
11	62198554	M426	0	0	0	0	0	0	0	0	0	0.0786
18	57470882	M564	0	0	0.0651	0	0	0	0	0	0	0
17	25311764	M573	0	0	0	0.0143	0	0	0	0	0	0
9	45628619	M494	0	0	0	0	0	0.1153	0	0	0	0
16	82084363	M464	0	0	0	0	0	0	0	0.014	0	0
17	27278432	M622	0	0	0	0	0	0	0	0.408	0	0
17	29695972	M589	0	0	0	0	0	0.1079	0.1644	0	0	0
11	66017718	M519	0	0	0	0	0	0	0	0	0.4357	0
11	32614923	M462	0	0	0	0	0	0	0	0	0	0.0786
8	42165232	M420	0	0	0	0	0	0	0	0	0	0.0639
2	218263976	M417	0	0	0.214	0.4414	0.4605	0.1458	0	0	0	0
6	65031129	M601	0	0	0	0	0	0.0892	0	0	0	0
3	123726980	M416	0	0	0.0651	0	0	0.1079	0.2809	0	0	0
11	77413594	M581	0	0	0	0.2536	0	0	0	0	0	0
3	68566836	M562	0	0	0	0	0	0	0	0	0	0.2722
3	165247276	M534	0	0	0	0	0	0	0	0	0	0.0639
8	35694978	M514	0	0	0	0.2536	0	0	0	0	0	0
23	5398276	M616	0	0	0	0	0	0.1079	0.1644	0	0	0
2	126408056	M492	0	0	0.0651	0	0	0	0.1001	0	0	0
19	43842919	M447	0	0.4315	0	0	0	0.0892	0	0	0	0
12	32607944	M419	0	0	0.214	0.4414	0.4605	0.1615	0	0	0	0
8	33155365	M630	0	0	0	0	0	0	0	0	0	0.0639
14	87076084	M575	0	0	0	0	0	0.0892	0	0	0	0
20	25609076	M467	0	0	0	0.1878	0	0.1615	0	0	0	0
1	5234585	M440	0	0	0	0.0143	0	0	0	0	0	0
6	13408331	M643	0	0	0	0	0	0.1079	0	0	0	0
21	50018620	M477	0	0	0	0	0.4605	0	0	0	0	0
19	50099640	M418	0	0.4315	0.1863	0	0	0.0892	0	0.408	0.4357	0.0639
16	53279679	M571	0	0	0.1863	0	0	0	0	0	0	0
14	43300278	M532	0	0	0	0.2536	0	0	0	0	0	0
11	102465419	M505	0	0	0	0	0	0	0	0.014	0	0
13	124200975	M429	0	0	0.1863	0	0	0	0	0	0.4357	0
1	158804555	M507	0	0	0	0.1878	0	0.1615	0	0	0	0
11	86752673	M547	0	0	0	0	0	0	0.1663	0	0	0
18	7785664	M556	0	0	0	0	0	0	0	0	0.3035	0
20	18576558	M472	0	0	0	0	0	0.1153	0	0	0	0
4	90027945	M444	0	0	0	0	0	0.1153	0.1663	0.014	0	0
21	13372873	M612	0	0	0.0651	0	0	0	0	0	0	0
