#chrom	pos	desc	normal	sample1	sample2	sample3	sample4	sample5	sample6	sample7	sample8	sample9	sample10	sample11	sample12	sample13	sample14
5	49030810	M465	0	0.0003	0.0004	0.0002	0.0005	0.1124	0.0005	0.1474	0.0007	0.0001	0.0003	0.0007	0.0007	0.0003	0.0005
7	15634007	M414	0	0.3299	0.4336	0.0006	0.2101	0.2905	0.4753	0.2755	0.0173	0.0007	0.0004	0.2219	0.0003	0.0002	0.0001
6	42933792	M466	0	0.0004	0.0003	0.0005	0.0001	0.0003	0.0005	0.0008	0.0003	0.0003	0.2239	0.0004	0.0003	0.0003	0.0005
16	81666993	M422	0	0.2107	0.0004	0.0006	0.2163	0.0871	0.0002	0.1291	0.0003	0.0002	0.0003	0.2187	0.0004	0.0008	0.0002
11	62198554	M426	0	0.0001	0.0005	0.0006	0.0006	0.0002	0.0002	0.0003	0.0004	0.0004	0.4596	0.2106	0.0004	0.0005	0.0004
9	45628619	M494	0	0.0005	0.0002	0.0002	0.0004	0.0003	0.0004	0.0003	0.1383	0.4332	0.0003	0.0004	0.0007	0.0002	0.0004
17	29695972	M589	0	0.0004	0.0002	0.0003	0.0003	0.0003	0	0.0004	0.0002	0.0006	0.0001	0.0003	0.1768	0.0005	0.0005
11	32614923	M462	0	0.0003	0.0003	0.0005	0.0006	0.0002	0.0004	0.0001	0.0002	0.0004	0.2357	0.0002	0.0002	0	0.0003
3	123726980	M416	0	0.0001	0.0002	0.0003	0.0003	0.0003	0.0004	0.185	0.0003	0.0003	0.0002	0.0003	0.1808	0.0002	0.0002
15	46296170	M461	0	0.0003	0.0001	0.0003	0.2845	0.0001	0.0002	0.0004	0.0007	0.0004	0.0004	0.0002	0.0005	0.0002	0.0005
10	60787600	M565	0	0.0001	0.0003	0.0004	0.0005	0.1162	0.0009	0.1495	0.0005	0.0002	0.0004	0.0004	0.0004	0.0004	0.0004
1	245652920	M512	0	0.1248	0.0001	0.0004	0.0006	0.0003	0.0002	0.0001	0.0003	0.0005	0.0004	0.0003	0.0007	0.0001	0.0004
2	126408056	M492	0	0.0001	0.0003	0.0005	0.0007	0.0003	0.0001	0.1813	0.0004	0.0006	0.0002	0.0001	0.0004	0.0003	0.0003
2	104067864	M500	0	0.0003	0.0007	0.0004	0.0002	0.0001	0.0001	0.0005	0	0.0002	0.2264	0.0003	0.0006	0.0004	0.0003
11	99242346	M451	0	0.0003	0.0005	0.0006	0.0006	0.0949	0.4612	0.0004	0.0004	0.0006	0.0001	0.0001	0.0004	0.0002	0.0009
6	152503216	M545	0	0.0005	0.0006	0.0004	0.0008	0.0005	0.0005	0.1807	0.0002	0.0003	0.0001	0.0004	0.0003	0.0004	0.0006
20	11969777	M498	0	0.0003	0.0001	0.0005	0.0002	0.1078	0.0003	0.1542	0.0005	0.0003	0.0004	0.0002	0.0003	0.0011	0.0002
20	25609076	M467	0	0.0004	0.4248	0.0003	0.0004	0.0004	0.0003	0.0003	0.0003	0.0001	0.0003	0.0002	0.0006	0.0004	0.0001
23	33086873	M442	0	0.0003	0.0004	0.4795	0.3003	0.0004	0.0005	0.0003	0.0002	0.0003	0.0003	0.0005	0.0003	0.0005	0.0005
19	50099640	M418	0	0.3355	0.0003	0.0004	0.2079	0.2859	0.469	0.279	0.015	0.0004	0.0003	0.2192	0.0001	0.0003	0.0005
11	102465419	M505	0	0.1067	0.0006	0	0.0005	0.0001	0.0003	0.0002	0.1633	0.0004	0.0006	0.0001	0.2436	0.0003	0.0002
13	124200975	M429	0	0.1247	0.0003	0.0006	0.0003	0.2016	0.4631	0.1463	0.0169	0.0006	0.0002	0.0004	0.0001	0.0001	0.0003
1	158804555	M507	0	0.0002	0.4323	0.0002	0.0003	0.0002	0.0005	0.0003	0.0003	0.0002	0.0001	0.0004	0.0001	0.0002	0.0002
11	86752673	M547	0	0.0006	0.0005	0.0003	0.0001	0.1217	0.0003	0.0002	0.0005	0.0002	0.0004	0.0001	0.0002	0.0001	0.0001
10	82837068	M528	0	0.0001	0.0004	0.0001	0.0002	0.0898	0.467	0	0.0004	0.0002	0.0002	0	0.0001	0.0006	0.0005
1	161853394	M552	0	0.0001	0.0001	0.0001	0.0002	0.0005	0.0002	0.0003	0.0004	0.0004	0.0003	0.0003	0.0003	0.4765	0.0001
9	97370091	M448	0	0.0002	0.0005	0.0002	0.0005	0.0002	0.0003	0.0005	0.0007	0.0005	0.2361	0.2153	0	0.0002	0.0003
6	90389308	M468	0	0.0002	0.0002	0.0007	0.0007	0.0004	0.0004	0.0001	0.0003	0.0002	0.0006	0.0003	0.0005	0.4694	0.0001
9	2302234	M459	0	0.0002	0.0003	0.0003	0.0004	0.1081	0	0.1456	0.0134	0.0003	0.0004	0.0005	0.001	0.0002	0.0005
9	81739782	M544	0	0.0004	0.0001	0	0.0002	0.0004	0.0004	0.0003	0.1646	0.0004	0.0003	0.0001	0.2422	0.0004	0.0002
13	54647379	M424	0	0.0908	0.0003	0.4834	0.2306	0.1202	0.0004	0.0008	0.2856	0.4312	0.0003	0.0004	0.2494	0.4813	0.0002
9	120049693	M632	0	0.0004	0.0004	0.0001	0.0004	0.1191	0.0004	0.0004	0.0004	0.0001	0.0002	0.0006	0	0.0003	0.0005
16	38520589	M488	0	0.0002	0.0006	0.0003	0.0004	0.0005	0.0004	0.0005	0.0006	0.0003	0.2331	0.0005	0.0002	0.0002	0.0003
17	25311764	M573	0	0.0003	0.0001	0.0003	0.0006	0.0002	0.0003	0	0.0005	0.0007	0.0003	0.0005	0.0004	0.0005	0.4564
16	82084363	M464	0	0.108	0.0006	0.0006	0.0003	0.0005	0.0003	0.0001	0.1627	0.0001	0.0004	0.0002	0.2434	0.0004	0.0005
8	4912033	M453	0	0.0005	0.0005	0.4724	0.2836	0.0003	0.0003	0.0003	0.0001	0.0002	0.0004	0.0003	0.0004	0.0003	0.0002
2	218263976	M417	0	0.0005	0.4252	0.0005	0.0005	0.0004	0.0004	0.0008	0.0002	0.0003	0.0004	0.0003	0.0001	0	0.0003
6	65031129	M601	0	0.0003	0.0004	0.0004	0.0004	0.0004	0.0001	0.1232	0.0005	0.0001	0.0002	0.0005	0.0003	0.0004	0.0002
4	95764846	M520	0	0.0005	0.0002	0.0003	0.0006	0.0005	0.0003	0.1779	0.0003	0.0002	0.0005	0.0001	0.0006	0.0001	0.0004
3	131471050	M594	0	0.0001	0.0003	0.0002	0.0003	0.0005	0.0004	0.0004	0.1663	0	0.0001	0.0008	0.2413	0.0002	0.0002
21	53222793	M496	0	0.1215	0.0004	0.0004	0.0003	0.0001	0.0003	0.0003	0.0004	0.0005	0.0002	0.0003	0.0002	0.0004	0.0007
21	1815717	M611	0	0.0004	0.0007	0.0004	0.0001	0.0007	0.0002	0.0002	0.0002	0.0001	0.0002	0.0003	0.0004	0.4749	0.0004
1	194362631	M493	0	0.0004	0.0004	0.0004	0.0002	0.0911	0.4609	0.0004	0.0002	0.0004	0.0005	0.0003	0.0003	0.0002	0.0006
7	138888380	M602	0	0.0006	0.0002	0.0003	0.0002	0.0002	0.0004	0.0004	0.0001	0.0003	0.0003	0.2119	0.0002	0.0002	0.0003
19	19631716	M584	0	0.0005	0.0003	0.0007	0.0004	0.0002	0.0004	0.1506	0.0003	0.0003	0.0001	0.0003	0.0001	0.0006	0.0002
16	73690270	M559	0	0.2141	0.0006	0.0004	0.0002	0.0006	0.0006	0.0004	0.0004	0.0001	0.0002	0.0008	0.0003	0.0004	0.0001
19	43842919	M447	0	0.0003	0.0004	0.0002	0.0002	0.0832	0.0003	0.1322	0.0001	0.0003	0.0002	0.0004	0.0005	0.0004	0.0004
12	32607944	M419	0	0.0003	0.4348	0.0004	0.0003	0.0004	0.0002	0.0003	0.0006	0.0006	0.0003	0.0006	0.0006	0.0003	0.0002
4	117399042	M427	0	0.0006	0.0004	0.4827	0.2898	0.0001	0.0007	0.0002	0.0004	0.0005	0.0004	0.0002	0.0005	0.4782	0.0002
14	87076084	M575	0	0.0004	0.0004	0.0005	0.0004	0.0002	0.0003	0.1273	0.0005	0.0003	0.0006	0.0005	0.0004	0.0005	0.0002
23	7229028	M600	0	0.0008	0.0005	0.0002	0.0003	0.0001	0.0001	0.0002	0.0003	0.0003	0.0008	0.0005	0.0006	0.0003	0.4568
1	5234585	M440	0	0.0007	0.0003	0.0008	0.0001	0.0002	0.0004	0.0007	0.0005	0.0005	0.0002	0.0008	0.0001	0.0004	0.4602
16	62880698	M489	0	0.1216	0.0006	0.0006	0.0008	0.0002	0.0005	0.0001	0.0005	0.0003	0.0003	0.0002	0.0006	0.0001	0.0007
14	15035252	M585	0	0.0005	0.0004	0.0002	0.0002	0.0003	0.0003	0.0007	0.0974	0.0002	0.0003	0.0003	0.0004	0.0006	0.0003
20	18576558	M472	0	0.0001	0.0001	0.0002	0.0003	0.0001	0.0006	0.0004	0.1351	0.4338	0	0.0005	0.0001	0.0003	0.0003
4	90027945	M444	0	0.1121	0.0002	0.0002	0.0005	0.1168	0.0001	0.0004	0.297	0.4319	0.0005	0.0002	0.2523	0.0004	0.0003
