#chrom	pos	desc	normal	sample1	sample2	sample3	sample4	sample5	sample6	sample7	sample8	sample9
9	97370091	M448	0	0	0	0	0	0.001	0	0	0.001	0.089
9	81739782	M544	0	0	0.002	0	0.001	0	0	0.014	0.001	0.003
7	15634007	M414	0	0.416	0.409	0.469	0.458	0.268	0.002	0.387	0.441	0.058
13	54647379	M424	0	0.001	0	0	0	0.132	0.173	0.009	0	0.001
9	120049693	M632	0	0	0	0	0.001	0	0.166	0	0.001	0
16	14284469	M599	0	0	0.153	0	0	0	0	0	0	0.001
6	42933792	M466	0	0	0	0.001	0	0	0	0	0	0.072
16	81666993	M422	0	0.439	0	0	0	0.101	0	0.413	0.001	0.002
1	243486798	M634	0	0	0	0	0	0.003	0.001	0	0.451	0.001
7	107688432	M481	0	0	0	0.001	0.001	0	0	0	0.001	0.266
11	62198554	M426	0	0.001	0.001	0.001	0	0.001	0.001	0	0	0.091
18	57470882	M564	0	0	0.075	0.001	0.001	0.001	0	0	0	0
17	25311764	M573	0	0	0	0.012	0	0	0	0	0	0
9	45628619	M494	0	0	0	0	0	0.126	0	0	0	0
16	82084363	M464	0	0	0.001	0.001	0	0	0	0.01	0.001	0
17	27278432	M622	0	0	0	0	0	0	0.001	0.418	0	0
17	29695972	M589	0	0.001	0	0	0	0.11	0.159	0	0.001	0
11	66017718	M519	0	0	0	0	0	0	0	0	0.439	0.001
11	32614923	M462	0	0	0	0	0	0	0	0	0	0.079
8	42165232	M420	0	0.001	0.001	0.001	0	0	0	0	0	0.08
2	218263976	M417	0	0.001	0.219	0.47	0.458	0.151	0.001	0.001	0	0
6	65031129	M601	0	0	0.001	0	0.001	0.089	0	0	0	0
3	123726980	M416	0	0	0.06	0.001	0	0.106	0.281	0	0.001	0
11	77413594	M581	0	0	0	0.28	0	0	0.002	0	0.001	0.001
3	68566836	M562	0	0	0	0	0	0.001	0	0	0.002	0.269
3	165247276	M534	0	0	0	0.001	0.001	0	0	0	0	0.077
8	35694978	M514	0	0	0	0.219	0	0	0	0	0	0
23	5398276	M616	0	0.001	0	0	0	0.119	0.15	0	0	0.001
2	126408056	M492	0	0.001	0.065	0	0	0.001	0.1	0	0.001	0
19	43842919	M447	0	0.439	0	0	0	0.086	0	0	0	0
12	32607944	M419	0	0	0.236	0.418	0.471	0.186	0.002	0	0	0
8	33155365	M630	0	0.001	0	0.001	0.001	0	0	0	0	0.07
14	87076084	M575	0	0.002	0.001	0	0.001	0.099	0	0	0	0.001
20	25609076	M467	0	0	0	0.188	0	0.164	0	0.001	0	0
1	5234585	M440	0	0	0	0.016	0	0	0.001	0	0	0
6	13408331	M643	0	0.001	0.001	0	0	0.124	0	0	0.001	0
21	50018620	M477	0	0	0	0.001	0.471	0	0	0.001	0	0
19	50099640	M418	0	0.444	0.2	0.002	0	0.078	0.001	0.42	0.438	0.07
16	53279679	M571	0	0	0.19	0	0	0.001	0	0	0	0
14	43300278	M532	0	0.001	0	0.243	0	0.001	0	0	0	0.001
11	102465419	M505	0	0	0.002	0	0.002	0	0	0.009	0	0
13	124200975	M429	0	0	0.189	0	0	0.001	0.001	0	0.399	0
1	158804555	M507	0	0	0	0.187	0	0.154	0	0	0.001	0
11	86752673	M547	0	0.001	0	0	0	0.002	0.166	0	0	0
18	7785664	M556	0	0	0	0	0	0	0	0	0.302	0
20	18576558	M472	0	0.001	0	0.001	0.001	0.123	0	0.001	0	0.001
4	90027945	M444	0	0	0	0	0	0.125	0.157	0.011	0	0.001
21	13372873	M612	0	0	0.064	0	0	0	0.001	0	0.001	0
