#chrom	pos	desc	normal	sample1	sample2	sample3	sample4	sample5	sample6	sample7	sample8	sample9
17	16944015	M1818	0	0.0002	0.0577	0.0004	0.0002	0.0001	0.4556	0.0001	0.0001	0.0003
12	129590042	M1800	0	0.0004	0.174	0.0006	0.0002	0.0002	0.0005	0.3796	0.0003	0.0004
22	23621568	M1866	0	0.0002	0.1801	0.0002	0	0.0003	0.0001	0.2144	0.0004	0.0006
6	63060800	M1782	0	0.0003	0.1757	0.0005	0.0004	0.0003	0.0004	0.3759	0.0003	0.0008
15	1603671	M1958	0	0.0004	0.172	0.0003	0.0005	0.0004	0.0005	0.0003	0.0001	0.0002
19	8190053	M1824	0	0.0004	0.0001	0.0005	0.0003	0.0003	0.0002	0.0003	0.139	0.186
2	241522137	M1936	0	0.0007	0.2432	0.0807	0.0005	0.0887	0.0005	0.0005	0.0002	0.0001
5	52079558	M1860	0	0.0004	0.0001	0.0005	0.0004	0.0004	0.0001	0.1583	0.0004	0.0003
1	40091916	M1855	0	0.4515	0.0003	0.1558	0.0004	0.1437	0.0004	0.0004	0.0003	0.2984
14	107163289	M1871	0	0.0004	0.0005	0.0001	0.0002	0.0002	0.0002	0.1606	0.0006	0.0002
23	7286991	M1853	0	0.0001	0.2464	0.0686	0.0003	0.0921	0.0003	0.0001	0.0002	0.0004
22	22559989	M1937	0	0.4595	0.0005	0.0002	0.0003	0.0005	0.0005	0.0004	0.0001	0.1436
11	64436659	M1904	0	0.0002	0.0004	0.0005	0.0001	0.0002	0.0006	0.0002	0.1239	0.1843
17	85655584	M1810	0	0.0002	0.0001	0	0.2203	0.1756	0	0.1208	0.0004	0.0007
10	94358437	M1913	0	0.0002	0.0003	0.0006	0.0005	0.0006	0.2059	0.0004	0.0004	0.0002
3	98505510	M1842	0	0.0008	0.0001	0.0002	0.0003	0.0003	0.0001	0.1679	0.0004	0.0004
1	91539288	M1804	0	0.0003	0.1765	0.0007	0.0003	0.0006	0.0001	0.3807	0.0003	0.0003
13	87136603	M1791	0	0.0001	0.0006	0.0003	0.0002	0.0002	0.0005	0.0002	0.1419	0.1873
15	68960417	M1893	0	0.0003	0.0001	0.0004	0.1467	0.0002	0.0002	0.0003	0.0001	0.0008
12	118267410	M1805	0	0.0001	0.0001	0.1783	0.0002	0.0001	0.0001	0.0003	0.0003	0.0007
20	34018445	M1912	0	0.0003	0.0003	0.0002	0.0004	0.1431	0.0005	0.0002	0.0003	0.1604
18	20081173	M1789	0	0.0002	0.2424	0.0745	0.0002	0.0907	0.0004	0.0002	0.0004	0.0006
19	55058440	M1883	0	0	0.0005	0.0005	0.0003	0.0007	0.0005	0.1574	0.0006	0.0002
3	194114294	M1815	0	0.0003	0.0003	0.0005	0.0002	0.0004	0.0005	0.0004	0.144	0.1785
7	133146681	M1793	0	0.0009	0.0002	0.0001	0.0006	0.0005	0.0003	0.0001	0.1404	0.1783
5	47511967	M1785	0	0.0002	0.176	0.0001	0.0002	0.0004	0.0003	0.3732	0.0003	0.0003
1	168048330	M1788	0	0.0003	0.0584	0.0004	0.3702	0.1657	0.4598	0.1244	0.3261	0.1808
10	97945103	M1812	0	0.0001	0.0588	0.0001	0.0001	0.0004	0.4535	0.0001	0.0001	0.0002
19	32163016	M1872	0	0	0.0005	0.1756	0.0004	0.0005	0.0002	0.0002	0.0001	0.0003
4	175522211	M1806	0	0.0003	0.0003	0.0005	0.1328	0.0002	0.0002	0.0002	0.1014	0.0004
1	3714936	M1877	0	0.0007	0.0006	0.0003	0.0005	0.0005	0.2044	0.0003	0.0003	0.0004
15	90428012	M1868	0	0.0002	0.0005	0.0005	0.1406	0.0002	0.0004	0.0003	0.0004	0.0005
13	5149231	M1851	0	0.0003	0.0003	0.0005	0.0004	0.0001	0.0004	0.0005	0.1523	0.1589
12	130521562	M1923	0	0.0004	0.0004	0.0003	0.1289	0.0002	0.0003	0.0004	0.1095	0.0003
22	41388806	M1814	0	0.4588	0.0004	0.1557	0.0005	0.1397	0.0004	0.0003	0.0005	0.3097
21	4719992	M1962	0	0.0004	0.2433	0.0003	0.0004	0.0003	0.0006	0.0003	0.0003	0
14	102892679	M1926	0	0.0003	0.0001	0.0006	0.0003	0.0004	0.0003	0.0002	0.1768	0.0003
2	231460052	M1813	0	0.0003	0.1632	0.0001	0.0004	0.0003	0.0006	0.3775	0.0004	0.0005
1	100919922	M1780	0	0.4584	0.0004	0.1513	0.0007	0.1431	0.0005	0.0003	0.0003	0.3024
2	176478696	M1798	0	0.0003	0.0576	0.0007	0.1451	0.0002	0.4561	0.0003	0.1804	0.0006
14	36949530	M1777	0	0.4708	0.4162	0.2298	0.1354	0.2359	0.0003	0.3673	0.0998	0.3114
9	36170393	M1899	0	0.0002	0.0003	0.0005	0.0006	0.0004	0.246	0.0007	0.0003	0.0003
9	55598352	M1928	0	0.0002	0.0004	0.0008	0.0004	0.0002	0.2517	0.0008	0.0006	0.0004
12	49918279	M1827	0	0.0003	0.0007	0.0005	0.1308	0.0001	0.0004	0.0003	0.105	0.0003
2	116866804	M1847	0	0.0004	0.0004	0.0006	0.127	0.0002	0.0002	0.0003	0.1076	0.0005
6	28802121	M1829	0	0.0001	0.0005	0.0002	0.0005	0.0005	0.0004	0.1635	0.0002	0.0002
17	1240797	M1906	0	0.0001	0.1742	0.0004	0.0003	0.0001	0.0002	0.2138	0.0003	0.0005
18	3405085	M1919	0	0.0001	0.1789	0.0005	0.0002	0.001	0.0003	0.212	0.0003	0.0003
23	27095047	M1972	0	0.0001	0.0003	0.0002	0.1267	0.0004	0.0004	0.0002	0.1032	0.0007
9	11547630	M1955	0	0.0008	0.0005	0.0003	0.0005	0.1408	0	0.0006	0.0005	0.0006
5	42325575	M1836	0	0.0007	0	0.0007	0.0002	0.0007	0.0003	0.0004	0.1413	0.1826
17	85574941	M1884	0	0.0002	0.0005	0.0004	0.0005	0.0003	0.0001	0.0006	0.1855	0
22	6110337	M1831	0	0.0002	0.0588	0.0003	0.0005	0.0002	0.4635	0.0002	0.0002	0.0002
6	68256826	M1790	0	0.0003	0.1737	0.0003	0.0001	0.0004	0.0003	0.3754	0.0002	0.0002
