#chrom	pos	desc	normal	sample1	sample2	sample3	sample4	sample5	sample6	sample7	sample8	sample9	sample10	sample11	sample12	sample13	sample14
21	31124776	M1973	0	0	0	0	0	0	0.4546	0	0	0	0	0	0	0	0
8	44515692	M1910	0	0	0	0.2027	0	0	0	0	0	0	0	0	0	0	0
13	88785087	M1867	0	0	0.0925	0	0	0	0	0	0	0	0	0	0	0	0
12	129590042	M1800	0	0	0	0	0	0.1667	0	0.2189	0	0	0	0	0.4638	0	0
2	208047133	M1925	0	0.1601	0	0	0	0	0	0	0	0	0	0	0	0	0
22	23621568	M1866	0	0	0	0	0	0	0	0.0803	0	0	0	0	0	0	0
19	46294422	M1944	0	0	0	0	0	0	0	0	0	0.254	0	0	0	0	0
6	63060800	M1782	0	0	0.0079	0.0059	0	0.1667	0	0.2189	0	0	0.0156	0	0.4638	0	0
15	1603671	M1958	0	0	0	0	0	0	0	0.0803	0	0	0	0	0	0	0
19	8190053	M1824	0	0	0.0925	0	0	0	0	0	0	0	0	0	0	0	0
9	122991594	M1920	0	0	0	0	0.269	0	0	0	0	0	0	0	0	0	0
18	32641867	M1914	0	0.1615	0	0	0	0.1269	0	0	0	0	0	0	0	0	0.235
15	3961045	M1930	0	0	0	0.2027	0	0	0	0	0	0	0	0	0	0	0
2	241522137	M1936	0	0	0	0	0.1598	0	0	0	0	0	0	0	0	0	0
1	40091916	M1855	0	0	0	0	0	0	0	0	0	0	0.2346	0	0	0	0
9	46676285	M1808	0	0.3216	0.1097	0	0	0.2859	0	0	0	0	0	0	0	0	0.3396
23	7286991	M1853	0	0	0	0	0.1598	0	0	0	0	0	0	0	0	0	0
13	93059151	M1857	0	0	0	0	0	0	0	0	0.4205	0	0	0	0	0	0.078
21	6415855	M1881	0	0	0	0	0	0	0	0.1386	0	0	0	0	0	0	0
1	189352181	M1929	0	0	0	0	0	0	0	0	0	0	0	0.4275	0	0	0
17	85655584	M1810	0	0	0	0	0	0	0	0	0	0.254	0	0	0	0	0
16	1934086	M1861	0	0.3216	0	0	0	0.2859	0	0	0	0	0	0	0	0	0.235
13	87136603	M1791	0	0	0.0925	0	0	0	0	0	0	0.1854	0	0.4275	0	0	0
1	91539288	M1804	0	0	0	0	0	0.1667	0	0.2189	0	0	0	0	0.4638	0	0
18	5020357	M1935	0	0	0	0	0	0	0	0	0	0	0	0	0.4638	0	0
15	68960417	M1893	0	0	0	0	0	0	0	0	0	0	0.23	0	0	0	0
3	40295149	M1797	0	0	0	0	0	0	0	0	0	0.1854	0	0.4275	0	0	0
19	70995184	M1880	0	0.3216	0	0	0	0.2859	0	0	0	0	0	0	0	0	0.235
13	45857688	M1801	0	0	0	0	0	0	0	0	0	0.1854	0	0.4275	0	0	0
13	68867917	M1807	0	0	0.0079	0.0059	0	0	0	0	0	0	0.0156	0	0	0	0
3	194114294	M1815	0	0	0.0925	0	0	0	0	0	0	0	0	0	0	0	0
17	67374440	M1959	0	0	0	0.1641	0	0	0	0.1017	0	0	0	0	0	0	0
18	20081173	M1789	0	0	0	0	0.1598	0	0	0	0	0	0	0	0	0	0
7	133146681	M1793	0	0	0.0925	0	0	0	0	0	0	0.3129	0	0.599	0	0	0
5	47511967	M1785	0	0	0.0079	0.0059	0	0.1667	0	0.2189	0	0	0.0156	0	0.4638	0	0
23	24776716	M1890	0	0	0.0832	0	0	0	0	0	0	0	0	0	0	0	0
1	168048330	M1788	0	0.4395	0.4103	0.2846	0.269	0.2859	0.4546	0.1888	0	0.4394	0.23	0.4275	0	0.4861	0.3396
9	5449274	M1902	0	0	0	0	0	0	0	0	0	0.1854	0	0.4275	0	0	0
5	33205316	M1946	0	0	0	0.0059	0	0	0	0	0	0	0	0	0	0	0
19	11947746	M1848	0	0	0	0	0	0	0	0	0	0.1854	0	0.4275	0	0	0
4	175522211	M1806	0	0	0	0	0	0.0126	0	0	0	0	0	0	0	0	0
2	58480097	M1922	0	0	0	0.1641	0	0	0	0.1017	0	0	0	0	0	0	0
15	90428012	M1868	0	0	0	0	0	0	0	0	0	0	0.23	0	0	0	0
14	102892679	M1926	0	0	0	0	0	0	0.4546	0	0	0	0	0	0	0	0
22	41388806	M1814	0	0	0	0	0	0	0	0	0	0	0.2346	0	0	0	0
20	45367871	M1933	0	0	0	0	0	0	0	0.087	0	0	0	0	0	0	0
2	231460052	M1813	0	0	0	0	0	0.1667	0	0.0803	0	0	0	0	0.4638	0	0
22	55817427	M1811	0	0	0	0	0	0	0	0	0	0.1854	0	0.4275	0	0	0
2	176478696	M1798	0	0.1179	0	0.2846	0.269	0	0.4546	0.1017	0	0	0.23	0	0	0	0
1	100919922	M1780	0	0	0	0	0	0	0	0	0.4205	0	0.2346	0	0	0	0.078
14	36949530	M1777	0	0	0.0079	0.0059	0.1598	0.1793	0	0.2189	0.4205	0	0.2502	0	0.4638	0	0.078
23	10086586	M1843	0	0.2433	0.0832	0	0	0.2224	0	0	0	0	0	0	0	0	0.1754
12	49918279	M1827	0	0	0	0	0	0.0126	0	0	0	0	0	0	0	0	0
4	160346322	M1916	0	0	0	0	0	0	0	0	0	0.254	0	0	0	0	0
23	22886304	M1817	0	0.2433	0.0832	0	0	0.2224	0	0	0	0	0	0	0	0	0.1754
17	1240797	M1906	0	0	0	0	0	0	0	0.0803	0	0	0	0	0	0	0
18	3405085	M1919	0	0	0	0	0	0	0	0.0803	0	0	0	0	0	0	0
1	133512962	M1956	0	0.1615	0	0	0	0.1448	0	0	0	0	0	0	0	0	0.1152
20	20718316	M1832	0	0	0	0	0	0	0	0	0.4205	0	0	0	0	0	0.078
9	138334942	M1834	0	0.3216	0.1088	0	0	0.2859	0	0	0	0	0	0	0	0	0.235
8	146670896	M1951	0	0	0	0	0	0.1412	0	0	0	0	0	0	0	0	0
5	42325575	M1836	0	0	0.0925	0	0	0	0	0	0	0	0	0	0	0	0
17	85574941	M1884	0	0	0	0	0	0	0.4546	0	0	0	0	0	0	0	0
20	32217919	M1882	0	0	0.0925	0	0	0	0	0	0	0	0	0	0	0	0
6	68256826	M1790	0	0	0	0	0	0.1667	0	0.2189	0	0	0	0	0.4638	0	0
