#chrom	pos	desc	normal	sample1	sample2	sample3	sample4	sample5	sample6	sample7	sample8	sample9	sample10	sample11	sample12	sample13	sample14
11	17939508	M7331	0	0.0004	0.0002	0.0004	0.0004	0.0001	0.0003	0.0002	0.0007	0.0004	0.0003	0.0004	0.1625	0.0008	0.0005
5	172829682	M7151	0	0.4176	0.4171	0.4061	0.1386	0.2887	0.057	0.2749	0.4803	0.2727	0.4334	0.4848	0.4375	0.4085	0.0003
20	11263214	M7223	0	0.0005	0.0005	0.0005	0.0006	0.0002	0.0002	0.0002	0.0003	0.0002	0.0005	0.4854	0.0001	0.0001	0.0006
18	18887728	M7204	0	0.0002	0.0003	0.0001	0.0002	0.0003	0.0002	0.0289	0.0001	0.0003	0.0003	0.0003	0.0004	0.0004	0.0004
12	60088535	M7262	0	0.0006	0.0002	0.1476	0.0004	0.0001	0.0003	0.0003	0.0001	0.0001	0.0004	0.0004	0.0001	0.0003	0.0005
2	117441359	M7277	0	0.0005	0.0003	0.0002	0.1369	0.0003	0.0003	0	0.0002	0.0002	0.0002	0	0.0007	0.2307	0.0005
17	43124480	M7215	0	0.0002	0.0005	0.0003	0.0004	0.0005	0.0003	0.0313	0.0005	0.0003	0.0002	0.0002	0.0007	0.0003	0.0002
14	66531229	M7361	0	0.0005	0.0004	0.0002	0.0002	0.0003	0.0005	0.0004	0.0004	0.0001	0.0001	0.0002	0.0002	0.0005	0.4317
10	122163346	M7266	0	0.0003	0.0004	0.0003	0.0002	0.0006	0.0005	0.0009	0.0003	0.0002	0.0002	0.4822	0.0002	0.0002	0.0008
12	84266235	M7212	0	0.0003	0.0002	0.0006	0.0004	0.0003	0.0001	0.0004	0.0003	0.0006	0.0003	0.0001	0.0427	0.0001	0.0002
22	20054316	M7153	0	0.0006	0.2287	0.0002	0.1381	0.2817	0.0002	0.1578	0.4856	0.2806	0.2479	0.0004	0.287	0.4037	0.0003
15	66452172	M7195	0	0.0004	0.0005	0.0003	0.3179	0.0004	0.0002	0	0.0004	0.0001	0.0002	0.0004	0.0003	0.0001	0.0002
12	23154095	M7330	0	0.0002	0.0001	0.0001	0.0004	0.2916	0.0001	0.0005	0.1911	0.0003	0.0003	0.0004	0.0004	0.0008	0.0004
22	50812956	M7287	0	0.0006	0.0003	0.0004	0.0004	0.0004	0.0508	0.0005	0.0001	0.0003	0.0004	0.0004	0.0002	0.0004	0.0009
18	48390135	M7332	0	0.0004	0.0002	0.0441	0.0003	0.0006	0.0004	0.0008	0.0002	0.0004	0.0004	0.0003	0.0007	0.0009	0.0002
4	7819683	M7250	0	0.0005	0.0003	0.0006	0.0009	0.1373	0.0003	0.0006	0.0005	0.0001	0.0004	0.0002	0.0003	0.0003	0.0008
17	48675203	M7192	0	0.0005	0.0713	0.0005	0.1359	0.29	0.0004	0.0002	0.186	0.0714	0.2503	0.0005	0.0002	0.3408	0.0001
4	174428404	M7231	0	0.0004	0.0005	0.0423	0.0007	0.0004	0.0001	0.0003	0.0003	0.0004	0.0004	0.0002	0.0002	0.0003	0.0001
22	1841884	M7235	0	0.0001	0.0001	0.0003	0.0003	0.0008	0.0004	0.0001	0.0003	0.0003	0.0004	0.0001	0.0449	0.0003	0.0002
11	99035977	M7175	0	0.0002	0.0003	0.0005	0.0002	0.0006	0.4055	0.0001	0.0005	0.0002	0.0008	0.0005	0.0434	0.0004	0.4321
10	36013094	M7200	0	0.0004	0.0002	0.4193	0.0005	0.0003	0.0002	0.1159	0.0001	0.0003	0.0004	0.4776	0.0003	0.0002	0.0002
12	109937767	M7278	0	0.0004	0.0003	0.0003	0.0008	0.0003	0.0005	0.1381	0.0007	0.0003	0.0001	0.0006	0.0004	0.0005	0.0002
12	85916970	M7209	0	0.4163	0.0006	0.0003	0.0003	0.0001	0.0006	0.0004	0.0004	0.0004	0.0005	0.0005	0.0005	0.0005	0.0007
3	45389255	M7375	0	0.0004	0.0008	0.0006	0.0003	0.0004	0.0003	0.0001	0.0005	0.0002	0.0004	0.0002	0.0001	0.2366	0.0001
11	20578461	M7317	0	0.0006	0.0002	0.0001	0.0003	0.0005	0.0001	0.0005	0.0003	0.0001	0.0003	0.0002	0.0462	0.0001	0.0002
11	127468910	M7157	0	0.0004	0.1437	0.0005	0.0002	0.0001	0.0002	0.1318	0.0004	0.209	0.0002	0.0004	0.2768	0.0001	0.0001
23	37922203	M7156	0	0.0006	0.0004	0.0005	0.0004	0.0002	0.0003	0.0303	0.2969	0.0003	0.0002	0.0007	0.0005	0.0005	0.0001
10	77098841	M7152	0	0.0001	0.224	0.0002	0.1337	0.2849	0.0003	0.1608	0.4776	0.2778	0.25	0.0007	0.2883	0.4026	0.0002
10	130313622	M7301	0	0.0002	0.0003	0.0003	0.0001	0.0003	0.0493	0.0003	0.0004	0	0.0006	0.0005	0.0004	0.0004	0.0002
4	45529257	M7362	0	0.0002	0.1847	0.0001	0.0002	0.0003	0.0004	0.0004	0.0005	0.0002	0.0001	0.0003	0.0006	0.0001	0.0002
20	17524634	M7155	0	0.0002	0.0004	0.0482	0.0004	0.0004	0.0001	0.1327	0.0009	0.1685	0.0001	0.0001	0.0004	0.0004	0.0002
10	70860574	M7233	0	0.0001	0.0005	0.0002	0.0003	0.0004	0.0004	0.0006	0.0003	0.0005	0.1809	0.0004	0.0002	0.0003	0.0003
16	35314119	M7164	0	0.0003	0.0004	0.0004	0.0006	0.0003	0.0003	0.0001	0.0006	0.0001	0.0006	0.0003	0.0001	0.0655	0.0002
9	3116256	M7230	0	0	0.0003	0.0007	0.0003	0.0001	0.05	0.0003	0.0003	0.0006	0.0002	0.0003	0.162	0.0003	0.0003
7	87052286	M7340	0	0.0003	0.0003	0.0005	0.0003	0.0005	0.0003	0.0003	0.0003	0.0004	0.1793	0.0003	0.0004	0.0002	0.0005
17	16518876	M7158	0	0.0001	0.1549	0.0004	0.0003	0.0004	0.0003	0.1413	0.0001	0.2162	0.0001	0.0002	0.2762	0.0005	0.0005
3	153987011	M7341	0	0.0002	0.0002	0.0002	0.0004	0.0002	0.0523	0.0001	0.0002	0.0004	0.0004	0.0002	0.0005	0.0001	0.0002
20	14530424	M7167	0	0.4336	0.0003	0.0003	0.0001	0.0001	0.0003	0.0008	0.0007	0.0004	0	0.0002	0.0002	0.0005	0.0003
3	52058571	M7226	0	0.0006	0.0006	0.4133	0.0005	0.0005	0.0001	0.1042	0.0001	0.0004	0.0003	0.0004	0	0.0005	0.0003
4	27198973	M7295	0	0	0.0003	0.0002	0.0002	0.0002	0.0002	0.0005	0.0002	0.0003	0.1812	0.0002	0.0003	0.0002	0.0001
22	37443667	M7163	0	0.0004	0.1498	0.0005	0.0005	0	0.0001	0.1284	0.0005	0.2217	0.0004	0.0001	0.283	0.0004	0.0003
4	122751005	M7170	0	0.0004	0.0002	0.0458	0.0002	0.0004	0.0002	0.1345	0.0004	0.1679	0.0004	0.0006	0.0005	0.0007	0.0002
20	8990856	M7268	0	0.0005	0.0002	0.0001	0.0001	0.0006	0.0524	0.0002	0.0004	0.0004	0.0004	0.0003	0.0003	0.0004	0.0002
11	3114945	M7370	0	0.0001	0.0005	0.0003	0.0005	0.0005	0.0009	0.1238	0.0004	0.0001	0.0005	0	0.2892	0.0003	0.0004
16	76880832	M7186	0	0.0005	0.1805	0.4026	0.0006	0.0005	0.0006	0.123	0.0004	0.0001	0.1815	0.4813	0.0005	0.0001	0.0001
3	179138563	M7182	0	0	0.0002	0.0005	0.0007	0.0002	0.0005	0.0004	0	0.0005	0.0005	0.0005	0.0001	0.0639	0.0004
19	24635248	M7154	0	0.0002	0.2333	0.0003	0.139	0.2877	0.0004	0.1305	0.1923	0.2765	0.2367	0.0002	0.2825	0.3324	0.0001
21	12055353	M7203	0	0.0003	0.0003	0.0005	0.1367	0.0003	0.0003	0.0006	0	0.0004	0.2456	0.0001	0.0001	0.3449	0.0003
20	5553366	M7218	0	0.0001	0.1516	0.0002	0.0002	0.0004	0.0007	0.1356	0.0005	0.2127	0.0006	0.0006	0.2798	0	0.0003
10	20641921	M7222	0	0.0004	0.075	0.0001	0.0002	0.2849	0.0003	0.0002	0.1824	0.0003	0.0003	0.0002	0.0003	0.0007	0.0004
22	55385322	M7210	0	0.0003	0.0003	0.0002	0.0002	0.0001	0.0006	0.1374	0.0002	0.0003	0.0002	0.0003	0.0001	0.0003	0.0004
15	801209	M7284	0	0.0001	0.0003	0.0002	0	0.0005	0.0004	0.0003	0.0005	0.2096	0.0004	0.0004	0.0001	0.0002	0.0004
13	5772654	M7247	0	0	0.0004	0.1477	0.0004	0.0004	0.0003	0.0004	0.0003	0.0003	0.0001	0.0005	0.0002	0.0003	0.0001
