#chrom	pos	desc	normal	sample1	sample2	sample3	sample4	sample5	sample6	sample7	sample8	sample9	sample10	sample11	sample12	sample13	sample14
11	17939508	M7331	0	0	0	0	0	0.001	0	0	0.002	0	0	0	0.162	0	0
5	172829682	M7151	0	0.387	0.413	0.415	0.117	0.291	0.047	0.263	0.464	0.26	0.435	0.469	0.455	0.412	0.001
20	11263214	M7223	0	0	0	0.001	0.001	0	0	0	0	0	0	0.494	0	0	0.001
18	18887728	M7204	0	0	0	0	0	0.001	0	0.018	0.002	0.001	0	0	0.002	0.001	0
12	60088535	M7262	0	0.001	0	0.155	0	0	0.001	0.001	0	0	0	0	0.001	0	0.001
2	117441359	M7277	0	0	0	0.001	0.136	0	0	0	0	0	0.001	0	0.002	0.216	0
17	43124480	M7215	0	0	0	0.001	0	0	0	0.029	0.001	0	0	0	0	0	0
14	66531229	M7361	0	0	0	0	0	0	0	0	0	0.001	0	0	0	0	0.474
10	122163346	M7266	0	0	0	0	0.001	0.001	0	0.001	0.001	0.001	0.001	0.493	0	0	0
12	84266235	M7212	0	0.001	0	0	0	0	0.001	0	0	0	0	0.001	0.047	0	0.001
22	20054316	M7153	0	0.001	0.244	0	0.141	0.293	0	0.144	0.484	0.271	0.248	0.002	0.281	0.405	0
15	66452172	M7195	0	0	0	0	0.323	0	0.001	0	0.001	0.001	0	0.002	0.001	0	0
12	23154095	M7330	0	0	0.003	0.001	0.001	0.279	0	0	0.189	0.001	0	0	0	0.001	0.001
22	50812956	M7287	0	0	0	0	0	0.001	0.051	0.001	0	0	0	0	0	0	0
18	48390135	M7332	0	0	0.001	0.044	0	0.001	0	0	0	0	0	0	0.001	0	0
4	7819683	M7250	0	0	0	0	0	0.154	0.001	0.001	0	0.001	0	0	0	0	0.001
17	48675203	M7192	0	0.002	0.079	0	0.138	0.294	0	0	0.181	0.068	0.275	0.001	0	0.339	0
4	174428404	M7231	0	0	0	0.046	0	0	0.001	0	0	0	0.001	0	0.001	0	0
22	1841884	M7235	0	0	0.001	0	0.001	0	0	0	0	0.002	0	0	0.044	0	0
11	99035977	M7175	0	0.001	0	0.001	0	0	0.439	0	0	0.001	0	0.001	0.055	0	0.422
10	36013094	M7200	0	0	0	0.413	0.002	0.001	0	0.106	0.001	0.001	0	0.463	0.001	0.001	0
12	109937767	M7278	0	0	0.001	0	0	0	0.001	0.132	0	0	0	0	0	0	0
12	85916970	M7209	0	0.425	0	0	0	0.001	0.001	0	0.001	0	0	0	0	0	0
3	45389255	M7375	0	0.001	0	0	0	0	0	0	0	0.001	0.001	0	0	0.219	0
11	20578461	M7317	0	0	0	0.001	0	0	0.001	0	0.001	0	0	0	0.05	0	0
11	127468910	M7157	0	0.001	0.163	0	0.001	0	0.001	0.137	0	0.221	0	0	0.284	0.002	0
23	37922203	M7156	0	0.001	0.001	0	0	0	0	0.023	0.309	0	0	0	0	0	0
10	77098841	M7152	0	0.001	0.228	0	0.129	0.299	0.001	0.156	0.469	0.257	0.247	0.001	0.268	0.449	0
10	130313622	M7301	0	0	0.001	0	0	0	0.063	0.001	0	0	0	0	0	0.001	0.001
4	45529257	M7362	0	0	0.171	0	0	0	0.001	0	0	0.001	0	0	0	0	0.001
20	17524634	M7155	0	0	0	0.037	0	0.002	0.001	0.134	0	0.153	0	0	0	0.001	0
10	70860574	M7233	0	0	0	0	0	0	0	0	0	0.002	0.166	0	0.002	0	0
16	35314119	M7164	0	0	0	0	0	0	0	0.001	0.001	0.001	0	0.001	0	0.061	0.001
9	3116256	M7230	0	0	0	0	0	0	0.047	0	0	0	0	0.001	0.145	0.001	0.002
7	87052286	M7340	0	0	0	0	0	0	0.001	0.001	0	0	0.195	0	0	0.002	0.001
17	16518876	M7158	0	0	0.17	0	0	0	0	0.132	0	0.216	0	0.001	0.268	0	0.001
3	153987011	M7341	0	0.001	0	0	0	0	0.054	0	0	0.001	0.001	0	0	0	0
20	14530424	M7167	0	0.417	0	0	0.001	0	0	0	0	0	0	0	0	0	0
3	52058571	M7226	0	0	0	0.408	0	0	0	0.102	0	0	0.001	0	0	0.001	0
4	27198973	M7295	0	0	0.001	0	0.001	0	0	0	0.001	0	0.181	0	0.002	0	0
22	37443667	M7163	0	0	0.168	0	0.001	0	0	0.125	0	0.213	0	0	0.277	0	0
4	122751005	M7170	0	0.001	0	0.049	0	0.002	0	0.121	0	0.166	0	0	0	0.002	0.001
20	8990856	M7268	0	0	0	0	0	0	0.054	0	0	0	0	0	0.002	0	0
11	3114945	M7370	0	0	0	0	0	0	0.001	0.136	0	0.001	0	0	0.262	0	0
16	76880832	M7186	0	0	0.19	0.423	0	0	0.002	0.117	0	0	0.179	0.471	0	0	0
3	179138563	M7182	0	0.002	0	0	0	0	0.001	0	0	0.001	0	0.001	0.002	0.077	0
19	24635248	M7154	0	0	0.216	0.001	0.145	0.289	0	0.129	0.187	0.283	0.265	0.002	0.292	0.315	0
21	12055353	M7203	0	0.001	0.001	0.001	0.129	0	0.001	0.002	0.001	0	0.27	0	0.001	0.36	0
20	5553366	M7218	0	0	0.157	0	0	0	0.001	0.122	0	0.214	0	0.001	0.308	0	0
10	20641921	M7222	0	0	0.071	0	0	0.305	0.001	0	0.191	0	0	0.001	0	0	0.001
22	55385322	M7210	0	0.001	0	0	0	0	0	0.136	0	0	0	0	0	0	0
15	801209	M7284	0	0	0	0.001	0	0	0	0	0	0.222	0	0	0	0	0.001
13	5772654	M7247	0	0	0	0.153	0	0.001	0	0.002	0	0	0	0	0	0.001	0
