#chrom	pos	desc	normal	sample1	sample2	sample3	sample4	sample5	sample6	sample7	sample8	sample9	sample10	sample11	sample12	sample13	sample14
11	17939508	M7331	0	0	0	0	0	0	0	0	0	0	0	0	0.1612	0	0
5	172829682	M7151	0	0.4189	0.4095	0.414	0.1376	0.2864	0.0512	0.2722	0.4834	0.2786	0.4275	0.4827	0.4414	0.409	0
20	11263214	M7223	0	0	0	0	0	0	0	0	0	0	0	0.4827	0	0	0
18	18887728	M7204	0	0	0	0	0	0	0	0.0305	0	0	0	0	0	0	0
12	60088535	M7262	0	0	0	0.1442	0	0	0	0	0	0	0	0	0	0	0
2	117441359	M7277	0	0	0	0	0.1376	0	0	0	0	0	0	0	0	0.2313	0
17	43124480	M7215	0	0	0	0	0	0	0	0.0305	0	0	0	0	0	0	0
14	66531229	M7361	0	0	0	0	0	0	0	0	0	0	0	0	0	0	0.4318
10	122163346	M7266	0	0	0	0	0	0	0	0	0	0	0	0.4827	0	0	0
12	84266235	M7212	0	0	0	0	0	0	0	0	0	0	0	0	0.0464	0	0
22	20054316	M7153	0	0	0.2274	0	0.1376	0.2864	0	0.16	0.4834	0.2786	0.2486	0	0.2802	0.409	0
15	66452172	M7195	0	0	0	0	0.3171	0	0	0	0	0	0	0	0	0	0
12	23154095	M7330	0	0	0	0	0	0.2864	0	0	0.1895	0	0	0	0	0	0
22	50812956	M7287	0	0	0	0	0	0	0.0512	0	0	0	0	0	0	0	0
18	48390135	M7332	0	0	0	0.0459	0	0	0	0	0	0	0	0	0	0	0
4	7819683	M7250	0	0	0	0	0	0.1362	0	0	0	0	0	0	0	0	0
17	48675203	M7192	0	0	0.0747	0	0.1376	0.2864	0	0	0.1895	0.067	0.2486	0	0	0.3424	0
4	174428404	M7231	0	0	0	0.0459	0	0	0	0	0	0	0	0	0	0	0
22	1841884	M7235	0	0	0	0	0	0	0	0	0	0	0	0	0.0464	0	0
11	99035977	M7175	0	0	0	0	0	0	0.3952	0	0	0	0	0	0.0464	0	0.4318
10	36013094	M7200	0	0	0	0.414	0	0	0	0.1122	0	0	0	0.4827	0	0	0
12	109937767	M7278	0	0	0	0	0	0	0	0.1327	0	0	0	0	0	0	0
12	85916970	M7209	0	0.4189	0	0	0	0	0	0	0	0	0	0	0	0	0
3	45389255	M7375	0	0	0	0	0	0	0	0	0	0	0	0	0	0.2313	0
11	20578461	M7317	0	0	0	0	0	0	0	0	0	0	0	0	0.0464	0	0
11	127468910	M7157	0	0	0.1527	0	0	0	0	0.1296	0	0.2116	0	0	0.2802	0	0
23	37922203	M7156	0	0	0	0	0	0	0	0.0305	0.2939	0	0	0	0	0	0
10	77098841	M7152	0	0	0.2274	0	0.1376	0.2864	0	0.16	0.4834	0.2786	0.2486	0	0.2802	0.409	0
10	130313622	M7301	0	0	0	0	0	0	0.0512	0	0	0	0	0	0	0	0
4	45529257	M7362	0	0	0.1821	0	0	0	0	0	0	0	0	0	0	0	0
20	17524634	M7155	0	0	0	0.0459	0	0	0	0.1327	0	0.1685	0	0	0	0	0
10	70860574	M7233	0	0	0	0	0	0	0	0	0	0	0.1788	0	0	0	0
16	35314119	M7164	0	0	0	0	0	0	0	0	0	0	0	0	0	0.0666	0
9	3116256	M7230	0	0	0	0	0	0	0.0512	0	0	0	0	0	0.1612	0	0
7	87052286	M7340	0	0	0	0	0	0	0	0	0	0	0.1788	0	0	0	0
17	16518876	M7158	0	0	0.1527	0	0	0	0	0.1296	0	0.2116	0	0	0.2802	0	0
3	153987011	M7341	0	0	0	0	0	0	0.0512	0	0	0	0	0	0	0	0
20	14530424	M7167	0	0.4189	0	0	0	0	0	0	0	0	0	0	0	0	0
3	52058571	M7226	0	0	0	0.414	0	0	0	0.0991	0	0	0	0	0	0	0
4	27198973	M7295	0	0	0	0	0	0	0	0	0	0	0.1788	0	0	0	0
22	37443667	M7163	0	0	0.1527	0	0	0	0	0.1296	0	0.2116	0	0	0.2802	0	0
4	122751005	M7170	0	0	0	0.0459	0	0	0	0.1327	0	0.1685	0	0	0	0	0
20	8990856	M7268	0	0	0	0	0	0	0.0512	0	0	0	0	0	0	0	0
11	3114945	M7370	0	0	0	0	0	0	0	0.1296	0	0	0	0	0.2802	0	0
16	76880832	M7186	0	0	0.1821	0.414	0	0	0	0.1122	0	0	0.1788	0.4827	0	0	0
3	179138563	M7182	0	0	0	0	0	0	0	0	0	0	0	0	0	0.0666	0
19	24635248	M7154	0	0	0.2274	0	0.1376	0.2864	0	0.1296	0.1895	0.2786	0.2486	0	0.2802	0.3424	0
21	12055353	M7203	0	0	0	0	0.1376	0	0	0	0	0	0.2486	0	0	0.3424	0
20	5553366	M7218	0	0	0.1527	0	0	0	0	0.1296	0	0.2116	0	0	0.2802	0	0
10	20641921	M7222	0	0	0.0747	0	0	0.2864	0	0	0.1895	0	0	0	0	0	0
22	55385322	M7210	0	0	0	0	0	0	0	0.1327	0	0	0	0	0	0	0
15	801209	M7284	0	0	0	0	0	0	0	0	0	0.2116	0	0	0	0	0
13	5772654	M7247	0	0	0	0.1442	0	0	0	0	0	0	0	0	0	0	0
