#chrom	pos	desc	normal	sample1	sample2	sample3	sample4	sample5	sample6	sample7	sample8	sample9
12	21157518	M1780	0	0.332	0.001	0	0	0	0	0	0	0.001
1	28781808	M1650	0	0	0.003	0	0	0	0	0	0	0.194
18	27283416	M1644	0	0.002	0.13	0.001	0	0	0.001	0.039	0.001	0
21	13187315	M1802	0	0	0	0	0	0	0.001	0	0.001	0.022
10	6765943	M2395	0	0	0.001	0	0	0	0	0.001	0	0.015
23	34921853	M1663	0	0	0.001	0	0	0	0.206	0.002	0	0
6	135665418	M1855	0	0	0.194	0.001	0	0	0	0	0	0.001
13	118601817	M2109	0	0	0	0	0	0.001	0.001	0.011	0	0
17	31389506	M1667	0	0	0.156	0	0	0	0.02	0.005	0	0
21	17212120	M1678	0	0	0	0	0.001	0.001	0.112	0.001	0	0
23	28164343	M1629	0	0.17	0	0	0.001	0	0	0	0.001	0
22	22019957	M1831	0	0	0	0	0	0.259	0	0	0	0
4	10864436	M1640	0	0	0	0.001	0	0	0	0.001	0.001	0.02
18	52519935	M2417	0	0	0	0	0	0.255	0.002	0	0	0.001
13	107701492	M2375	0	0.324	0	0	0	0	0.001	0	0	0
6	154809488	M2437	0	0.001	0.181	0	0	0	0	0	0	0
4	126258052	M1705	0	0.001	0	0.442	0.001	0	0	0	0	0
20	21730395	M1690	0	0.291	0	0.002	0	0.001	0	0.001	0	0
9	51058289	M2634	0	0	0	0	0	0	0.001	0.004	0	0
5	156963846	M1610	0	0.466	0.443	0.462	0.045	0.269	0.219	0.277	0.521	0.071
5	73177942	M2226	0	0	0	0	0	0.001	0	0.216	0	0.001
6	115836216	M1635	0	0.309	0.077	0	0	0	0.203	0	0	0.001
12	58061539	M1747	0	0	0.001	0	0.348	0	0	0	0	0.003
11	43909940	M2208	0	0	0	0.001	0	0.001	0.184	0	0	0
4	149655508	M1713	0	0	0	0	0	0	0.001	0.01	0	0.001
17	26733116	M1623	0	0.001	0	0	0	0	0.001	0	0.48	0
20	27028681	M1688	0	0	0	0.001	0	0.248	0	0	0	0
2	202569042	M2373	0	0	0	0	0.001	0.216	0.001	0	0.001	0.001
17	68212175	M1624	0	0	0	0	0	0	0	0	0	0.108
10	29748152	M2210	0	0	0	0	0	0.001	0.015	0.003	0	0
13	103029699	M1648	0	0	0.034	0	0	0	0	0.224	0	0
17	51428045	M1768	0	0	0	0.001	0	0.001	0	0.001	0.001	0.068
9	123455651	M1665	0	0.002	0	0	0	0	0	0	0.492	0
15	74739700	M1618	0	0.293	0.327	0.437	0.059	0	0.22	0.213	0	0.128
4	9912321	M1801	0	0.001	0	0	0	0	0	0.004	0	0.001
15	70172414	M1757	0	0	0.001	0.001	0	0.001	0.209	0	0	0
9	55268933	M1853	0	0	0	0.001	0	0.001	0	0	0.496	0
17	62417015	M2577	0	0	0	0.427	0.001	0	0.001	0.002	0	0.002
3	83832433	M2153	0	0.001	0.002	0	0	0.001	0.001	0.001	0	0.094
19	36972189	M1666	0	0.001	0	0	0	0	0.001	0	0	0.106
10	105757934	M1945	0	0	0.001	0.001	0	0	0.002	0.193	0	0
22	22780346	M1620	0	0	0	0	0.001	0	0	0.118	0	0.24
7	94594473	M2032	0	0	0	0	0	0.001	0	0	0.002	0.187
4	184528460	M1744	0	0	0.134	0	0.003	0	0.001	0.001	0	0
10	33168276	M1615	0	0	0.001	0	0.258	0.192	0.09	0	0	0.108
10	126516849	M1613	0	0	0	0	0.038	0	0	0.001	0	0.002
10	48821795	M1778	0	0	0.002	0.001	0	0.181	0.001	0	0	0.001
18	35549300	M1614	0	0.283	0.452	0.607	0.044	0	0.203	0.285	0.503	0.064
7	134960388	M2036	0	0	0	0.478	0	0.001	0	0	0	0
8	40360264	M1649	0	0.001	0	0	0.375	0	0.001	0	0	0
10	21003233	M1759	0	0	0.001	0	0	0.001	0.01	0.001	0.002	0
21	17424083	M1627	0	0	0	0	0	0	0.001	0	0.001	0.015
