#chrom	pos	desc	normal	sample1	sample2	sample3	sample4	sample5	sample6	sample7	sample8	sample9
12	21157518	M1780	0	0.2974	0	0	0	0	0	0	0	0
1	28781808	M1650	0	0	0	0	0	0	0	0	0	0.2154
18	27283416	M1644	0	0	0.1359	0	0	0	0	0.0466	0	0
21	13187315	M1802	0	0	0	0	0	0	0	0	0	0.0195
10	6765943	M2395	0	0	0	0	0	0	0	0	0	0.0173
23	34921853	M1663	0	0	0	0	0	0	0.1961	0	0	0
6	135665418	M1855	0	0	0.1842	0	0	0	0	0	0	0
13	118601817	M2109	0	0	0	0	0	0	0	0.0053	0	0
17	31389506	M1667	0	0	0.1702	0	0	0	0.0166	0.0053	0	0
21	17212120	M1678	0	0	0	0	0	0	0.1138	0	0	0
23	28164343	M1629	0	0.1671	0	0	0	0	0	0	0	0
22	22019957	M1831	0	0	0	0	0	0.2668	0	0	0	0
4	10864436	M1640	0	0	0	0	0	0	0	0	0	0.0176
18	52519935	M2417	0	0	0	0	0	0.2668	0	0	0	0
13	107701492	M2375	0	0.2974	0	0	0	0	0	0	0	0
6	154809488	M2437	0	0	0.1842	0	0	0	0	0	0	0
4	126258052	M1705	0	0	0	0.4394	0	0	0	0	0	0
20	21730395	M1690	0	0.2974	0	0	0	0	0	0	0	0
9	51058289	M2634	0	0	0	0	0	0	0	0.0053	0	0
5	156963846	M1610	0	0.4645	0.4367	0.4394	0.0512	0.2668	0.2127	0.2689	0.4962	0.067
5	73177942	M2226	0	0	0	0	0	0	0	0.217	0	0
6	115836216	M1635	0	0.2974	0.0823	0	0	0	0.1961	0	0	0
12	58061539	M1747	0	0	0	0	0.3512	0	0	0	0	0
11	43909940	M2208	0	0	0	0	0	0	0.1929	0	0	0
4	149655508	M1713	0	0	0	0	0	0	0	0.0053	0	0
17	26733116	M1623	0	0	0	0	0	0	0	0	0.4962	0
20	27028681	M1688	0	0	0	0	0	0.2223	0	0	0	0
2	202569042	M2373	0	0	0	0	0	0.2223	0	0	0	0
17	68212175	M1624	0	0	0	0	0	0	0	0	0	0.1083
10	29748152	M2210	0	0	0	0	0	0	0.0131	0	0	0
13	103029699	M1648	0	0	0.0342	0	0	0	0	0.217	0	0
17	51428045	M1768	0	0	0	0	0	0	0	0	0	0.067
9	123455651	M1665	0	0	0	0	0	0	0	0	0.4962	0
15	74739700	M1618	0	0.2974	0.3008	0.4394	0.0512	0	0.2092	0.2222	0	0.1255
4	9912321	M1801	0	0	0	0	0	0	0	0.0053	0	0
15	70172414	M1757	0	0	0	0	0	0	0.1929	0	0	0
9	55268933	M1853	0	0	0	0	0	0	0	0	0.4962	0
17	62417015	M2577	0	0	0	0.4394	0	0	0	0	0	0
3	83832433	M2153	0	0	0	0	0	0	0	0	0	0.1083
19	36972189	M1666	0	0	0	0	0	0	0	0	0	0.1083
10	105757934	M1945	0	0	0	0	0	0	0	0.217	0	0
22	22780346	M1620	0	0	0	0	0	0	0	0.1358	0	0.2154
7	94594473	M2032	0	0	0	0	0	0	0	0	0	0.2154
4	184528460	M1744	0	0	0.1359	0	0	0	0	0	0	0
10	33168276	M1615	0	0	0	0	0.2599	0.1819	0.0895	0	0	0.1133
10	126516849	M1613	0	0	0	0	0.0435	0	0	0	0	0
10	48821795	M1778	0	0	0	0	0	0.1819	0	0	0	0
18	35549300	M1614	0	0.2974	0.4367	0.6105	0.0512	0	0.2127	0.2689	0.4962	0.067
7	134960388	M2036	0	0	0	0.4394	0	0	0	0	0	0
8	40360264	M1649	0	0	0	0	0.3691	0	0	0	0	0
10	21003233	M1759	0	0	0	0	0	0	0.0131	0	0	0
21	17424083	M1627	0	0	0	0	0	0	0	0	0	0.0195
