#chrom	pos	desc	normal	sample1	sample2	sample3	sample4	sample5	sample6	sample7	sample8	sample9
15	105104074	M4296	0	0	0	0	0.1602	0.1245	0	0	0	0.1667
9	54473620	M4264	0	0.0245	0	0	0.212	0	0.2029	0	0	0.2481
19	16939546	M4252	0	0	0	0	0.1602	0.1245	0	0	0.0489	0.1667
10	91430763	M4382	0	0	0	0	0.0507	0	0	0.0701	0	0
5	70684320	M4238	0	0.034	0.0975	0	0.212	0.0772	0.4097	0	0.4386	0.2712
6	14377928	M4278	0	0	0.0896	0	0	0	0	0.1969	0	0
12	86338044	M4356	0	0.034	0	0	0	0	0	0	0	0.0351
5	51382213	M4249	0	0	0	0	0.0507	0	0	0.0701	0	0
19	25736196	M4286	0	0	0	0	0	0	0	0	0	0.0231
12	77950754	M4232	0	0	0	0	0.0507	0	0	0.0701	0	0
21	18073145	M4308	0	0	0	0	0	0.2374	0	0	0	0
15	71153526	M4357	0	0	0	0	0	0	0	0	0.0489	0
16	68432950	M4289	0	0	0.0896	0	0	0	0	0.1969	0	0
13	51890068	M4401	0	0	0	0.4696	0	0	0	0	0	0
16	91714827	M4429	0	0	0	0	0	0.2374	0	0	0	0
23	47106797	M4360	0	0	0	0	0	0.2374	0	0	0	0
21	25039184	M4236	0	0.4193	0.0975	0	0.212	0.3146	0.4097	0	0.4386	0.2712
23	10339454	M4381	0	0.3853	0	0	0	0	0	0	0	0
21	40956232	M4366	0	0	0	0	0	0	0	0.1969	0	0
5	170879985	M4270	0	0	0	0	0	0	0	0	0	0.0231
23	31602779	M4231	0	0.4193	0.0975	0.4696	0.2626	0.3146	0.4097	0.0701	0.4386	0.2712
3	95370101	M4338	0	0	0	0	0	0	0.0861	0	0	0
5	105973649	M4422	0	0	0	0	0	0	0.0861	0	0	0
1	139304240	M4408	0	0	0	0	0	0	0.1272	0	0	0
3	127808456	M4230	0	0.4193	0.0975	0.4696	0.2626	0.3146	0.4097	0.0701	0.4386	0.2712
3	175759337	M4427	0	0	0.0896	0	0	0	0	0	0	0
3	121749170	M4275	0	0	0.0975	0	0	0.0772	0.1207	0	0.4386	0
23	31095859	M4392	0	0	0	0	0	0	0	0	0	0.0231
8	148157543	M4244	0	0.034	0.0975	0	0.212	0.0772	0.3236	0	0.4386	0.2481
4	186646894	M4257	0	0.3853	0	0	0	0	0	0	0	0
8	100263396	M4280	0	0	0.2559	0	0	0	0	0	0	0
13	40749140	M4378	0	0	0	0	0	0	0	0.1332	0	0
18	34475419	M4377	0	0	0	0	0.212	0	0.1272	0	0	0.213
13	43959617	M4265	0	0	0.0896	0	0	0	0	0.1969	0	0
22	11159489	M4359	0	0	0	0	0	0	0.0676	0	0	0
18	20034587	M4273	0	0.034	0	0	0	0	0.0757	0	0	0.0351
5	56495898	M4344	0	0	0	0	0	0	0	0.1969	0	0
17	13082047	M4330	0	0	0	0	0	0	0	0.1332	0	0
8	1068669	M4242	0	0	0	0	0	0	0.0861	0	0	0.0231
4	158220497	M4336	0	0	0	0	0	0.1245	0	0	0	0.1667
9	144978489	M4430	0	0	0	0	0	0.1245	0	0	0	0
14	29451245	M4300	0	0	0	0	0	0	0.0757	0	0	0
1	188996430	M4261	0	0.3853	0	0	0	0	0	0	0	0
16	26773240	M4291	0	0	0	0	0	0	0	0.1332	0	0
6	107703470	M4398	0	0	0	0	0	0.1245	0	0	0	0
6	81824721	M4365	0	0	0	0	0	0	0.1207	0	0.4386	0
19	74406543	M4333	0	0	0	0	0.1602	0	0	0	0	0
18	74183604	M4355	0	0	0	0	0.0507	0	0	0.0701	0	0
23	2783826	M4245	0	0	0	0	0	0	0.0861	0	0	0.0198
23	15700372	M4373	0	0	0.0896	0	0	0	0	0	0	0
16	98548456	M4251	0	0.034	0.0975	0	0.212	0.0772	0.3236	0	0.4386	0.2481
15	20985953	M4322	0	0	0	0	0	0.1245	0	0	0	0.1667
9	15845164	M4426	0	0.0245	0	0	0	0	0	0	0	0
5	82150504	M4320	0	0	0	0	0.212	0	0.1272	0	0	0.213
19	33734218	M4404	0	0	0	0	0	0	0.1207	0	0	0
11	125181437	M4277	0	0	0	0	0	0	0	0	0.0489	0
16	12666924	M4258	0	0	0	0	0	0	0	0.1332	0	0
