#chrom	pos	desc	normal	sample1	sample2	sample3	sample4	sample5	sample6	sample7	sample8	sample9	sample10	sample11	sample12	sample13	sample14
7	63074978	M4407	0	0.001	0	0	0	0	0.457	0	0	0	0	0.001	0	0	0
19	16939546	M4252	0	0.094	0	0	0	0	0.002	0.321	0.001	0	0.038	0.064	0.07	0	0
9	54473620	M4264	0	0	0.119	0.313	0.413	0	0.441	0	0	0	0.002	0	0	0.003	0.001
10	91430763	M4382	0	0	0.001	0	0	0	0	0	0	0	0.082	0	0	0.001	0
5	70684320	M4238	0	0.001	0.112	0.414	0.457	0	0.439	0.001	0	0.451	0	0.208	0	0.091	0.41
23	18057349	M4279	0	0.001	0	0.001	0	0	0	0	0	0	0.001	0.191	0	0.001	0.001
15	103739550	M4310	0	0.002	0	0	0	0	0	0	0	0	0.001	0	0	0.086	0
21	14236752	M4431	0	0	0	0	0	0	0	0	0	0	0	0	0	0.002	0
8	13869854	M4328	0	0	0	0.001	0.001	0.001	0	0.315	0.001	0.001	0.001	0	0.001	0	0
6	14377928	M4278	0	0	0.001	0	0	0	0	0	0	0	0	0.001	0.127	0	0
5	51382213	M4249	0	0.386	0	0	0	0	0	0.001	0.452	0.002	0.09	0.202	0.001	0.216	0.001
12	86338044	M4356	0	0.002	0	0	0.461	0.001	0	0	0.001	0	0	0	0.001	0.001	0
22	2782999	M4350	0	0	0	0.001	0	0	0	0	0	0	0	0	0.001	0	0.155
19	25736196	M4286	0	0.002	0	0	0	0	0	0	0.002	0	0	0.001	0	0	0.257
12	77950754	M4232	0	0.377	0	0	0	0	0	0	0.476	0	0.093	0.211	0	0.217	0
15	71153526	M4357	0	0.104	0.001	0	0	0.001	0	0	0	0	0.025	0	0.077	0.001	0
16	68432950	M4289	0	0.001	0.001	0.002	0.002	0.001	0.002	0	0	0	0	0	0.138	0	0
22	399687	M4297	0	0	0	0.001	0	0.411	0.001	0.001	0.001	0	0	0.001	0	0.001	0
16	23668828	M4402	0	0.001	0	0	0	0.001	0	0	0	0	0	0.001	0	0	0
21	44440641	M4276	0	0.001	0	0	0	0	0.001	0.334	0.001	0	0	0	0.001	0.001	0
7	65297980	M4362	0	0	0.001	0	0.001	0	0	0	0	0	0	0	0	0.101	0
21	25039184	M4236	0	0.001	0.11	0.461	0.461	0.421	0.453	0.106	0.001	0.478	0.001	0.211	0	0.224	0.44
22	8875620	M4425	0	0	0	0.001	0	0.38	0.002	0.001	0	0	0	0	0.001	0	0
11	14789467	M4400	0	0.001	0	0	0	0	0	0.351	0	0	0	0	0	0	0.002
23	10339454	M4381	0	0	0	0	0	0.001	0	0.074	0	0	0	0.011	0	0.001	0.001
5	170879985	M4270	0	0	0	0.001	0	0	0	0.001	0	0	0.001	0.002	0.001	0	0.247
23	31602779	M4231	0	0.35	0.101	0.439	0.446	0.419	0.459	0.101	0.426	0.445	0.105	0.418	0	0.44	0.436
10	35995221	M4292	0	0	0.001	0.126	0	0	0	0.001	0	0	0.001	0.001	0	0.001	0.182
18	12149566	M4301	0	0	0	0	0	0	0	0	0	0.001	0	0.176	0.001	0	0
3	127808456	M4230	0	0.372	0.131	0.419	0.455	0.421	0.447	0.106	0.451	0.441	0.086	0.412	0	0.485	0.415
19	42148471	M4312	0	0.001	0	0.002	0.001	0	0	0	0.419	0	0	0	0	0	0
3	175759337	M4427	0	0.001	0.001	0	0	0	0	0	0	0.003	0	0.001	0.081	0.002	0.001
3	121749170	M4275	0	0	0	0	0	0	0	0	0	0.405	0	0.16	0.001	0.001	0
2	22668556	M4358	0	0	0.001	0.002	0	0.002	0	0.001	0	0.002	0.001	0	0.272	0.001	0
11	22696387	M4259	0	0.002	0.001	0	0	0	0	0	0	0	0.001	0	0	0.077	0
3	190143662	M4254	0	0	0	0	0	0	0	0.001	0	0	0	0	0.287	0.001	0
8	148157543	M4244	0	0	0.107	0.447	0.448	0	0.427	0	0	0.379	0	0.206	0.001	0.1	0.171
4	186646894	M4257	0	0	0.001	0.002	0	0.415	0	0.104	0.001	0	0	0.014	0.001	0.135	0
8	100263396	M4280	0	0	0	0	0.001	0	0	0	0	0	0.275	0	0	0.001	0
10	34889314	M4416	0	0.001	0	0	0	0	0.001	0	0	0.08	0.001	0	0	0.001	0
18	34475419	M4377	0	0	0.001	0.307	0	0.001	0	0	0	0	0	0	0	0	0
20	6233849	M4263	0	0	0	0.095	0	0	0	0	0	0	0	0.001	0.001	0	0.17
22	11159489	M4359	0	0	0.111	0.001	0.001	0	0	0	0	0	0	0	0	0	0.002
13	43959617	M4265	0	0	0.002	0	0.001	0	0.001	0	0	0	0.001	0	0.106	0.001	0
23	3440507	M4288	0	0	0	0	0	0	0	0.271	0	0	0	0	0.002	0	0
18	20034587	M4273	0	0	0.115	0	0.454	0	0.436	0.002	0.001	0	0	0	0	0.002	0
5	56495898	M4344	0	0	0	0	0	0	0	0	0	0	0.002	0.001	0.037	0	0.001
17	53293	M4399	0	0.001	0	0	0	0	0	0.001	0.001	0	0.001	0	0.001	0	0.144
8	1068669	M4242	0	0.001	0.001	0	0	0	0	0	0	0.07	0	0.001	0	0	0.255
23	8886407	M4375	0	0	0	0	0	0	0.442	0	0	0.001	0	0	0	0	0
14	29451245	M4300	0	0	0.108	0	0	0.001	0.428	0.001	0	0	0	0	0	0	0.001
1	188996430	M4261	0	0.001	0	0	0.002	0.428	0.001	0.086	0	0	0	0.016	0	0.142	0
3	143949142	M4346	0	0.002	0.001	0	0	0.408	0	0.001	0.001	0.001	0	0.001	0	0.001	0
6	142287359	M4367	0	0	0.184	0	0	0.001	0	0	0.001	0.001	0	0	0	0.001	0.003
6	81824721	M4365	0	0	0	0	0	0.002	0.001	0	0.001	0	0	0.193	0.001	0	0
1	99859287	M4393	0	0	0	0.112	0	0	0	0.001	0	0	0.001	0	0	0	0
23	2783826	M4245	0	0.001	0.001	0	0.001	0	0	0	0	0.093	0.001	0.001	0	0	0.249
18	74183604	M4355	0	0	0	0.002	0	0	0	0	0	0.001	0.095	0	0	0.221	0.001
23	15700372	M4373	0	0.001	0	0	0	0	0	0	0.002	0	0.002	0.003	0.047	0	0.002
19	71086211	M4321	0	0	0	0	0	0	0.001	0	0	0	0	0	0	0	0.161
9	73675488	M4298	0	0.381	0	0	0	0	0.001	0	0.002	0	0.001	0.001	0	0	0
14	34756303	M4387	0	0	0.113	0	0	0	0	0.001	0	0	0	0	0	0.001	0
16	98548456	M4251	0	0	0.112	0.324	0.451	0	0.449	0	0	0.405	0	0.198	0	0.106	0.001
5	82150504	M4320	0	0.002	0	0.307	0	0	0	0	0.001	0	0.001	0	0	0.001	0
19	33734218	M4404	0	0	0.001	0	0.001	0	0.001	0.001	0	0.002	0	0.193	0.002	0.001	0
11	125181437	M4277	0	0.09	0	0	0.001	0	0.001	0.001	0	0	0.036	0.029	0.075	0	0
6	118410101	M4370	0	0	0.017	0.001	0	0	0.001	0	0	0	0.001	0	0.001	0	0
16	12666924	M4258	0	0	0.025	0	0.001	0	0	0.001	0	0	0.001	0	0	0	0
18	1630609	M4415	0	0.373	0	0	0	0	0	0	0	0.001	0	0	0	0	0
14	77309904	M4351	0	0	0	0	0	0	0	0.318	0.001	0	0.001	0.001	0	0	0.001
1	216435795	M4309	0	0	0	0	0	0	0	0	0.001	0.079	0	0	0	0	0.001
