#chrom	pos	desc	normal	sample1	sample2	sample3	sample4	sample5	sample6	sample7	sample8	sample9	sample10	sample11	sample12	sample13	sample14
7	63074978	M4407	0	0.0002	0.0004	0.0005	0	0.0006	0.4475	0.0005	0.0004	0.0003	0.0001	0.0005	0.0002	0.0001	0
19	16939546	M4252	0	0.0952	0	0.0004	0.0005	0.0004	0.0004	0.3279	0.0006	0.0005	0.0358	0.0411	0.0783	0.0002	0.0006
9	54473620	M4264	0	0.0004	0.1145	0.342	0.4493	0.0007	0.4453	0.0004	0.0002	0.0004	0.0001	0.0004	0.0006	0.0027	0.0002
10	91430763	M4382	0	0.0005	0.0004	0.0006	0.0002	0.0003	0.0006	0.0001	0.0003	0.0005	0.0936	0.0004	0.0006	0.0001	0.0004
5	70684320	M4238	0	0	0.1155	0.4401	0.4536	0	0.4403	0.0002	0.0001	0.4616	0.0005	0.2022	0.0002	0.0877	0.4266
23	18057349	M4279	0	0.0001	0.0002	0	0.0004	0.0006	0.0003	0.0004	0.0002	0.0002	0.0006	0.1819	0.0006	0.0004	0.001
15	103739550	M4310	0	0.0003	0.0003	0.0005	0.0007	0.0002	0.001	0.0003	0.0004	0.0003	0.0004	0.0004	0.0007	0.0853	0.0002
21	14236752	M4431	0	0.0006	0.0001	0.0004	0.0001	0.0002	0	0.0003	0.0004	0.0004	0.0001	0.0002	0.0001	0.0015	0.0004
8	13869854	M4328	0	0.0002	0.0005	0.0007	0.0006	0.0002	0.0003	0.3232	0.0004	0.0003	0	0.0005	0.0003	0.0004	0.0003
6	14377928	M4278	0	0.0004	0.0006	0.0001	0.0006	0.0001	0.0003	0.0001	0.0007	0.0005	0.0004	0.0005	0.1199	0.0004	0.0002
5	51382213	M4249	0	0.3677	0.0003	0.0003	0.0001	0.0002	0.0004	0.0003	0.4599	0.0006	0.0963	0.196	0.0003	0.2116	0.0002
12	86338044	M4356	0	0.0004	0.0002	0.0003	0.4589	0.0003	0.0002	0.0002	0.0004	0.0006	0.0001	0.0003	0.0003	0.0017	0.0004
22	2782999	M4350	0	0.0008	0.0002	0.0007	0.0002	0.0005	0.0001	0.0004	0.0003	0.0002	0.0003	0.0004	0.0004	0.0003	0.1675
19	25736196	M4286	0	0.0002	0.0001	0.0005	0.0003	0.0002	0.0004	0.0002	0.0002	0.0003	0.0004	0.0002	0.0001	0.0004	0.2545
12	77950754	M4232	0	0.3666	0.0001	0.0005	0.0003	0.0003	0.0001	0.0004	0.4512	0.0002	0.0931	0.1929	0.0003	0.2134	0.0001
15	71153526	M4357	0	0.1057	0.0003	0.0003	0.0004	0.0004	0.0001	0.0006	0.0003	0.0004	0.0415	0.0004	0.0815	0.0004	0.0002
16	68432950	M4289	0	0.0002	0.0004	0.0001	0.0001	0.0005	0.0003	0.0007	0.0001	0.0004	0.0004	0.0002	0.1149	0.0005	0.0003
22	399687	M4297	0	0.0004	0.0001	0.0001	0.0005	0.409	0.0003	0.0005	0.0002	0.0002	0.0002	0	0.0002	0.0004	0.0005
16	23668828	M4402	0	0.0004	0.0005	0.0001	0.0002	0	0.0004	0.0002	0.0006	0.0001	0.0003	0.0004	0.0002	0.0013	0.0001
21	44440641	M4276	0	0.0005	0.0004	0.0003	0.0002	0.0005	0.0004	0.3339	0.0004	0.0001	0.0003	0.0003	0.0002	0.0004	0.0003
7	65297980	M4362	0	0.0005	0.0004	0.0001	0	0.0005	0.0005	0.0003	0.0006	0.0001	0.0003	0.0002	0.0004	0.0856	0.0005
21	25039184	M4236	0	0.0002	0.1222	0.4414	0.4525	0.3981	0.4403	0.0991	0.0002	0.4608	0.0004	0.2121	0.0002	0.2359	0.4144
22	8875620	M4425	0	0.0006	0.0003	0.0002	0.0002	0.4011	0.0004	0.0003	0.0002	0.0003	0.0003	0.0004	0.0003	0.0006	0.0004
11	14789467	M4400	0	0.0004	0.0006	0.0004	0.0002	0.0002	0.0002	0.3205	0.0008	0.0003	0.0002	0.0007	0.0004	0.0007	0.0004
23	10339454	M4381	0	0.0002	0.0003	0.0003	0.0003	0.0007	0.0002	0.0794	0.0002	0.0003	0.0005	0.0115	0.0001	0.0002	0.0003
5	170879985	M4270	0	0.0002	0.0003	0.0004	0.0001	0.0002	0.0004	0.0002	0.0002	0.0003	0.0004	0.0001	0.0004	0.0002	0.2589
23	31602779	M4231	0	0.3754	0.1147	0.4333	0.4555	0.3983	0.4375	0.1027	0.4498	0.4637	0.0965	0.414	0.0002	0.4414	0.4112
10	35995221	M4292	0	0.0002	0.0004	0.1122	0.0005	0.0002	0.0005	0.0007	0.0002	0.0002	0.0007	0.0004	0.0007	0.0004	0.1673
18	12149566	M4301	0	0.0002	0.0002	0.0004	0.0004	0.0003	0.0005	0.0002	0.0004	0.0003	0.0007	0.1926	0.0001	0.0002	0.0005
3	127808456	M4230	0	0.3659	0.1106	0.4467	0.4502	0.3987	0.4444	0.0948	0.4599	0.4601	0.0922	0.4108	0.0004	0.4459	0.4143
19	42148471	M4312	0	0.0003	0.0002	0.0005	0.0004	0.0004	0.0003	0.0004	0.4555	0.0002	0.0006	0.0003	0.0006	0.0001	0.0005
3	175759337	M4427	0	0.0002	0.0002	0.0003	0.0004	0.0003	0.0003	0.0005	0.0009	0.0001	0.0007	0.0002	0.0754	0.0003	0.0001
3	121749170	M4275	0	0.0003	0.0003	0.0002	0.0002	0.0002	0.0004	0.0004	0.0006	0.369	0.0002	0.2084	0.0002	0	0.0004
2	22668556	M4358	0	0.0002	0.0003	0.0002	0.0006	0.0003	0.0002	0.0004	0	0.0003	0.0002	0.0003	0.2827	0.0003	0.0002
11	22696387	M4259	0	0.0003	0.0001	0.0003	0.0005	0.0003	0.0002	0.0007	0.0002	0.0002	0.0002	0.0004	0.0004	0.0695	0.0006
3	190143662	M4254	0	0.0001	0.0001	0.0003	0.0001	0.0003	0.0005	0.0002	0.0001	0.0005	0.0004	0.0002	0.2733	0.0002	0.0005
8	148157543	M4244	0	0.0003	0.1171	0.4457	0.4572	0.0001	0.4549	0.0007	0.0003	0.3738	0.0002	0.2076	0.0005	0.0869	0.1696
4	186646894	M4257	0	0.0004	0.0004	0.0003	0.0006	0.4061	0.0004	0.1011	0.0002	0.0002	0.0003	0.0131	0.0004	0.1468	0.0002
8	100263396	M4280	0	0.0001	0.0003	0.0001	0.0002	0.0002	0.0002	0.0002	0.0003	0.0004	0.2986	0.0003	0.0002	0.0002	0.0002
10	34889314	M4416	0	0.0004	0.0003	0.0002	0.0005	0.0002	0.0004	0	0.0004	0.0831	0.0004	0.0008	0.0003	0.0002	0.0005
18	34475419	M4377	0	0.0001	0.0003	0.3268	0.0001	0	0	0.0003	0.0002	0.0004	0.0004	0.0007	0.0004	0.0003	0.0001
20	6233849	M4263	0	0.0003	0.0008	0.1183	0.0004	0.0005	0.0004	0.0003	0.001	0.0003	0.0004	0.0006	0.0002	0.0001	0.17
22	11159489	M4359	0	0.0001	0.1137	0.0003	0.0003	0.0002	0.0004	0.0001	0.0004	0.0002	0.0001	0.0004	0.0006	0.0003	0.0003
13	43959617	M4265	0	0.0003	0.0001	0.0005	0.0004	0.0003	0.0003	0.0001	0.0003	0.0005	0.0003	0.0002	0.1145	0.0003	0.0004
23	3440507	M4288	0	0.0002	0.0001	0.0005	0.0002	0.0002	0.0004	0.2467	0.0002	0.0002	0.0005	0.0005	0	0.0004	0.0007
18	20034587	M4273	0	0.0004	0.1152	0.0001	0.4567	0.0001	0.4416	0.0004	0.0003	0.0002	0.0005	0.0001	0.0006	0.0023	0.0006
5	56495898	M4344	0	0.0004	0.0005	0.0002	0.0002	0.0005	0.0005	0.0005	0.0003	0	0.0003	0.0008	0.0436	0.0004	0.0001
17	53293	M4399	0	0.0002	0.0002	0.0003	0.0004	0.0004	0.0007	0.0005	0.0004	0.0003	0.0002	0.0003	0.0005	0.0004	0.1719
8	1068669	M4242	0	0.0001	0.0001	0.0002	0.0001	0.0002	0.0008	0.0003	0.0006	0.0783	0.0004	0.0003	0.0004	0.0002	0.2485
23	8886407	M4375	0	0.0003	0.0003	0.0004	0.0007	0.0003	0.4377	0.0007	0.0003	0.0006	0.0002	0.0004	0.0004	0.0003	0
14	29451245	M4300	0	0.0004	0.1148	0.0003	0.0003	0.0004	0.4543	0.0003	0.0002	0.0005	0.0004	0.0003	0.0004	0.0007	0.0002
1	188996430	M4261	0	0.0001	0.0003	0.0003	0.0003	0.4023	0.0001	0.1005	0.0005	0.0002	0.0006	0.0124	0.0001	0.1508	0
3	143949142	M4346	0	0.0003	0.0002	0.0008	0.0003	0.4194	0.0005	0.0004	0.0004	0.0003	0.0006	0.0005	0.0004	0	0.001
6	142287359	M4367	0	0.0004	0.1769	0.0004	0.0002	0.0004	0.0005	0.0001	0.0002	0.0005	0.0002	0.0004	0.0002	0.0002	0.0002
6	81824721	M4365	0	0.0004	0	0.0004	0.0005	0.0003	0.0001	0.0001	0.0002	0.0004	0.0003	0.2046	0.0004	0.0002	0.0004
1	99859287	M4393	0	0.0002	0.0006	0.1167	0.0006	0.0008	0.0005	0.0002	0.0004	0.0002	0.0005	0	0.0005	0.0006	0.0003
23	2783826	M4245	0	0.0006	0.0004	0.0003	0.0007	0	0.0003	0.0003	0.0003	0.0764	0.0006	0.0003	0.0004	0.0004	0.2478
18	74183604	M4355	0	0.0006	0.0007	0.0003	0.0003	0.0001	0.0003	0.0002	0.0001	0	0.098	0.0003	0.0004	0.2163	0.0002
23	15700372	M4373	0	0.0003	0.0003	0.0001	0.0003	0.0003	0.0003	0.0001	0.0006	0.0002	0.0002	0.0002	0.0584	0	0
19	71086211	M4321	0	0.0005	0.0003	0.0005	0.0002	0.0005	0.0001	0.0004	0.0003	0.0003	0.0001	0.0004	0.0007	0.0004	0.1737
9	73675488	M4298	0	0.3707	0.0002	0.0004	0.0003	0.0003	0.0003	0.0003	0.0003	0.0005	0.0002	0.0003	0.0002	0.0003	0.0002
14	34756303	M4387	0	0.0006	0.0999	0	0.0003	0.0007	0.0003	0.0005	0.0005	0.0002	0.0001	0.0003	0.0003	0.0004	0.0003
16	98548456	M4251	0	0.0002	0.1093	0.3256	0.4617	0.0007	0.4369	0.0004	0.0004	0.3788	0.0002	0.2026	0.0004	0.0846	0.0004
5	82150504	M4320	0	0.0006	0.0002	0.3257	0.0003	0.0003	0.0002	0.0003	0.0002	0.0001	0.0006	0.0005	0.0002	0.0002	0.0003
19	33734218	M4404	0	0.0004	0.0005	0.0006	0.0001	0.0002	0.0002	0.0003	0.0006	0.0002	0.0003	0.2063	0.0003	0.0004	0.0004
11	125181437	M4277	0	0.101	0.0002	0.0004	0.0003	0.0007	0.0002	0.0004	0.0004	0.0002	0.0401	0.048	0.0815	0.0001	0.0003
6	118410101	M4370	0	0.0003	0.0298	0.0002	0.0002	0.0006	0.0004	0.0001	0.0003	0.0003	0.0005	0.0005	0.0001	0.0005	0.0002
16	12666924	M4258	0	0.0002	0.0305	0.0005	0.0004	0.0001	0.0005	0.0004	0.0006	0.0004	0.0004	0.0004	0.0001	0.0003	0.0001
18	1630609	M4415	0	0.3765	0.0003	0.0005	0.0003	0.0004	0.0004	0.0006	0.0002	0.0003	0.0008	0.0002	0.0001	0.0007	0.0001
14	77309904	M4351	0	0	0.0004	0.0003	0.0002	0.0006	0.0006	0.3292	0	0.0004	0.0004	0.0004	0.0001	0.0002	0.0003
1	216435795	M4309	0	0.0006	0.0004	0.0008	0.0003	0.0004	0.0004	0.0003	0.0003	0.0815	0.0001	0.0003	0.0003	0	0.0002
