#chrom	pos	desc	normal	sample1	sample2	sample3	sample4	sample5	sample6	sample7	sample8	sample9
15	105104074	M4296	0	0.0007	0.0004	0.0003	0.1593	0.1247	0.0004	0.0002	0.0003	0.1675
9	54473620	M4264	0	0.023	0.0003	0.0005	0.2131	0.0001	0.1976	0.0003	0.0005	0.245
19	16939546	M4252	0	0.0009	0.0007	0.0002	0.1621	0.1259	0.0004	0.0002	0.0477	0.1648
10	91430763	M4382	0	0.0004	0.0004	0.0002	0.0496	0.0005	0.0003	0.07	0.0004	0.0001
5	70684320	M4238	0	0.0339	0.0941	0.0002	0.2067	0.0738	0.4159	0.0003	0.4395	0.2686
6	14377928	M4278	0	0.0002	0.0896	0.0006	0.0005	0.0004	0.0004	0.1949	0.0003	0.0006
12	86338044	M4356	0	0.0352	0.0004	0.0008	0.0002	0.0004	0.0002	0.0003	0.0003	0.0373
5	51382213	M4249	0	0.0003	0.0003	0.0002	0.0507	0.0004	0.0005	0.0713	0.0003	0.0006
19	25736196	M4286	0	0.0001	0.0001	0.0006	0.0002	0.0003	0.0004	0.0003	0.0004	0.022
12	77950754	M4232	0	0.0003	0.0003	0.0008	0.0524	0.0003	0.0003	0.0718	0.0003	0.0002
21	18073145	M4308	0	0.0003	0.0003	0.0006	0.0005	0.229	0.0005	0.0003	0.0003	0.0003
15	71153526	M4357	0	0.0002	0.0003	0.0005	0.0002	0.0002	0.0008	0.0002	0.0482	0.0002
16	68432950	M4289	0	0.0003	0.094	0.0004	0.0005	0.0002	0.0002	0.1958	0.0004	0.0005
13	51890068	M4401	0	0.0002	0.0005	0.4683	0	0.0003	0.0004	0.0003	0.0004	0.0001
16	91714827	M4429	0	0.0001	0.0004	0	0.0005	0.2383	0.0002	0.0002	0.0005	0.0002
23	47106797	M4360	0	0.0003	0.0002	0.0004	0.0004	0.2376	0	0.0002	0.0004	0.0004
21	25039184	M4236	0	0.4177	0.0937	0.0005	0.2075	0.3187	0.4107	0.0003	0.4363	0.2729
23	10339454	M4381	0	0.3882	0.0003	0.0002	0.0003	0.0003	0.0005	0.0003	0.0002	0.0001
21	40956232	M4366	0	0.0004	0.0004	0.0006	0.0002	0.0009	0.0004	0.1994	0.0001	0.0004
5	170879985	M4270	0	0.0009	0.0003	0.0001	0.0004	0.0003	0.0005	0	0	0.0252
23	31602779	M4231	0	0.4265	0.0971	0.4733	0.2689	0.3099	0.4074	0.0684	0.4264	0.2674
3	95370101	M4338	0	0.0004	0.0005	0.0001	0.0004	0.0002	0.084	0.0006	0.0006	0.0003
5	105973649	M4422	0	0.0002	0.0004	0.0001	0.0004	0.0002	0.085	0.0007	0.0002	0.0002
1	139304240	M4408	0	0.0001	0.0002	0.0004	0.0002	0.0004	0.1273	0.0002	0.0002	0.0002
3	127808456	M4230	0	0.4223	0.0971	0.4621	0.2598	0.3175	0.4007	0.0716	0.4387	0.2698
3	175759337	M4427	0	0.0003	0.0902	0.0005	0.0007	0.0005	0.0002	0.0005	0.0001	0.0003
3	121749170	M4275	0	0.0001	0.1015	0.0001	0.0003	0.082	0.1229	0.0003	0.4453	0.0005
23	31095859	M4392	0	0.0003	0.0004	0.0003	0.0005	0.0006	0	0.0002	0.0002	0.0235
8	148157543	M4244	0	0.0333	0.0984	0	0.214	0.078	0.3257	0.0006	0.4419	0.2501
4	186646894	M4257	0	0.3883	0.0001	0.0003	0.0006	0.0002	0.0002	0.0004	0.0003	0.0001
8	100263396	M4280	0	0.0006	0.2496	0.0005	0.0003	0.0003	0.0003	0.0003	0.0003	0.0002
13	40749140	M4378	0	0.0002	0.0002	0.0004	0.0004	0.0004	0.0001	0.1326	0.0002	0.0001
18	34475419	M4377	0	0.0007	0.0001	0.0005	0.2138	0.0002	0.1251	0.0006	0.0002	0.2159
13	43959617	M4265	0	0.0005	0.0855	0.0003	0.0007	0.0001	0.0005	0.1933	0.0004	0.0002
22	11159489	M4359	0	0.0003	0.0002	0.0003	0.0005	0.0002	0.0681	0.0004	0.0003	0.0002
18	20034587	M4273	0	0.0353	0.0004	0.0004	0.0003	0.0005	0.0746	0.0003	0.0001	0.0361
5	56495898	M4344	0	0.0006	0.0005	0.0005	0.0004	0.0001	0.0003	0.1919	0.0002	0.0002
17	13082047	M4330	0	0.0003	0	0.0004	0.0002	0.001	0.0002	0.1302	0.0004	0.0004
8	1068669	M4242	0	0.0001	0.0004	0.0003	0.0006	0.0004	0.0859	0.0001	0.0002	0.0233
4	158220497	M4336	0	0.0006	0.0003	0.0002	0.0003	0.1253	0	0.0006	0.0004	0.168
9	144978489	M4430	0	0	0.0004	0.0003	0.0001	0.1285	0.0007	0.0006	0.0005	0.0003
14	29451245	M4300	0	0.0002	0.0003	0.0005	0.0001	0.0004	0.0722	0.0003	0.0005	0.0003
1	188996430	M4261	0	0.3864	0.0002	0.0004	0.0001	0.0005	0.0007	0.0002	0.0006	0.0002
16	26773240	M4291	0	0.0003	0.0002	0.0002	0.0005	0.0002	0.0007	0.132	0.0004	0.0004
6	107703470	M4398	0	0.0006	0.0005	0.0003	0.0002	0.1219	0.0005	0.0002	0.0001	0.0006
6	81824721	M4365	0	0.0002	0.0005	0.0002	0.0003	0.0003	0.1218	0	0.446	0.0003
19	74406543	M4333	0	0.0002	0.0005	0.0002	0.163	0.0004	0.0004	0.0002	0.0004	0.0005
18	74183604	M4355	0	0.0003	0.0004	0.0005	0.0501	0.0005	0.0001	0.0704	0.0003	0.0002
23	2783826	M4245	0	0.0001	0.0006	0.0004	0.0005	0.0002	0.0811	0.0001	0.0004	0.0218
23	15700372	M4373	0	0.0002	0.088	0.0004	0.0004	0.0006	0.0004	0.0002	0.0001	0.0003
16	98548456	M4251	0	0.0331	0.0948	0.0004	0.2102	0.0744	0.3218	0.0002	0.4299	0.2455
15	20985953	M4322	0	0	0.0005	0.0002	0.0003	0.1248	0.0002	0.0006	0.0003	0.1709
9	15845164	M4426	0	0.0247	0.0003	0.0002	0.0004	0.0003	0.0006	0.0002	0.0002	0.0006
5	82150504	M4320	0	0.0001	0.0005	0.0004	0.2056	0.0002	0.1236	0.0003	0.0007	0.2189
19	33734218	M4404	0	0.0002	0.0008	0.0003	0.0003	0.0003	0.1261	0.0003	0.0002	0.0003
11	125181437	M4277	0	0.0003	0.0002	0.0002	0.0005	0.0002	0	0	0.0487	0.0002
16	12666924	M4258	0	0.0006	0.0003	0.0003	0.0004	0.0002	0.0004	0.1372	0.0003	0.001
