#chrom	pos	desc	normal	sample1	sample2	sample3	sample4	sample5	sample6	sample7	sample8	sample9	sample10	sample11	sample12	sample13	sample14
7	63074978	M4407	0	0	0	0	0	0	0.4448	0	0	0	0	0	0	0	0
19	16939546	M4252	0	0.0997	0	0	0	0	0	0.3288	0	0	0.0379	0.0455	0.08	0	0
9	54473620	M4264	0	0	0.1148	0.3285	0.4541	0	0.4448	0	0	0	0	0	0	0.0015	0
10	91430763	M4382	0	0	0	0	0	0	0	0	0	0	0.0952	0	0	0	0
5	70684320	M4238	0	0	0.1148	0.4425	0.4541	0	0.4448	0	0	0.4596	0	0.2063	0	0.0865	0.4212
23	18057349	M4279	0	0	0	0	0	0	0	0	0	0	0	0.1844	0	0	0
15	103739550	M4310	0	0	0	0	0	0	0	0	0	0	0	0	0	0.0849	0
21	14236752	M4431	0	0	0	0	0	0	0	0	0	0	0	0	0	0.0015	0
8	13869854	M4328	0	0	0	0	0	0	0	0.3288	0	0	0	0	0	0	0
6	14377928	M4278	0	0	0	0	0	0	0	0	0	0	0	0	0.118	0	0
5	51382213	M4249	0	0.3727	0	0	0	0	0	0	0.4533	0	0.0952	0.1928	0	0.2103	0
12	86338044	M4356	0	0	0	0	0.4541	0	0	0	0	0	0	0	0	0.0015	0
22	2782999	M4350	0	0	0	0	0	0	0	0	0	0	0	0	0	0	0.1704
19	25736196	M4286	0	0	0	0	0	0	0	0	0	0	0	0	0	0	0.2508
12	77950754	M4232	0	0.3727	0	0	0	0	0	0	0.4533	0	0.0952	0.1928	0	0.2103	0
15	71153526	M4357	0	0.0997	0	0	0	0	0	0	0	0	0.0379	0	0.08	0	0
16	68432950	M4289	0	0	0	0	0	0	0	0	0	0	0	0	0.118	0	0
22	399687	M4297	0	0	0	0	0	0.4051	0	0	0	0	0	0	0	0	0
16	23668828	M4402	0	0	0	0	0	0	0	0	0	0	0	0	0	0.0015	0
21	44440641	M4276	0	0	0	0	0	0	0	0.3288	0	0	0	0	0	0	0
7	65297980	M4362	0	0	0	0	0	0	0	0	0	0	0	0	0	0.0849	0
21	25039184	M4236	0	0	0.1148	0.4425	0.4541	0.4051	0.4448	0.1002	0	0.4596	0	0.2194	0	0.235	0.4212
22	8875620	M4425	0	0	0	0	0	0.4051	0	0	0	0	0	0	0	0	0
11	14789467	M4400	0	0	0	0	0	0	0	0.3288	0	0	0	0	0	0	0
23	10339454	M4381	0	0	0	0	0	0	0	0.0754	0	0	0	0.0126	0	0	0
5	170879985	M4270	0	0	0	0	0	0	0	0	0	0	0	0	0	0	0.2508
23	31602779	M4231	0	0.3727	0.1148	0.4425	0.4541	0.4051	0.4448	0.1002	0.4533	0.4596	0.0952	0.4122	0	0.4453	0.4212
10	35995221	M4292	0	0	0	0.114	0	0	0	0	0	0	0	0	0	0	0.1704
18	12149566	M4301	0	0	0	0	0	0	0	0	0	0	0	0.1928	0	0	0
3	127808456	M4230	0	0.3727	0.1148	0.4425	0.4541	0.4051	0.4448	0.1002	0.4533	0.4596	0.0952	0.4122	0	0.4453	0.4212
19	42148471	M4312	0	0	0	0	0	0	0	0	0.4533	0	0	0	0	0	0
3	175759337	M4427	0	0	0	0	0	0	0	0	0	0	0	0	0.0756	0	0
3	121749170	M4275	0	0	0	0	0	0	0	0	0	0.3798	0	0.2063	0	0	0
2	22668556	M4358	0	0	0	0	0	0	0	0	0	0	0	0	0.2758	0	0
11	22696387	M4259	0	0	0	0	0	0	0	0	0	0	0	0	0	0.0702	0
3	190143662	M4254	0	0	0	0	0	0	0	0	0	0	0	0	0.2758	0	0
8	148157543	M4244	0	0	0.1148	0.4425	0.4541	0	0.4448	0	0	0.3798	0	0.2063	0	0.0865	0.1704
4	186646894	M4257	0	0	0	0	0	0.4051	0	0.1002	0	0	0	0.0131	0	0.1485	0
8	100263396	M4280	0	0	0	0	0	0	0	0	0	0	0.3004	0	0	0	0
10	34889314	M4416	0	0	0	0	0	0	0	0	0	0.0798	0	0	0	0	0
18	34475419	M4377	0	0	0	0.3285	0	0	0	0	0	0	0	0	0	0	0
20	6233849	M4263	0	0	0	0.114	0	0	0	0	0	0	0	0	0	0	0.1704
22	11159489	M4359	0	0	0.1148	0	0	0	0	0	0	0	0	0	0	0	0
13	43959617	M4265	0	0	0	0	0	0	0	0	0	0	0	0	0.118	0	0
23	3440507	M4288	0	0	0	0	0	0	0	0.2474	0	0	0	0	0	0	0
18	20034587	M4273	0	0	0.1148	0	0.4541	0	0.4448	0	0	0	0	0	0	0.0015	0
5	56495898	M4344	0	0	0	0	0	0	0	0	0	0	0	0	0.0424	0	0
17	53293	M4399	0	0	0	0	0	0	0	0	0	0	0	0	0	0	0.1704
8	1068669	M4242	0	0	0	0	0	0	0	0	0	0.0798	0	0	0	0	0.2508
23	8886407	M4375	0	0	0	0	0	0	0.4448	0	0	0	0	0	0	0	0
14	29451245	M4300	0	0	0.1148	0	0	0	0.4448	0	0	0	0	0	0	0	0
1	188996430	M4261	0	0	0	0	0	0.4051	0	0.1002	0	0	0	0.0131	0	0.1485	0
3	143949142	M4346	0	0	0	0	0	0.4051	0	0	0	0	0	0	0	0	0
6	142287359	M4367	0	0	0.1829	0	0	0	0	0	0	0	0	0	0	0	0
6	81824721	M4365	0	0	0	0	0	0	0	0	0	0	0	0.2063	0	0	0
1	99859287	M4393	0	0	0	0.114	0	0	0	0	0	0	0	0	0	0	0
23	2783826	M4245	0	0	0	0	0	0	0	0	0	0.0798	0	0	0	0	0.2508
18	74183604	M4355	0	0	0	0	0	0	0	0	0	0	0.0952	0	0	0.2103	0
23	15700372	M4373	0	0	0	0	0	0	0	0	0	0	0	0	0.0558	0	0
19	71086211	M4321	0	0	0	0	0	0	0	0	0	0	0	0	0	0	0.1704
9	73675488	M4298	0	0.3727	0	0	0	0	0	0	0	0	0	0	0	0	0
14	34756303	M4387	0	0	0.0979	0	0	0	0	0	0	0	0	0	0	0	0
16	98548456	M4251	0	0	0.1148	0.3285	0.4541	0	0.4448	0	0	0.3798	0	0.2063	0	0.0865	0
5	82150504	M4320	0	0	0	0.3285	0	0	0	0	0	0	0	0	0	0	0
19	33734218	M4404	0	0	0	0	0	0	0	0	0	0	0	0.2063	0	0	0
11	125181437	M4277	0	0.0997	0	0	0	0	0	0	0	0	0.0379	0.0455	0.08	0	0
6	118410101	M4370	0	0	0.0293	0	0	0	0	0	0	0	0	0	0	0	0
16	12666924	M4258	0	0	0.0293	0	0	0	0	0	0	0	0	0	0	0	0
18	1630609	M4415	0	0.3727	0	0	0	0	0	0	0	0	0	0	0	0	0
14	77309904	M4351	0	0	0	0	0	0	0	0.3288	0	0	0	0	0	0	0
1	216435795	M4309	0	0	0	0	0	0	0	0	0	0.0798	0	0	0	0	0
