#chrom	pos	desc	normal	sample1	sample2	sample3	sample4	sample5	sample6	sample7	sample8	sample9
11	16393720	M6480	0	0	0.1286	0	0	0.1797	0	0	0	0
9	29585144	M6502	0	0.0906	0	0	0	0.1056	0	0	0	0
11	124437718	M6503	0	0	0	0.0873	0	0.1885	0	0	0.4674	0
5	38433748	M6489	0	0.0906	0	0	0	0.1056	0	0.475	0	0
20	15069891	M6516	0	0	0.1286	0	0	0	0	0	0	0
17	87573273	M6535	0	0.1849	0	0	0	0	0.1309	0	0	0
1	7839103	M6548	0	0.1849	0	0	0	0	0.1309	0	0	0
4	55309432	M6557	0	0.1849	0	0	0	0	0.1309	0	0	0
17	67268304	M6521	0	0	0	0.115	0	0	0	0	0	0
13	112097692	M6527	0	0	0.1286	0	0	0	0	0	0	0
17	44116352	M6534	0	0	0.1286	0	0	0	0	0	0	0
23	28542918	M6484	0	0.1769	0.2427	0.0873	0.269	0.1885	0	0	0.4674	0
3	16210775	M6520	0	0	0	0	0	0	0.1231	0	0	0
8	150560655	M6500	0	0	0	0	0.1831	0	0	0	0	0
22	55178346	M6497	0	0.1769	0	0	0	0	0	0	0	0
12	85641236	M6510	0	0	0.1269	0.1079	0	0	0	0	0	0
17	66212385	M6525	0	0	0	0	0.269	0	0	0	0	0
18	36934294	M6532	0	0	0	0	0	0	0.1231	0	0	0
11	44953933	M6478	0	0	0.1269	0.3708	0	0	0.3674	0	0	0.4342
18	67985412	M6519	0	0	0	0	0	0.1797	0	0	0	0
6	121916440	M6504	0	0	0	0.1479	0	0	0.1531	0	0	0.4342
19	74907035	M6546	0	0	0	0	0.269	0	0	0	0	0
15	31899738	M6481	0	0.0906	0	0	0	0.1056	0	0.475	0	0
2	56418424	M6528	0	0	0	0	0.1831	0	0	0	0	0
14	4587398	M6483	0	0	0.1286	0	0	0.1797	0	0	0	0
6	4643511	M6506	0	0.0906	0	0	0	0	0	0	0	0
1	2095439	M6507	0	0	0	0.115	0	0	0	0	0	0
15	35880907	M6517	0	0	0	0	0.1831	0	0	0	0	0
23	44876140	M6551	0	0	0	0	0	0.1885	0	0	0	0
18	37901712	M6538	0	0	0	0	0	0.1056	0	0	0	0
21	19173434	M6487	0	0	0	0	0	0	0.1231	0	0	0
11	103478832	M6477	0	0.0906	0.1286	0	0	0.2853	0	0.475	0	0
17	7766015	M6544	0	0	0	0	0	0	0.0911	0	0	0
14	45065271	M6482	0	0	0.1286	0	0	0.1797	0	0	0	0
6	131101577	M6501	0	0	0.1269	0.2559	0	0	0.2443	0	0	0.4342
9	26647256	M6513	0	0	0	0.0873	0	0.1885	0	0	0.4674	0
22	48025474	M6526	0	0	0	0.1479	0	0	0	0	0	0
