#chrom	pos	desc	normal	sample1	sample2	sample3	sample4	sample5	sample6	sample7	sample8	sample9	sample10	sample11	sample12	sample13	sample14
11	16393720	M6480	0	0.2249	0.0002	0.0002	0.0002	0.1478	0.4052	0.0005	0.0003	0.1043	0.487	0.0005	0.174	0.0715	0.0002
9	29585144	M6502	0	0.0001	0.0006	0.0001	0.0894	0.0003	0	0.1245	0.2372	0.0002	0.0003	0.0006	0.0002	0.0004	0.0002
7	146290622	M6537	0	0.2144	0.0003	0.0005	0.0002	0.0003	0.0002	0.0005	0	0.0004	0	0.0002	0.0002	0.153	0.0001
5	38433748	M6489	0	0.0004	0	0.0005	0.093	0.0002	0.0003	0.1232	0.2337	0.0003	0.0004	0.0002	0.0002	0.1253	0.0003
20	15069891	M6516	0	0.2307	0.0005	0.0004	0.0002	0.0004	0.0005	0.0001	0.0006	0.0989	0.0001	0.0003	0.1788	0	0.0003
17	87573273	M6535	0	0.0006	0.0003	0.0003	0.0003	0.0005	0.0007	0.0008	0.0002	0.0004	0.0004	0.0004	0.2347	0.0006	0.1388
1	7839103	M6548	0	0.0003	0.0004	0.0002	0.0004	0	0.0001	0.0001	0.0003	0.0003	0.0002	0.0003	0.2308	0.0002	0.1322
4	55309432	M6557	0	0.0001	0.0004	0.0003	0.0004	0.0003	0.0004	0.0002	0.0001	0.0004	0.0001	0.0005	0.0005	0.0001	0.1293
20	28058948	M6540	0	0.0002	0	0.0001	0.0006	0.0127	0.0004	0.0003	0.0006	0.0004	0.0003	0.0003	0.0003	0.0004	0.0003
13	112097692	M6527	0	0.2344	0.0002	0.0006	0.0001	0.0004	0.0003	0.0001	0.0005	0.0003	0.0003	0.0006	0.1759	0.0002	0.0005
17	44116352	M6534	0	0.2264	0.0003	0.0001	0.0004	0.0004	0.0005	0.0005	0.0004	0.0001	0.0004	0.0003	0.1753	0.0001	0
23	28542918	M6484	0	0.2218	0.0001	0.4947	0.0003	0.0141	0.0006	0.2849	0	0.1407	0.0004	0.0003	0.0003	0.1564	0.1304
8	72244057	M6511	0	0.0001	0.0458	0.0004	0.0643	0.0005	0	0.0001	0.0004	0.0004	0.0002	0.0002	0.0004	0.1196	0
3	16210775	M6520	0	0.0006	0.0005	0.0004	0.0003	0.282	0.0003	0.0001	0.0002	0.1241	0.0003	0.0002	0.0007	0.0006	0.1502
8	150560655	M6500	0	0.0001	0.2086	0.0006	0.293	0.0005	0.0006	0.0003	0.0006	0.0002	0.0001	0.4635	0.0001	0.0003	0.0003
14	84042823	M6533	0	0.0003	0.0006	0.0004	0.0001	0.0138	0.0002	0.0004	0.0003	0.0004	0.0005	0.0003	0.0002	0.0001	0.0003
22	55178346	M6497	0	0.2117	0.0004	0.4939	0.0001	0.0003	0.0004	0.0002	0.0006	0.0003	0.0006	0.0002	0.0005	0.151	0.0002
6	95656188	M6524	0	0.0003	0.0006	0.0003	0.0003	0.1485	0.0005	0	0.0004	0.0005	0.0002	0.0002	0.0001	0.0001	0.0005
17	66212385	M6525	0	0.0002	0.0005	0.0002	0.0004	0.0151	0.0006	0.2834	0.0004	0.1422	0	0.0005	0.0004	0.0003	0.0006
12	85641236	M6510	0	0.0004	0.0002	0.0004	0.0001	0.0003	0.0006	0.0005	0.2167	0.0003	0.0001	0.0001	0	0.0003	0.0004
18	36934294	M6532	0	0.0003	0.0005	0.0003	0.0005	0.2851	0.0002	0.0004	0.0002	0.1212	0.0004	0.0003	0.0001	0.0003	0.0004
11	44953933	M6478	0	0.0008	0.2407	0.0002	0.0684	0.2823	0.0006	0.0004	0.2207	0.2511	0.0003	0.0004	0.0006	0.1206	0.1501
8	33872617	M6554	0	0.0002	0.0002	0.0001	0.0933	0.0003	0.0004	0.1271	0.0006	0.0002	0.0004	0.0003	0.0006	0.0005	0.0001
18	67985412	M6519	0	0.0001	0.0005	0.0001	0.0004	0.1401	0.0001	0.0003	0.0003	0.0005	0.0004	0.0005	0.0002	0.0652	0.0006
6	121916440	M6504	0	0.0002	0.0431	0.0001	0.0661	0.0002	0.0003	0.0005	0.0001	0.0006	0.0004	0.0001	0.0003	0.121	0.0004
19	74907035	M6546	0	0	0.0008	0.0003	0.0001	0.0006	0.0004	0.2804	0.0002	0.139	0.0001	0.0002	0.0002	0.0002	0.0002
3	36156804	M6556	0	0.0003	0.0002	0.0004	0.0003	0.0004	0.0002	0.2783	0.0004	0.0003	0.0003	0.0005	0.0006	0.0002	0.0004
15	31899738	M6481	0	0.0004	0.0004	0.0002	0.0923	0.0004	0.0002	0.123	0.2411	0.0002	0.0004	0.0005	0.0003	0.1251	0.0004
19	64711679	M6541	0	0.2256	0.0005	0.0004	0.0007	0.0003	0.0004	0.0004	0	0.0002	0.0003	0.0003	0.0005	0.0005	0.0002
19	32006404	M6522	0	0.0003	0.0003	0.0004	0.0002	0.0004	0.0006	0.0001	0.0002	0.0009	0.0003	0.0002	0.0004	0.1264	0.0003
3	32322570	M6547	0	0.0003	0.0002	0.0001	0.0005	0.0003	0.0004	0	0.0005	0.0003	0.0001	0.0004	0.1821	0.0004	0.0002
14	4587398	M6483	0	0.2163	0.0003	0.0004	0.0003	0.1492	0.4186	0.0003	0.0006	0.0965	0.483	0.0003	0.1721	0.0689	0.0007
18	37901712	M6538	0	0.0001	0.0005	0	0.0899	0.0006	0.0002	0.123	0.0003	0.0001	0.0002	0.0002	0.0003	0.0008	0.0001
21	19173434	M6487	0	0.0005	0.0003	0.0004	0.0002	0.2853	0.0002	0.0001	0.0002	0.1266	0.0003	0.0003	0.0003	0.0003	0.1485
5	140291295	M6536	0	0.0004	0.0003	0.0001	0.0003	0.0002	0.0004	0.0005	0.0004	0.0004	0.0001	0.0005	0.0003	0.0003	0.1272
11	103478832	M6477	0	0.2282	0.0002	0.0004	0.0884	0.1436	0.4204	0.1218	0.2365	0.0992	0.4816	0.0004	0.1818	0.1935	0.0005
17	7766015	M6544	0	0.0001	0.0835	0.0001	0.0003	0.0003	0.0002	0.0008	0.0004	0.0004	0.0005	0.0006	0.0003	0.0006	0.0005
14	45065271	M6482	0	0.2273	0.0004	0.0007	0.0002	0.1344	0.4208	0.0002	0.0005	0.0951	0.4808	0.0002	0.172	0.0755	0.0002
6	131101577	M6501	0	0	0.227	0.0004	0.0684	0.0002	0.0001	0.0006	0.2296	0.1242	0.0003	0.0009	0.0003	0.1222	0.0003
