#chrom	pos	desc	normal	sample1	sample2	sample3	sample4	sample5	sample6	sample7	sample8	sample9	sample10	sample11	sample12	sample13	sample14
11	16393720	M6480	0	0.244	0	0	0	0.134	0.43	0.001	0	0.095	0.508	0	0.175	0.067	0
9	29585144	M6502	0	0.001	0.001	0	0.094	0	0	0.127	0.241	0.001	0	0	0	0	0.001
7	146290622	M6537	0	0.222	0	0	0	0.001	0	0	0	0	0	0	0	0.139	0
5	38433748	M6489	0	0	0	0.002	0.105	0	0.002	0.129	0.229	0.001	0	0	0.001	0.14	0.001
20	15069891	M6516	0	0.22	0	0	0	0.001	0.001	0	0	0.105	0	0.001	0.181	0	0.001
17	87573273	M6535	0	0	0	0.002	0	0	0	0.002	0.001	0	0	0.001	0.235	0	0.129
1	7839103	M6548	0	0	0	0	0	0	0.001	0	0	0	0	0	0.219	0	0.132
4	55309432	M6557	0	0	0	0	0	0	0	0.001	0	0	0	0.001	0	0.001	0.147
20	28058948	M6540	0	0	0	0.001	0	0.013	0.001	0	0.001	0	0	0	0	0	0
13	112097692	M6527	0	0.222	0	0	0	0.001	0	0.002	0.001	0	0.001	0	0.181	0.001	0
17	44116352	M6534	0	0.215	0	0	0.002	0.001	0	0	0.001	0	0	0.001	0.18	0	0
23	28542918	M6484	0	0.225	0	0.505	0	0.01	0.001	0.281	0.001	0.144	0	0.002	0	0.163	0.144
8	72244057	M6511	0	0	0.044	0	0.066	0	0	0	0	0	0	0.001	0	0.122	0.001
3	16210775	M6520	0	0	0.001	0	0.001	0.273	0	0	0.001	0.124	0	0	0	0	0.136
8	150560655	M6500	0	0.002	0.204	0.001	0.293	0	0.001	0	0	0	0	0.458	0	0	0.001
14	84042823	M6533	0	0.002	0	0	0	0.012	0.001	0	0	0	0.001	0	0	0.001	0
22	55178346	M6497	0	0.203	0.001	0.493	0	0	0	0	0	0	0	0	0	0.181	0
6	95656188	M6524	0	0	0	0	0	0.15	0	0	0	0	0.001	0.002	0	0	0
17	66212385	M6525	0	0	0	0.001	0.001	0.009	0	0.28	0	0.134	0	0	0	0	0
12	85641236	M6510	0	0	0	0	0	0	0	0.001	0.223	0	0	0	0	0	0.001
18	36934294	M6532	0	0	0	0.001	0.001	0.291	0	0	0	0.124	0	0	0	0	0
11	44953933	M6478	0	0	0.223	0	0.066	0.281	0.001	0	0.245	0.248	0.001	0	0.002	0.134	0.152
8	33872617	M6554	0	0	0	0	0.084	0	0	0.122	0.001	0	0	0	0	0	0
18	67985412	M6519	0	0	0	0.001	0	0.14	0	0.001	0	0.001	0	0	0.002	0.075	0
6	121916440	M6504	0	0	0.043	0	0.067	0	0.001	0	0.002	0	0.001	0.001	0.001	0.114	0
19	74907035	M6546	0	0	0	0	0.001	0	0	0.277	0	0.128	0	0	0	0	0
3	36156804	M6556	0	0	0	0.001	0.001	0	0	0.301	0	0.001	0.001	0.002	0	0	0
15	31899738	M6481	0	0	0	0	0.083	0.001	0	0.137	0.249	0	0	0	0	0.145	0
19	64711679	M6541	0	0.198	0	0	0	0	0.001	0.001	0.001	0	0	0	0	0	0.001
19	32006404	M6522	0	0.001	0	0.001	0.001	0	0.001	0	0.001	0	0	0	0.001	0.127	0
3	32322570	M6547	0	0	0.001	0	0	0	0.001	0	0	0	0	0	0.181	0	0
14	4587398	M6483	0	0.209	0	0	0.001	0.148	0.449	0	0	0.076	0.474	0.001	0.165	0.061	0
18	37901712	M6538	0	0.001	0	0.001	0.111	0	0.002	0.118	0.002	0	0	0	0.001	0.001	0.001
21	19173434	M6487	0	0.001	0.001	0.002	0	0.275	0	0.001	0	0.096	0.001	0	0.001	0.001	0.174
5	140291295	M6536	0	0.001	0	0.001	0	0	0.001	0	0.001	0.001	0	0	0.002	0	0.13
11	103478832	M6477	0	0.23	0	0	0.083	0.158	0.391	0.143	0.251	0.09	0.482	0	0.196	0.202	0
17	7766015	M6544	0	0	0.08	0	0	0	0	0.001	0	0	0.001	0	0	0.002	0
14	45065271	M6482	0	0.235	0.001	0	0	0.14	0.403	0	0	0.109	0.472	0.002	0.173	0.085	0.001
6	131101577	M6501	0	0	0.24	0	0.074	0	0	0	0.22	0.13	0.001	0	0	0.128	0.001
