#chrom	pos	desc	normal	sample1	sample2	sample3	sample4	sample5	sample6	sample7	sample8	sample9
9	7103552	M6376	0	0	0	0	0	0	0.0919	0	0	0
2	83049552	M6328	0	0	0.4661	0	0	0	0.0919	0	0	0
4	151186228	M6340	0	0	0	0	0	0	0.0919	0	0	0
3	86541011	M6384	0	0	0	0	0	0	0	0	0	0.2972
23	1430222	M6318	0	0.497	0	0.236	0.2099	0.4894	0.3988	0.2538	0	0
1	58863855	M6327	0	0	0	0	0.2099	0.4894	0	0	0	0
19	43939393	M6359	0	0	0	0	0	0	0	0.0038	0.4191	0.1192
2	35281950	M6378	0	0	0	0	0	0	0	0	0	0.0988
17	38676908	M6338	0	0	0	0	0	0	0.0919	0	0	0
15	71071705	M6330	0	0.497	0	0.236	0	0	0.3988	0.2538	0	0
19	54822016	M6413	0	0	0	0	0	0	0	0	0	0.0988
6	48679039	M6343	0	0	0	0.2418	0	0	0.0086	0.1907	0.0053	0.2972
12	68365569	M6358	0	0	0	0.236	0	0	0	0.2538	0	0
20	42837573	M6389	0	0	0	0	0	0	0.0919	0	0	0
16	25841582	M6410	0	0	0.3421	0	0	0	0	0	0	0
5	114212052	M6362	0	0	0	0.2418	0	0	0.0086	0	0	0
15	96810322	M6321	0	0	0	0	0.2099	0.4894	0	0	0	0
20	8912176	M6325	0	0.497	0	0.1909	0	0	0.3988	0.2024	0	0
8	92016274	M6407	0	0	0	0	0	0	0	0.0038	0	0.0205
1	249008867	M6412	0	0	0	0.236	0	0	0	0.2538	0	0
16	70797049	M6409	0	0	0	0	0.2632	0	0	0	0	0
2	200530052	M6324	0	0	0.4661	0	0	0	0.0919	0	0	0
19	53180764	M6396	0	0	0	0	0	0	0	0	0	0.0988
22	29969792	M6353	0	0	0	0	0	0	0.3988	0	0	0
7	148705482	M6342	0	0	0	0.236	0	0	0.3988	0.2538	0	0
23	31618753	M6393	0	0	0	0	0	0	0	0.0038	0.4191	0.0205
17	73704946	M6349	0	0	0	0	0	0	0.3988	0	0	0
19	36386750	M6345	0	0.497	0	0	0	0	0	0	0	0
5	87096187	M6366	0	0	0	0	0	0	0	0	0	0.2972
12	84070741	M6380	0	0.497	0	0	0	0	0	0	0	0
21	38871203	M6373	0	0	0	0	0.2099	0	0	0	0	0
8	116698391	M6357	0	0	0	0	0	0	0	0	0.0053	0.2972
