#chrom	pos	desc	normal	sample1	sample2	sample3	sample4	sample5	sample6	sample7	sample8	sample9	sample10	sample11	sample12	sample13	sample14
2	83049552	M6328	0	0	0.001	0.044	0	0.264	0.001	0	0.015	0	0.001	0	0.002	0	0
3	86541011	M6384	0	0.001	0.043	0.002	0	0	0	0	0.034	0	0	0.001	0	0	0.001
8	106524979	M6414	0	0	0.001	0.283	0	0.002	0.001	0	0	0	0	0.002	0.001	0.001	0
4	151186228	M6340	0	0.001	0.001	0.001	0.001	0.203	0	0.001	0	0.001	0	0.001	0	0.001	0
23	1430222	M6318	0	0.424	0.187	0.462	0.113	0	0.432	0.38	0.371	0.435	0	0.469	0	0.03	0.145
11	86988101	M6369	0	0	0	0.001	0.001	0	0	0.395	0.001	0	0	0.001	0.001	0	0
1	58863855	M6327	0	0.428	0.172	0.15	0	0	0.363	0	0.225	0.423	0.001	0	0	0.031	0.106
19	43939393	M6359	0	0	0.015	0	0	0.001	0.001	0.001	0	0	0.436	0.001	0.444	0.122	0
2	35281950	M6378	0	0	0.009	0.002	0.001	0	0	0.001	0.001	0	0	0	0	0	0
15	10181819	M6383	0	0	0	0.001	0.001	0	0.305	0	0	0	0	0.001	0	0	0
17	38676908	M6338	0	0	0	0	0.001	0.192	0	0	0	0	0.001	0.001	0	0	0.001
19	54822016	M6413	0	0.003	0.015	0	0.001	0.001	0.001	0	0	0	0	0	0	0.002	0
15	71071705	M6330	0	0.001	0.001	0.263	0.126	0	0.141	0.379	0.122	0	0.001	0.49	0	0.001	0
6	48679039	M6343	0	0.002	0.261	0.001	0.232	0.165	0	0.093	0.036	0	0	0	0.001	0.311	0.001
12	68365569	M6358	0	0.001	0	0.001	0.109	0.002	0	0	0	0.002	0.001	0.491	0	0.001	0.001
4	34887578	M6385	0	0	0	0	0.194	0	0.001	0	0	0	0.001	0	0.001	0	0
5	77220311	M6404	0	0.001	0.002	0	0.028	0	0	0	0	0.001	0	0.453	0	0	0
21	1743993	M6346	0	0	0.173	0	0	0.001	0.312	0	0	0.001	0	0	0	0.035	0.001
9	111540311	M6388	0	0	0.179	0	0	0.001	0	0.001	0	0	0.001	0	0.002	0.001	0
2	129841040	M6403	0	0	0.001	0	0	0.002	0.002	0.073	0	0	0	0	0.001	0	0.001
5	114212052	M6362	0	0	0.206	0	0	0.193	0	0	0	0.001	0	0	0	0.325	0
15	96810322	M6321	0	0.423	0.165	0.179	0.001	0	0.31	0	0.256	0.452	0	0	0	0.039	0.137
21	27795062	M6332	0	0	0.145	0.19	0	0	0.308	0	0	0.438	0	0	0	0.041	0.123
12	129153932	M6401	0	0	0	0.282	0	0.001	0.003	0	0.134	0.001	0	0	0	0	0
20	8912176	M6325	0	0.002	0	0.261	0.087	0.001	0.127	0.424	0.111	0.001	0	0.317	0	0.001	0.001
8	92016274	M6407	0	0	0	0	0	0	0.001	0	0	0	0	0.002	0.476	0.002	0
5	14610500	M6364	0	0.001	0	0.001	0	0	0.338	0.001	0	0.001	0	0	0	0.001	0
16	70797049	M6409	0	0	0.001	0	0	0	0.002	0	0	0	0.001	0.001	0	0.001	0.31
2	200530052	M6324	0	0	0.001	0.049	0	0.217	0.001	0.001	0.011	0	0	0.001	0.001	0	0.001
20	51757746	M6400	0	0	0	0.052	0.001	0	0	0.001	0.018	0	0	0	0.002	0	0
19	53180764	M6396	0	0	0.015	0	0	0	0	0.001	0.002	0	0	0	0	0	0
22	29969792	M6353	0	0	0	0	0	0	0	0.388	0	0.002	0.002	0.001	0	0	0
6	56335134	M6405	0	0	0.037	0	0	0.001	0	0.001	0	0	0	0	0.001	0.001	0
7	148705482	M6342	0	0	0	0.299	0.1	0	0.133	0.401	0.111	0	0	0.443	0	0.001	0
23	31618753	M6393	0	0	0	0	0	0	0.001	0.001	0	0	0.424	0	0.47	0.128	0
17	73704946	M6349	0	0	0.003	0.293	0.001	0	0	0.374	0.115	0	0.001	0.002	0	0	0
2	207425759	M6386	0	0.001	0	0.002	0.001	0	0.001	0.002	0	0	0.002	0.001	0	0.019	0
5	87096187	M6366	0	0	0.042	0.001	0.002	0.001	0.001	0	0.055	0	0.002	0	0	0.002	0
13	64303839	M6381	0	0	0	0	0.001	0	0.001	0	0	0.001	0	0	0.001	0.012	0
8	116698391	M6357	0	0.001	0.043	0	0.001	0	0	0.087	0.047	0.001	0	0	0.001	0	0
