#chrom	pos	desc	normal	sample1	sample2	sample3	sample4	sample5	sample6	sample7	sample8	sample9
6	50317389	M268	0	0.4599	0.1556	0	0.4929	0.432	0.2052	0.233	0	0
2	242789234	M364	0	0	0	0	0.4929	0	0	0	0	0
18	48293908	M298	0	0	0	0	0	0	0	0	0	0.2092
13	64091400	M302	0	0	0.1556	0	0	0	0.2052	0	0	0
10	12738626	M290	0	0	0	0	0	0	0	0	0.135	0
9	41607034	M287	0	0	0	0	0	0	0.2694	0.0365	0	0
5	65925003	M345	0	0	0	0.1581	0	0	0	0	0	0
12	94985185	M295	0	0	0	0	0	0	0	0.2287	0.081	0
14	50732746	M273	0	0	0	0.1581	0	0	0	0	0	0
18	24494633	M325	0	0	0	0	0	0	0	0.2287	0	0
23	37606572	M264	0	0	0	0.322	0	0	0	0	0.135	0
1	49439170	M274	0	0.4599	0	0	0	0	0	0	0	0
21	10162038	M276	0	0	0.2643	0	0	0	0	0	0	0.2092
1	34974111	M367	0	0	0	0	0	0	0	0.2287	0	0
17	3374892	M281	0	0	0	0.1581	0	0	0	0	0	0
9	28053251	M271	0	0	0	0.1639	0	0	0	0	0.135	0
14	85733889	M329	0	0	0.1556	0	0	0	0.2052	0	0	0
5	87678317	M270	0	0	0	0	0	0	0.2694	0.0365	0	0
14	37553542	M277	0	0	0	0	0	0.432	0	0	0	0
19	64272925	M279	0	0	0	0	0	0	0	0	0.135	0
21	37798047	M301	0	0	0	0.127	0	0	0	0	0	0
4	73829654	M370	0	0	0	0.127	0	0	0	0	0	0
9	118300645	M272	0	0	0	0	0	0	0	0.2287	0.081	0
7	120177738	M305	0	0	0	0	0	0	0	0	0.135	0
10	91182507	M320	0	0	0	0	0.4929	0	0	0	0	0
9	76233155	M275	0	0	0	0	0	0	0	0	0.2574	0
2	107285882	M332	0	0	0	0	0	0	0	0	0.135	0
16	3208608	M315	0	0	0	0	0	0	0	0	0.2574	0
20	9980657	M282	0	0	0	0	0	0	0	0	0	0.2686
16	3272752	M340	0	0	0	0.1639	0	0	0	0	0	0
22	57753849	M328	0	0	0	0.127	0	0	0	0	0	0
10	118785708	M265	0	0.4599	0.4199	0	0.4929	0.432	0.2052	0.4617	0.081	0.2092
21	18454630	M354	0	0	0	0	0	0	0	0	0	0.2092
12	10814086	M342	0	0	0.2643	0	0	0	0	0	0	0
4	20042293	M261	0	0	0	0.322	0	0	0	0	0.3924	0
16	48103986	M267	0	0	0	0.1581	0	0	0	0	0	0
1	171361989	M286	0	0	0.1556	0	0.4929	0	0.2052	0.233	0	0
23	39898992	M303	0	0	0	0	0	0	0	0.0365	0	0
19	21135475	M262	0	0.4599	0.4199	0.127	0.4929	0.432	0.4746	0.4982	0.081	0.2092
