#chrom	pos	desc	normal	sample1	sample2	sample3	sample4	sample5	sample6	sample7	sample8	sample9	sample10	sample11	sample12	sample13	sample14
19	45798390	M9112	0	0	0	0	0	0	0	0	0	0	0.1764	0	0	0	0
6	39338173	M8848	0	0	0	0	0	0	0	0	0	0	0	0	0	0.1546	0
17	9508180	M9017	0	0	0	0	0	0	0	0	0	0	0.1764	0	0	0	0
13	43668879	M8749	0	0	0	0	0.0507	0	0	0.326	0.1285	0	0	0.3171	0.2207	0	0.0945
7	55816422	M9114	0	0	0	0	0	0	0	0	0	0	0	0	0	0.1546	0
15	40283189	M8909	0	0	0	0	0	0	0	0	0	0.2537	0	0	0	0	0
9	61620065	M8748	0	0.4042	0	0.4266	0	0	0.4212	0	0	0.1936	0.225	0	0.234	0.0138	0.3485
12	106201663	M8989	0	0	0	0	0	0	0	0	0	0	0	0	0.2207	0	0
4	120303216	M8757	0	0	0	0	0	0	0	0	0.3292	0	0	0	0	0	0
20	22134233	M8888	0	0	0	0	0	0	0	0.2467	0	0	0	0	0	0	0
13	16161659	M8789	0	0	0	0	0	0	0	0.0793	0	0	0	0	0.2207	0	0
13	31725117	M8814	0	0	0	0	0	0	0	0	0	0	0	0	0	0.1546	0
15	30038735	M8744	0	0	0.4533	0.0029	0.4152	0.4012	0	0.4557	0.4577	0.2537	0.2032	0.4644	0.2207	0.4381	0.0819
17	18604737	M8792	0	0	0	0	0.3645	0	0	0.0832	0	0.2537	0.0269	0	0	0	0
19	55435016	M8988	0	0	0	0	0	0	0	0	0	0	0	0	0	0	0.1942
8	136774334	M8838	0	0.4042	0	0.4266	0	0	0	0	0	0.1936	0	0	0	0	0.1942
14	57483361	M8759	0	0	0	0	0	0	0	0	0	0	0	0	0	0.1546	0
12	28586992	M8742	0	0.4042	0.4533	0.4294	0.4152	0.4012	0.4212	0.4557	0.4577	0.4474	0.4282	0.4644	0.4547	0.4519	0.4431
3	128121570	M8750	0	0	0.4533	0.0029	0.3645	0.4012	0	0.1296	0.3292	0.2537	0.2032	0	0	0	0
17	80238238	M8889	0	0	0.1323	0	0	0	0	0	0	0	0	0	0	0	0
22	904222	M8755	0	0	0.1323	0	0	0	0	0.0464	0	0	0	0	0	0	0
17	42066912	M9060	0	0	0	0	0	0	0	0	0	0	0	0	0	0.1352	0
1	66642190	M8779	0	0	0	0	0.3645	0	0	0.0832	0	0.2537	0.0269	0	0	0	0
10	103243646	M9145	0	0	0	0	0	0	0	0	0	0	0	0	0.0361	0	0
3	22945808	M9025	0	0	0	0	0.0507	0	0	0	0	0	0	0	0	0	0
17	49274792	M9094	0	0	0	0	0	0	0	0	0	0	0	0	0	0.0138	0
23	27977081	M8767	0	0	0	0	0.0507	0	0	0.326	0.1285	0	0	0.4644	0.2207	0	0.0945
22	14419273	M8836	0	0	0	0	0	0	0	0.0793	0	0	0	0	0	0	0
3	43979413	M8898	0	0.4042	0	0.4266	0	0	0	0	0	0.1936	0	0	0	0	0.1942
8	154788841	M9153	0	0	0	0	0.0507	0	0	0	0	0	0	0	0	0	0
13	40364189	M9026	0	0	0	0	0	0	0	0	0	0	0	0	0	0.1352	0
10	19537955	M8839	0	0	0	0	0	0	0	0	0	0.2024	0.0223	0	0	0	0
22	27731464	M8918	0	0	0.3211	0.0029	0	0	0	0	0	0	0.1764	0	0	0	0
21	28154883	M8973	0	0	0	0	0	0	0	0	0	0	0	0	0	0.1352	0
11	114129280	M8804	0	0	0	0	0	0	0	0	0	0	0	0	0	0.1546	0
7	135051373	M8896	0	0	0.3211	0.0029	0	0	0	0	0	0	0.1764	0	0	0	0
16	21020510	M9037	0	0	0	0	0.1045	0	0	0.0832	0	0	0	0	0	0	0
16	61575445	M8810	0	0	0	0	0	0	0	0	0	0	0.225	0	0	0.0138	0.1293
20	42588245	M8855	0	0	0	0	0	0	0	0.0464	0	0	0	0	0	0	0
1	244298637	M8954	0	0	0	0	0	0	0	0.0464	0	0	0	0	0	0	0
13	120869678	M8868	0	0	0.1323	0	0	0	0	0	0	0	0	0	0	0	0
23	15502216	M8928	0	0	0	0	0	0.4012	0	0	0	0	0	0	0	0	0
6	120323640	M8935	0	0	0	0	0	0	0	0.043	0	0	0	0	0	0	0
20	26442960	M9075	0	0	0	0	0	0	0	0.0793	0	0	0	0	0	0	0
12	83437886	M9081	0	0	0	0	0	0	0	0	0.1285	0	0	0	0	0	0
22	57168590	M9161	0	0	0	0	0	0	0	0	0	0	0	0	0	0.0138	0
17	37780680	M9000	0	0	0.1323	0	0	0	0	0	0	0	0	0	0	0	0
5	88242270	M8915	0	0	0.1323	0	0	0	0	0	0	0	0	0	0	0	0
2	153354704	M8937	0	0.4042	0	0.4266	0	0	0	0	0	0	0	0	0	0	0
12	77383631	M8830	0	0	0.3211	0.0029	0	0	0	0	0	0	0.1764	0	0	0	0
15	19898528	M8891	0	0	0	0	0	0	0	0	0.1909	0	0	0	0	0	0
4	53959003	M8745	0	0	0	0	0.0507	0	0	0.326	0.1285	0	0	0.4644	0.2207	0.1546	0.0945
17	59287580	M8758	0	0	0.1323	0	0	0	0	0.0464	0	0	0	0	0	0	0
21	24964016	M8823	0	0	0	0	0	0	0	0	0	0	0.2191	0	0	0	0
13	78909228	M8875	0	0	0	0	0	0	0	0	0	0	0	0.4644	0	0	0
12	111824557	M9137	0	0	0	0	0.26	0	0	0	0	0	0	0	0	0	0
14	29881658	M8938	0	0	0	0	0	0	0	0	0	0	0.225	0	0	0	0
10	62648566	M8753	0	0	0.2209	0.0029	0	0	0	0	0.2477	0	0.1466	0	0	0	0
12	4379628	M8802	0	0	0	0	0	0.4012	0	0	0	0	0	0	0	0	0
14	32082299	M8901	0	0	0	0	0	0	0	0	0	0	0	0	0.2207	0	0
22	22219103	M9118	0	0	0	0	0	0	0	0	0	0	0	0	0	0.1352	0
15	38630127	M8754	0	0.4042	0	0.4266	0	0	0	0	0	0.1936	0	0	0	0	0.1682
16	17060950	M9098	0	0	0	0	0	0	0	0	0.1909	0	0	0	0	0	0
8	20080498	M9105	0	0	0	0	0	0	0	0.0464	0	0	0	0	0	0	0
23	41947022	M9054	0	0	0	0	0	0	0.4212	0	0	0	0	0	0	0	0
12	117999815	M8845	0	0	0	0	0	0	0	0	0	0	0	0	0.2207	0	0
16	87617986	M8828	0	0	0.1323	0	0	0	0	0	0	0	0	0	0	0	0
16	58877467	M8922	0	0	0	0	0	0	0.4212	0	0	0	0	0	0.0441	0	0
18	73465983	M8929	0	0	0	0	0	0	0	0.0793	0	0	0	0	0	0	0
16	28393780	M8925	0	0	0	0	0.26	0	0	0	0	0	0	0	0	0	0
4	23722559	M8900	0	0	0	0	0	0	0	0	0	0	0.225	0	0	0	0
14	48617790	M9046	0	0	0	0.0029	0	0	0	0	0	0	0	0	0	0	0
17	48606050	M9090	0	0	0	0	0	0	0.4212	0	0	0	0	0	0	0	0
19	22271045	M9038	0	0	0	0	0	0	0	0	0	0	0	0	0	0.1546	0
16	19505562	M8917	0	0	0	0	0	0	0	0	0	0	0	0	0	0	0.1544
20	6375379	M8769	0	0	0.1323	0	0	0	0	0.0464	0	0	0	0	0	0	0
21	53390407	M8761	0	0	0	0	0	0.4012	0	0	0	0	0	0	0	0	0
15	59199427	M8803	0	0	0	0	0.3645	0	0	0.0832	0	0.2537	0.0269	0	0	0	0
2	200820979	M9109	0	0	0	0	0	0	0	0	0	0	0	0	0	0	0.1544
6	30178178	M9157	0	0	0	0	0	0	0	0	0	0	0	0	0	0	0.0945
10	22488617	M8756	0	0	0	0	0.2671	0.2863	0	0.0736	0	0.2024	0.0223	0	0	0	0
18	62929242	M9067	0	0	0	0	0	0	0	0	0.1383	0	0	0	0	0	0
18	54190965	M9080	0	0	0	0	0	0	0	0	0	0	0.0269	0	0	0	0
14	28525177	M8842	0	0	0	0	0	0	0	0	0	0	0.225	0	0	0	0
16	95667020	M8818	0	0	0	0	0	0	0	0	0.1383	0	0	0	0	0	0
7	48995257	M8772	0	0	0	0	0	0	0	0	0	0	0	0	0	0.1352	0
20	15796219	M8763	0	0.4042	0	0.4266	0	0	0	0	0	0.1936	0	0	0	0	0.1942
14	38060438	M8864	0	0	0	0	0.0507	0	0	0.2467	0.1285	0	0	0	0	0	0.0945
10	3172408	M8940	0	0	0.091	0	0	0	0	0	0	0	0	0	0	0	0
22	20639418	M8970	0	0	0	0	0	0	0.4212	0	0	0	0	0	0.0441	0	0
1	73681849	M9135	0	0	0	0	0	0	0	0	0	0	0	0.4644	0	0	0
13	126098763	M8760	0	0	0	0	0	0	0.4212	0	0	0	0.225	0	0.234	0.0138	0.1544
2	122199391	M8806	0	0	0.1323	0	0	0	0	0.0464	0	0	0	0	0	0	0
20	3518740	M8887	0	0	0	0	0	0	0	0.0464	0	0	0	0	0	0	0
10	13156053	M8894	0	0	0	0	0	0	0	0	0	0	0	0	0	0	0.1544
23	1818977	M8777	0	0	0	0	0.0507	0	0	0.326	0.1285	0	0	0.4644	0.2207	0	0.0945
8	121481198	M9070	0	0	0	0	0	0	0	0	0	0	0	0	0	0	0.0945
15	91121120	M8794	0	0	0	0	0	0	0	0	0	0	0	0	0	0.1546	0
11	129683922	M8995	0	0	0	0	0	0.4012	0	0	0	0	0	0	0	0	0
18	11377869	M8829	0	0	0	0	0	0	0	0.0793	0	0	0	0	0	0	0
1	245021313	M8952	0	0	0	0	0	0	0.2964	0	0	0	0	0	0.0358	0	0
