#chrom	pos	desc	normal	sample1	sample2	sample3	sample4	sample5	sample6	sample7	sample8	sample9	sample10	sample11	sample12	sample13	sample14
19	45798390	M9112	0	0.001	0	0.001	0	0	0	0	0	0	0.178	0	0	0.001	0
6	39338173	M8848	0	0	0.001	0.001	0	0	0	0	0	0	0	0	0	0.14	0
17	9508180	M9017	0	0	0	0	0.001	0.001	0.001	0	0	0	0.183	0	0.001	0	0
13	43668879	M8749	0	0	0.002	0.001	0.057	0	0	0.331	0.148	0	0.001	0.297	0.227	0	0.1
7	55816422	M9114	0	0	0.001	0	0.001	0	0	0	0	0.002	0.001	0	0	0.157	0.001
15	40283189	M8909	0	0	0	0	0.001	0	0	0	0	0.267	0.001	0.001	0	0	0
9	61620065	M8748	0	0.387	0	0.409	0	0.001	0.438	0.001	0	0.177	0.241	0	0.231	0.012	0.338
12	106201663	M8989	0	0	0.001	0	0	0	0	0	0.001	0	0.001	0	0.21	0	0.001
4	120303216	M8757	0	0	0	0.001	0	0	0.001	0.003	0.314	0	0	0	0	0.001	0
20	22134233	M8888	0	0	0	0	0	0	0	0.236	0	0	0	0	0	0.001	0
13	16161659	M8789	0	0	0.001	0.001	0.001	0	0	0.085	0	0.002	0	0	0.253	0.001	0
13	31725117	M8814	0	0	0	0	0	0	0	0	0	0	0	0.001	0	0.136	0
15	30038735	M8744	0	0	0.446	0.002	0.435	0.403	0.001	0.471	0.469	0.263	0.201	0.457	0.225	0.43	0.082
17	18604737	M8792	0	0	0.002	0.001	0.389	0	0	0.078	0	0.251	0.031	0	0	0	0.001
19	55435016	M8988	0	0	0	0.002	0	0	0	0	0.001	0	0.001	0	0	0.002	0.205
8	136774334	M8838	0	0.391	0.002	0.44	0	0	0	0	0	0.19	0	0	0	0.001	0.204
14	57483361	M8759	0	0	0.001	0	0.001	0	0	0.001	0.001	0.001	0.001	0.001	0	0.145	0.001
12	28586992	M8742	0	0.415	0.48	0.443	0.432	0.386	0.386	0.455	0.46	0.448	0.423	0.486	0.465	0.441	0.449
3	128121570	M8750	0	0	0.45	0.004	0.326	0.384	0	0.129	0.367	0.261	0.196	0	0	0	0
17	80238238	M8889	0	0	0.142	0.001	0	0.001	0	0	0	0.001	0	0.001	0.001	0.002	0
22	904222	M8755	0	0	0.112	0	0	0.001	0	0.049	0.001	0.001	0	0	0.002	0.002	0.001
17	42066912	M9060	0	0	0	0	0	0.001	0	0	0	0	0	0.001	0	0.119	0
1	66642190	M8779	0	0	0	0.001	0.383	0	0.001	0.075	0	0.244	0.024	0	0.001	0.001	0
10	103243646	M9145	0	0	0	0	0	0	0	0	0.001	0.001	0	0	0.03	0	0
3	22945808	M9025	0	0.001	0.001	0	0.049	0	0	0	0	0	0	0	0	0.001	0.001
17	49274792	M9094	0	0	0	0	0.001	0	0.001	0	0	0	0	0.001	0.002	0.007	0.001
23	27977081	M8767	0	0	0	0	0.049	0	0	0.308	0.12	0	0.001	0.436	0.233	0	0.095
22	14419273	M8836	0	0	0	0	0	0.002	0	0.084	0	0	0	0.001	0	0	0
3	43979413	M8898	0	0.388	0.001	0.442	0	0	0	0.001	0	0.203	0	0.001	0.001	0	0.174
8	154788841	M9153	0	0	0	0	0.062	0.001	0	0	0	0.001	0	0	0.001	0	0
13	40364189	M9026	0	0	0	0	0	0	0	0.002	0	0	0	0	0	0.166	0
10	19537955	M8839	0	0	0	0.001	0	0.001	0	0.001	0	0.18	0.024	0.001	0	0	0.001
22	27731464	M8918	0	0.001	0.31	0.004	0.001	0	0	0	0	0	0.168	0	0	0	0
21	28154883	M8973	0	0	0.001	0	0	0.001	0	0	0	0	0	0	0	0.122	0.001
11	114129280	M8804	0	0.002	0.001	0	0	0	0	0	0	0.001	0	0	0	0.17	0.001
7	135051373	M8896	0	0	0.313	0.003	0.001	0.001	0.001	0	0	0	0.175	0.001	0	0	0
16	21020510	M9037	0	0	0	0.001	0.101	0	0	0.083	0	0.001	0	0	0.001	0	0
16	61575445	M8810	0	0	0	0	0.002	0	0	0.001	0	0	0.237	0	0	0.014	0.124
20	42588245	M8855	0	0	0.001	0.001	0.001	0.001	0	0.041	0	0.001	0	0	0	0	0
1	244298637	M8954	0	0	0	0	0	0	0	0.057	0.001	0	0.001	0	0	0	0
13	120869678	M8868	0	0	0.14	0.001	0	0	0.001	0	0.001	0	0	0	0	0	0.001
23	15502216	M8928	0	0.001	0	0	0	0.42	0	0.001	0	0	0	0.001	0	0.001	0
6	120323640	M8935	0	0	0	0	0	0	0	0.041	0	0	0.001	0	0.001	0	0
20	26442960	M9075	0	0	0	0.001	0	0	0.002	0.082	0	0	0	0	0.002	0	0
12	83437886	M9081	0	0	0	0	0.002	0.001	0	0	0.132	0.001	0	0.001	0	0.001	0
22	57168590	M9161	0	0	0	0.001	0.001	0.001	0	0	0	0	0	0	0	0.009	0
17	37780680	M9000	0	0	0.115	0.001	0	0	0	0	0.001	0	0	0	0	0	0
5	88242270	M8915	0	0.001	0.129	0.001	0.001	0	0	0.001	0	0	0	0	0	0	0
2	153354704	M8937	0	0.387	0.001	0.412	0	0.004	0	0	0	0.002	0	0.001	0	0.001	0
12	77383631	M8830	0	0	0.332	0.004	0	0	0	0.001	0	0	0.153	0.001	0	0.001	0
15	19898528	M8891	0	0.001	0	0	0	0	0.002	0	0.197	0	0.001	0	0.002	0	0
4	53959003	M8745	0	0.001	0	0	0.054	0	0	0.337	0.126	0	0.001	0.456	0.212	0.163	0.112
17	59287580	M8758	0	0	0.122	0.001	0	0	0.001	0.038	0	0.001	0	0.001	0.002	0.001	0
21	24964016	M8823	0	0.001	0.001	0.001	0.001	0	0.001	0	0	0.001	0.223	0.001	0.002	0	0
13	78909228	M8875	0	0.001	0	0	0	0.001	0	0	0	0	0	0.467	0	0	0
12	111824557	M9137	0	0	0.001	0	0.251	0	0.001	0	0	0	0	0	0	0.001	0.001
14	29881658	M8938	0	0.001	0	0	0	0.002	0	0	0	0	0.239	0	0	0.001	0
10	62648566	M8753	0	0	0.205	0.003	0	0.001	0	0	0.224	0.001	0.151	0	0	0	0
12	4379628	M8802	0	0	0	0.001	0	0.397	0.002	0	0.001	0	0	0	0	0	0
14	32082299	M8901	0	0.002	0	0.001	0	0	0.003	0	0	0	0	0	0.238	0.001	0
22	22219103	M9118	0	0	0.001	0	0	0	0	0	0	0	0	0.001	0	0.122	0
15	38630127	M8754	0	0.381	0	0.395	0.001	0.001	0	0	0.002	0.193	0	0	0	0	0.163
16	17060950	M9098	0	0	0	0	0	0.001	0	0	0.176	0	0	0	0	0.001	0
8	20080498	M9105	0	0	0	0	0.001	0	0	0.047	0.002	0	0.001	0	0.001	0	0
23	41947022	M9054	0	0	0	0.002	0	0.001	0.422	0	0	0	0	0	0	0.001	0
12	117999815	M8845	0	0.001	0.001	0	0	0.001	0	0	0.001	0	0.001	0	0.27	0	0
16	87617986	M8828	0	0	0.14	0	0.001	0	0.002	0	0	0.001	0	0	0.001	0	0
16	58877467	M8922	0	0	0	0.001	0.001	0	0.412	0	0	0.001	0	0	0.043	0	0
18	73465983	M8929	0	0	0	0	0	0	0	0.072	0	0.001	0	0	0	0.001	0
16	28393780	M8925	0	0	0.001	0	0.256	0	0	0	0.001	0.001	0	0	0	0	0.002
4	23722559	M8900	0	0	0.001	0.001	0	0.002	0	0	0.001	0	0.225	0.001	0.001	0.001	0.001
14	48617790	M9046	0	0	0	0.002	0	0.001	0	0	0.001	0	0	0.001	0	0	0
17	48606050	M9090	0	0.001	0.001	0	0	0	0.432	0	0.001	0	0	0.002	0	0	0
19	22271045	M9038	0	0.001	0.002	0.001	0	0	0	0.001	0	0	0.001	0	0	0.141	0
16	19505562	M8917	0	0	0	0	0	0.001	0.001	0	0	0	0	0	0.002	0	0.139
20	6375379	M8769	0	0	0.14	0	0	0	0.001	0.047	0.001	0	0	0	0	0.001	0
21	53390407	M8761	0	0	0	0.001	0	0.385	0.002	0	0.001	0	0	0.001	0.001	0	0
15	59199427	M8803	0	0	0.001	0	0.356	0	0	0.085	0.001	0.261	0.032	0	0	0.001	0
2	200820979	M9109	0	0.001	0	0.001	0.002	0	0	0.001	0	0.001	0	0	0	0	0.157
6	30178178	M9157	0	0	0.001	0	0	0	0	0	0	0	0.001	0.001	0	0	0.092
10	22488617	M8756	0	0	0.001	0	0.291	0.304	0	0.071	0.001	0.198	0.019	0	0	0.001	0
18	62929242	M9067	0	0	0	0	0	0.001	0	0	0.141	0	0.001	0	0	0	0
18	54190965	M9080	0	0	0.001	0	0	0.001	0	0	0	0.001	0.032	0.001	0	0	0
14	28525177	M8842	0	0.002	0	0	0	0.001	0	0	0	0	0.23	0	0	0	0.001
16	95667020	M8818	0	0	0	0	0	0	0	0	0.139	0	0	0.001	0.001	0	0
7	48995257	M8772	0	0.001	0.001	0.001	0	0.001	0	0.001	0.002	0	0.001	0	0.001	0.136	0
20	15796219	M8763	0	0.422	0	0.422	0.001	0	0	0.001	0	0.213	0	0	0.001	0	0.207
14	38060438	M8864	0	0.001	0.001	0.001	0.054	0	0.002	0.26	0.125	0	0	0	0.001	0	0.094
10	3172408	M8940	0	0	0.095	0	0	0	0	0	0	0	0	0.001	0	0	0
22	20639418	M8970	0	0	0	0.001	0.001	0	0.453	0	0	0	0.001	0	0.04	0	0
1	73681849	M9135	0	0	0	0	0.001	0	0.001	0.001	0	0	0	0.482	0.002	0	0
13	126098763	M8760	0	0	0	0.001	0	0	0.433	0.001	0	0	0.248	0.001	0.232	0.015	0.172
2	122199391	M8806	0	0.001	0.136	0.001	0	0	0	0.062	0	0.001	0	0	0	0	0.001
20	3518740	M8887	0	0	0	0	0	0	0	0.052	0	0	0	0.001	0.001	0	0
10	13156053	M8894	0	0	0	0	0.001	0	0	0	0	0	0	0	0.001	0.002	0.152
23	1818977	M8777	0	0	0.001	0.001	0.061	0.001	0	0.361	0.133	0	0	0.471	0.2	0	0.111
8	121481198	M9070	0	0	0	0	0.002	0	0	0	0	0.001	0	0	0	0	0.082
15	91121120	M8794	0	0	0	0	0.001	0.001	0	0	0	0	0	0	0	0.165	0
11	129683922	M8995	0	0	0	0.001	0	0.381	0.001	0.002	0.001	0	0.001	0	0	0	0.001
18	11377869	M8829	0	0.001	0	0	0	0	0	0.075	0	0	0	0	0.001	0	0.001
1	245021313	M8952	0	0.001	0	0	0	0	0.301	0	0.002	0	0	0	0.034	0	0
