#chrom	pos	desc	normal	sample1	sample2	sample3	sample4	sample5	sample6	sample7	sample8	sample9
14	29881658	M8938	0	0	0	0.4286	0	0	0	0	0	0
10	62648566	M8753	0	0	0	0	0.0948	0	0.1786	0	0	0
3	131857236	M8986	0	0.0619	0	0	0	0	0	0.0478	0	0
13	43668879	M8749	0	0	0.4437	0	0	0	0	0	0.2876	0.226
9	61620065	M8748	0	0	0	0.4286	0.377	0	0.0307	0.1216	0	0.2608
4	120303216	M8757	0	0	0	0	0.1048	0	0.2495	0	0	0
20	22134233	M8888	0	0	0.4149	0	0	0	0	0	0	0.226
15	38630127	M8754	0	0	0	0	0	0	0	0.1216	0	0.1196
15	30038735	M8744	0	0.4956	0.4437	0	0.0765	0.4716	0.3972	0.2843	0.4571	0.226
17	18604737	M8792	0	0	0	0	0	0	0	0.1702	0	0
22	15909189	M9131	0	0	0	0	0	0	0.006	0	0	0
8	136774334	M8838	0	0	0	0	0	0	0	0.1216	0	0.1139
16	87617986	M8828	0	0.0619	0	0	0	0	0	0.1018	0.1694	0
5	101532021	M9079	0	0	0	0	0	0	0	0	0	0.0057
13	106404526	M8796	0	0	0	0	0	0.4716	0	0	0	0
12	28586992	M8742	0	0.4956	0.4437	0.4286	0.4818	0.4716	0.4279	0.406	0.4571	0.4868
3	128121570	M8750	0	0.0619	0	0	0.1048	0.4716	0.3972	0.2843	0.1694	0
17	80238238	M8889	0	0.0619	0	0	0	0	0	0.0478	0.1694	0
4	23722559	M8900	0	0	0	0.4286	0	0	0	0	0	0.1412
22	904222	M8755	0	0.0619	0	0	0	0	0.1477	0.1142	0.1694	0
3	170355451	M8860	0	0	0	0	0	0	0	0.0663	0	0
21	11550966	M9159	0	0	0	0	0	0	0	0	0	0.0057
4	149142511	M8958	0	0	0	0	0.1048	0	0	0	0	0
7	4392508	M9150	0	0	0	0	0.1498	0	0	0	0	0
17	88751410	M9095	0	0	0	0	0	0	0	0.0663	0	0
12	59357544	M9015	0	0	0.4149	0	0	0	0	0	0	0
1	66642190	M8779	0	0	0	0	0	0	0	0.1702	0	0
16	19505562	M8917	0	0	0	0	0.377	0	0	0	0	0
20	6375379	M8769	0	0.0619	0	0	0	0	0.1477	0.1142	0.1694	0
21	53390407	M8761	0	0	0	0	0	0.4716	0	0	0	0
17	49274792	M9094	0	0	0	0	0	0	0.0307	0	0	0
15	59199427	M8803	0	0	0	0	0	0	0	0.1702	0	0
23	27977081	M8767	0	0	0.4437	0	0	0	0	0	0.2876	0.226
3	43979413	M8898	0	0	0	0	0	0	0	0.1216	0	0.1139
2	242573102	M9140	0	0	0	0	0	0	0	0.1216	0	0
10	22488617	M8756	0	0	0	0	0	0.3205	0	0.1325	0	0
18	62929242	M9067	0	0	0	0	0	0	0.2435	0	0	0
10	19537955	M8839	0	0	0	0	0	0	0	0.1325	0	0
11	105341834	M9001	0	0.2138	0	0	0	0	0	0	0	0
14	28525177	M8842	0	0	0	0.4286	0	0	0	0	0	0.1412
16	95667020	M8818	0	0	0	0	0.1048	0	0.2435	0	0	0
20	15796219	M8763	0	0	0	0	0	0	0	0.1216	0	0.1196
14	38060438	M8864	0	0	0.4437	0	0	0	0	0	0	0.226
16	61575445	M8810	0	0	0	0.4286	0.377	0	0.0307	0	0	0.1268
20	42588245	M8855	0	0	0	0	0	0	0.1477	0	0	0
22	550919	M8956	0	0	0	0	0	0	0	0	0	0.0057
13	126098763	M8760	0	0	0	0.4286	0.377	0	0.0307	0	0	0.1412
20	32352202	M8843	0	0	0	0	0	0	0	0.0663	0	0
2	122199391	M8806	0	0.0619	0	0	0	0	0.1477	0.1142	0.1694	0
10	13156053	M8894	0	0	0	0	0.3412	0	0	0	0	0
23	1818977	M8777	0	0	0.4437	0	0	0	0	0	0.2876	0.226
13	120869678	M8868	0	0.0619	0	0	0	0	0	0.0478	0.1694	0
4	11222285	M8899	0	0	0	0	0	0	0	0.1702	0	0
11	121906830	M9125	0	0	0.4149	0	0	0	0	0	0	0
22	57168590	M9161	0	0	0	0	0	0	0.0307	0	0	0
16	8780243	M9085	0	0	0.4149	0	0	0	0	0	0	0
5	88242270	M8915	0	0	0	0	0	0	0	0	0.1694	0
10	107539979	M8942	0	0.2138	0	0	0	0	0	0	0	0
2	106120572	M9024	0	0	0	0	0.1048	0	0	0	0	0
15	19898528	M8891	0	0	0	0	0	0	0.006	0	0	0
2	153354704	M8937	0	0	0	0	0	0	0	0.1216	0	0.1139
4	53959003	M8745	0	0	0.4437	0	0	0	0	0	0.2876	0.226
17	59287580	M8758	0	0.0619	0	0	0	0	0.1477	0.1142	0.1694	0
21	24964016	M8823	0	0	0	0.4286	0	0	0	0	0	0.1412
