#chrom	pos	desc	normal	sample1	sample2	sample3	sample4	sample5	sample6	sample7	sample8	sample9
14	29881658	M8938	0	0	0	0.412	0	0.001	0	0.001	0	0.001
10	62648566	M8753	0	0	0	0	0.091	0	0.176	0	0	0
3	131857236	M8986	0	0.063	0	0	0	0	0.001	0.051	0	0
13	43668879	M8749	0	0	0.421	0	0	0	0	0	0.278	0.224
9	61620065	M8748	0	0.001	0	0.432	0.37	0	0.034	0.124	0	0.267
4	120303216	M8757	0	0	0	0.002	0.105	0.002	0.245	0	0	0
20	22134233	M8888	0	0	0.398	0	0	0	0	0.001	0	0.222
15	38630127	M8754	0	0	0	0	0.001	0	0.001	0.134	0.001	0.117
15	30038735	M8744	0	0.461	0.449	0	0.079	0.492	0.398	0.284	0.467	0.241
17	18604737	M8792	0	0.002	0	0	0	0	0	0.158	0.001	0
22	15909189	M9131	0	0	0.001	0	0	0	0.005	0.001	0	0
8	136774334	M8838	0	0	0.001	0	0.002	0	0.001	0.127	0	0.116
16	87617986	M8828	0	0.064	0	0.001	0	0	0	0.1	0.209	0
5	101532021	M9079	0	0.001	0	0	0	0.001	0	0.001	0	0.006
13	106404526	M8796	0	0	0.001	0	0	0.468	0.001	0	0	0.002
12	28586992	M8742	0	0.511	0.447	0.418	0.494	0.49	0.443	0.402	0.469	0.483
3	128121570	M8750	0	0.058	0	0	0.116	0.474	0.409	0.3	0.207	0
17	80238238	M8889	0	0.061	0	0	0	0	0	0.05	0.15	0
4	23722559	M8900	0	0.001	0.002	0.432	0	0.002	0	0.001	0	0.138
22	904222	M8755	0	0.064	0	0	0.001	0.001	0.156	0.117	0.168	0
3	170355451	M8860	0	0	0.002	0	0.001	0.001	0	0.087	0	0
21	11550966	M9159	0	0.001	0	0	0.001	0	0.001	0	0	0.006
4	149142511	M8958	0	0	0	0	0.095	0.001	0	0.001	0	0
7	4392508	M9150	0	0	0	0	0.156	0.001	0	0	0	0
17	88751410	M9095	0	0	0.001	0	0	0	0.001	0.085	0	0
12	59357544	M9015	0	0	0.403	0	0.002	0	0	0	0.002	0
1	66642190	M8779	0	0.001	0	0.001	0.001	0	0	0.16	0	0
16	19505562	M8917	0	0	0	0	0.39	0.001	0	0	0	0.001
20	6375379	M8769	0	0.06	0	0	0	0	0.142	0.118	0.171	0
21	53390407	M8761	0	0	0	0.001	0	0.481	0.001	0	0.001	0
17	49274792	M9094	0	0	0	0	0	0	0.034	0	0	0
15	59199427	M8803	0	0.001	0	0.001	0	0	0	0.181	0	0
23	27977081	M8767	0	0.001	0.434	0.001	0	0	0	0	0.295	0.242
3	43979413	M8898	0	0	0	0	0	0	0	0.128	0.001	0.088
2	242573102	M9140	0	0	0.001	0	0	0	0	0.121	0	0
10	22488617	M8756	0	0.001	0	0	0	0.327	0.001	0.12	0	0
18	62929242	M9067	0	0	0.001	0	0.001	0.001	0.244	0	0	0
10	19537955	M8839	0	0.001	0.001	0	0	0	0	0.137	0	0
11	105341834	M9001	0	0.215	0	0.001	0.001	0.001	0	0	0.001	0
14	28525177	M8842	0	0	0	0.455	0.001	0	0	0.002	0	0.123
16	95667020	M8818	0	0	0	0	0.099	0	0.21	0	0	0.001
20	15796219	M8763	0	0	0	0	0	0	0	0.122	0.002	0.105
14	38060438	M8864	0	0	0.448	0	0	0	0	0	0.001	0.233
16	61575445	M8810	0	0	0.001	0.415	0.364	0.001	0.035	0	0	0.118
20	42588245	M8855	0	0.002	0	0	0	0	0.143	0.001	0.001	0
22	550919	M8956	0	0	0	0	0	0.001	0.002	0	0	0.005
13	126098763	M8760	0	0	0	0.41	0.357	0	0.034	0	0	0.143
20	32352202	M8843	0	0	0	0	0.001	0.001	0.001	0.062	0.002	0
2	122199391	M8806	0	0.079	0.001	0	0	0	0.125	0.127	0.169	0
10	13156053	M8894	0	0	0.002	0	0.373	0	0	0	0.001	0.001
23	1818977	M8777	0	0	0.453	0.001	0	0	0	0	0.295	0.226
13	120869678	M8868	0	0.076	0	0	0	0.001	0	0.052	0.163	0.001
4	11222285	M8899	0	0	0	0	0	0	0	0.17	0	0
11	121906830	M9125	0	0.001	0.431	0.001	0	0	0	0	0	0.001
22	57168590	M9161	0	0	0	0.002	0	0	0.023	0	0	0
16	8780243	M9085	0	0.001	0.418	0	0	0	0	0	0	0
5	88242270	M8915	0	0	0	0	0	0	0	0	0.163	0
10	107539979	M8942	0	0.234	0	0	0.002	0	0	0.001	0	0
2	106120572	M9024	0	0.001	0	0	0.107	0	0	0	0	0
15	19898528	M8891	0	0	0	0	0	0	0.012	0	0	0
2	153354704	M8937	0	0	0	0	0.003	0.001	0.002	0.104	0.001	0.111
4	53959003	M8745	0	0	0.444	0	0	0	0.001	0	0.305	0.236
17	59287580	M8758	0	0.055	0.001	0.001	0	0	0.156	0.119	0.164	0.001
21	24964016	M8823	0	0	0.001	0.448	0	0	0	0	0	0.132
