#chrom	pos	desc	normal	sample1	sample2	sample3	sample4	sample5	sample6	sample7	sample8	sample9
14	29881658	M8938	0	0.0002	0.0001	0.4248	0.0005	0.0002	0.0004	0.001	0.0004	0.0003
10	62648566	M8753	0	0.0006	0.0005	0.0004	0.0953	0.0002	0.1818	0.0004	0.0004	0.0004
3	131857236	M8986	0	0.0643	0	0.0002	0.0003	0.0006	0.0005	0.0489	0.0003	0.0001
13	43668879	M8749	0	0.0006	0.4389	0.0001	0.0003	0.0006	0.0003	0.0002	0.2808	0.2294
9	61620065	M8748	0	0.0007	0.0004	0.4273	0.3707	0.0001	0.0315	0.1242	0.0007	0.2623
4	120303216	M8757	0	0.0003	0	0.0005	0.1063	0.0005	0.2538	0.0001	0.0007	0.0005
20	22134233	M8888	0	0.0005	0.412	0.0004	0.0005	0.0005	0.0004	0.0003	0.0003	0.2287
15	38630127	M8754	0	0.0005	0.0006	0.0005	0.0005	0.0005	0.0005	0.1212	0.0002	0.1166
15	30038735	M8744	0	0.5103	0.4489	0.0006	0.0797	0.4694	0.4015	0.2785	0.4533	0.228
17	18604737	M8792	0	0.0003	0.0002	0.0005	0.0001	0.0004	0.0003	0.1673	0.0007	0.0005
22	15909189	M9131	0	0.0006	0.0007	0.0004	0.0003	0.0002	0.0062	0.0009	0.0003	0.0005
8	136774334	M8838	0	0.0005	0.0002	0.0002	0.0002	0.0002	0.0002	0.1233	0.0003	0.1154
16	87617986	M8828	0	0.0621	0.0004	0.0002	0.0001	0.0004	0.0002	0.1031	0.1696	0
5	101532021	M9079	0	0.0006	0.0004	0.0002	0.0005	0.0006	0.0002	0.0004	0.0001	0.0061
13	106404526	M8796	0	0.0002	0.0003	0.0006	0.0005	0.4788	0.0003	0.0003	0.0005	0.0005
12	28586992	M8742	0	0.5054	0.4363	0.4308	0.4807	0.4707	0.423	0.4026	0.4649	0.4871
3	128121570	M8750	0	0.0598	0.0004	0.0005	0.1035	0.4741	0.4016	0.2865	0.1694	0.0007
17	80238238	M8889	0	0.0654	0.0003	0.0007	0.0003	0.0007	0.0001	0.0514	0.1692	0.0003
4	23722559	M8900	0	0.0002	0.0002	0.4327	0.0002	0.0004	0.0007	0.0001	0.0002	0.1476
22	904222	M8755	0	0.061	0.0005	0.0002	0.0003	0.0004	0.1476	0.1166	0.1693	0.0007
3	170355451	M8860	0	0.0005	0.0002	0.0004	0.0002	0.0008	0.0003	0.0731	0.0005	0.0003
21	11550966	M9159	0	0.0008	0.0004	0.0002	0.0003	0.0004	0.0002	0.0003	0.0002	0.0067
4	149142511	M8958	0	0.0004	0.0007	0.0003	0.1062	0.0003	0.0002	0.0004	0.0005	0.0002
7	4392508	M9150	0	0.0005	0.0002	0.0004	0.1518	0.0008	0.0004	0.0002	0.0001	0.0004
17	88751410	M9095	0	0.0002	0	0.0005	0.0009	0.0004	0.0005	0.0666	0.0004	0.0006
12	59357544	M9015	0	0.0005	0.4142	0.0007	0.0002	0.0005	0.0001	0.0003	0	0.0005
1	66642190	M8779	0	0.0002	0.0001	0	0.0007	0.0002	0.0005	0.1675	0.0003	0.0006
16	19505562	M8917	0	0.0004	0.0002	0.0005	0.3711	0.0003	0.0006	0.0004	0.0001	0.0003
20	6375379	M8769	0	0.0621	0.0002	0.0005	0.0002	0.0003	0.1504	0.1132	0.171	0.0001
21	53390407	M8761	0	0.0006	0.0004	0.0003	0.0003	0.4713	0.0001	0.0002	0.0007	0.0002
17	49274792	M9094	0	0.0009	0.0004	0.0002	0.0001	0.0004	0.0303	0.0007	0.0001	0.0003
15	59199427	M8803	0	0.0003	0.0002	0.0005	0.0002	0.0001	0.0003	0.1669	0.0004	0.0002
23	27977081	M8767	0	0.0006	0.4413	0.0003	0.0006	0.0004	0.0004	0.0003	0.2839	0.2302
3	43979413	M8898	0	0.0004	0.0005	0.0002	0.0007	0.0003	0.0005	0.1189	0.0002	0.1173
2	242573102	M9140	0	0.0003	0.0005	0.0004	0.0003	0.0003	0.0007	0.1248	0.0002	0.0003
10	22488617	M8756	0	0.0001	0.0004	0.0001	0.0005	0.3271	0.0004	0.1311	0.0004	0.0005
18	62929242	M9067	0	0.0001	0.0001	0.0002	0.0002	0.0007	0.247	0.0002	0.0001	0.0001
10	19537955	M8839	0	0.0002	0.0001	0.0003	0.0005	0.0007	0.0002	0.132	0.0008	0.0006
11	105341834	M9001	0	0.2073	0.0005	0.0007	0.0005	0.0003	0.0001	0.0005	0.0003	0.0003
14	28525177	M8842	0	0.0001	0.0003	0.4234	0.0001	0.0002	0.0001	0.0001	0.0001	0.1424
16	95667020	M8818	0	0.0006	0.0006	0.0001	0.1083	0.0004	0.2441	0.0002	0.0004	0.0006
20	15796219	M8763	0	0.0001	0	0.0006	0.0001	0.0004	0.0004	0.118	0.0009	0.1218
14	38060438	M8864	0	0.0002	0.4355	0.0005	0.0004	0.0003	0.0002	0	0.0006	0.229
16	61575445	M8810	0	0.0002	0.0004	0.4283	0.37	0.0004	0.0281	0.0004	0.0005	0.1253
20	42588245	M8855	0	0.0005	0.0004	0.0003	0.0004	0.0002	0.1436	0.0003	0.0003	0.0003
22	550919	M8956	0	0.0004	0.0003	0.0001	0.0001	0.0001	0.0002	0.0003	0.0004	0.0053
13	126098763	M8760	0	0.0004	0.0003	0.4302	0.3798	0.0003	0.0297	0.0001	0.0004	0.1387
20	32352202	M8843	0	0.0003	0.0005	0.0003	0.0004	0.0004	0.0003	0.0693	0.0005	0.0003
2	122199391	M8806	0	0.0644	0.0003	0.0004	0.0002	0.0003	0.1524	0.1107	0.1665	0.0004
10	13156053	M8894	0	0.0002	0.0008	0.0005	0.3392	0.0004	0.0003	0.0003	0.0001	0.0002
23	1818977	M8777	0	0.0004	0.4538	0.0005	0.0001	0	0.0002	0.0002	0.2884	0.2248
13	120869678	M8868	0	0.0586	0.0003	0.0002	0.0004	0.0004	0.0001	0.0493	0.1733	0.0003
4	11222285	M8899	0	0.0004	0.0005	0.0004	0.0005	0.0003	0	0.1812	0.0004	0.0005
11	121906830	M9125	0	0.0005	0.412	0.0003	0.0002	0.0003	0.0004	0.0001	0.0002	0.0008
22	57168590	M9161	0	0.0006	0.0002	0.0002	0	0.0001	0.0299	0.0005	0.0004	0.0003
16	8780243	M9085	0	0.0007	0.4183	0.0004	0.0002	0.0002	0.0002	0.0005	0.0001	0.0003
5	88242270	M8915	0	0.0006	0.0003	0.0001	0.0002	0.0001	0.0002	0.0003	0.1678	0.0001
10	107539979	M8942	0	0.2174	0.0004	0.0003	0.0002	0.0006	0.0002	0.0006	0.0002	0.0003
2	106120572	M9024	0	0.0002	0.0001	0.0002	0.1058	0	0.0003	0.0002	0.0006	0.0005
15	19898528	M8891	0	0.0001	0.0004	0.0001	0.0006	0.0002	0.0055	0.0002	0.0003	0.0003
2	153354704	M8937	0	0	0.0002	0.0006	0.0002	0.0003	0.0002	0.1218	0.0003	0.109
4	53959003	M8745	0	0.0001	0.4459	0.0005	0.0005	0	0.0003	0.0006	0.2803	0.224
17	59287580	M8758	0	0.0626	0.0005	0.0003	0.0004	0.0004	0.1491	0.1173	0.1682	0.0004
21	24964016	M8823	0	0.0004	0.0003	0.4297	0.0004	0.0003	0.0003	0.0002	0.0005	0.1459
