#chrom	pos	desc	normal	sample1	sample2	sample3	sample4	sample5	sample6	sample7	sample8	sample9
4	105262003	M1071	0	0.001	0.001	0	0.001	0	0.082	0	0	0
18	64955612	M1039	0	0.168	0	0.002	0	0	0	0	0	0
6	95745114	M1011	0	0.001	0	0.002	0	0	0	0	0.045	0
22	15799493	M1104	0	0.002	0	0	0	0.424	0	0	0	0.001
17	80000568	M987	0	0	0	0.001	0	0	0	0.432	0.001	0.418
15	49087667	M1036	0	0.001	0	0	0.001	0.001	0	0	0	0.443
15	69081315	M985	0	0.001	0.02	0.422	0.056	0	0.121	0.468	0.388	0.453
11	83242445	M1019	0	0	0	0	0.002	0	0.071	0.002	0	0
20	19092798	M1026	0	0.219	0.001	0	0.001	0	0	0	0	0
5	81018447	M998	0	0	0.458	0.002	0	0	0.023	0	0	0
3	95966357	M1020	0	0	0	0.413	0.068	0	0	0.002	0.001	0.001
20	59422757	M996	0	0	0.001	0	0.001	0.001	0.113	0	0.001	0
23	2896286	M1002	0	0.181	0.001	0	0	0.391	0.236	0	0	0.001
20	32673968	M1012	0	0	0.018	0	0	0.001	0.001	0.001	0	0
23	3812143	M993	0	0.178	0	0	0.001	0.434	0.257	0	0.001	0.001
17	10950855	M1034	0	0	0.001	0	0.001	0.414	0	0	0.002	0
3	127533371	M1000	0	0	0	0	0.26	0	0.001	0	0	0.001
21	10061280	M990	0	0.001	0.001	0	0.25	0	0.001	0.001	0.001	0.002
21	3474133	M1009	0	0.19	0	0.001	0	0	0	0	0	0
18	51704743	M1089	0	0	0.001	0.001	0	0	0.229	0	0	0
12	95777877	M1006	0	0	0	0.001	0.002	0.001	0	0	0	0.413
2	196701859	M1055	0	0	0	0.001	0	0.001	0.111	0	0	0.001
19	65512258	M991	0	0.087	0	0	0	0	0.001	0	0	0
22	40824426	M1043	0	0	0.001	0	0	0.001	0.023	0	0	0.001
22	33849120	M1095	0	0.001	0.018	0	0	0.001	0.002	0	0.001	0.001
17	75910401	M989	0	0	0.012	0.001	0.001	0.001	0	0	0.336	0.001
9	133874018	M986	0	0.389	0.001	0.001	0.284	0.425	0.242	0	0.047	0.001
16	93641916	M1017	0	0	0	0.001	0.001	0	0.026	0	0	0
3	11173204	M1003	0	0	0	0	0.001	0.001	0.063	0	0	0
22	46587796	M999	0	0	0	0	0	0	0.001	0	0.342	0
5	118101484	M1004	0	0.001	0.001	0.447	0.06	0	0	0	0	0
20	49801185	M1052	0	0.001	0	0	0	0.001	0	0.446	0.001	0
6	31397056	M988	0	0	0.459	0	0.093	0	0.027	0.001	0	0
16	48133042	M1080	0	0	0	0	0	0	0.034	0.001	0	0.001
