#chrom	pos	desc	normal	sample1	sample2	sample3	sample4	sample5	sample6	sample7	sample8	sample9
4	105262003	M1071	0	0	0	0	0	0	0.0709	0	0	0
18	64955612	M1039	0	0.1871	0	0	0	0	0	0	0	0
6	95745114	M1011	0	0	0	0	0	0	0	0	0.0441	0
22	15799493	M1104	0	0	0	0	0	0.4202	0	0	0	0
17	80000568	M987	0	0	0	0	0	0	0	0.4479	0	0.4332
15	49087667	M1036	0	0	0	0	0	0	0	0	0	0.4332
15	69081315	M985	0	0	0.017	0.4398	0.0626	0	0.1155	0.4479	0.3621	0.4332
11	83242445	M1019	0	0	0	0	0	0	0.0709	0	0	0
20	19092798	M1026	0	0.1985	0	0	0	0	0	0	0	0
5	81018447	M998	0	0	0.4552	0	0	0	0.0277	0	0	0
3	95966357	M1020	0	0	0	0.4398	0.0626	0	0	0	0	0
20	59422757	M996	0	0	0	0	0	0	0.1155	0	0	0
23	2896286	M1002	0	0.1871	0	0	0	0.4202	0.249	0	0	0
20	32673968	M1012	0	0	0.017	0	0	0	0	0	0	0
23	3812143	M993	0	0.1871	0	0	0	0.4202	0.249	0	0	0
17	10950855	M1034	0	0	0	0	0	0.4202	0	0	0	0
3	127533371	M1000	0	0	0	0	0.2594	0	0	0	0	0
21	10061280	M990	0	0	0	0	0.2594	0	0	0	0	0
21	3474133	M1009	0	0.1871	0	0	0	0	0	0	0	0
18	51704743	M1089	0	0	0	0	0	0	0.249	0	0	0
12	95777877	M1006	0	0	0	0	0	0	0	0	0	0.4332
2	196701859	M1055	0	0	0	0	0	0	0.1155	0	0	0
19	65512258	M991	0	0.0938	0	0	0	0	0	0	0	0
22	40824426	M1043	0	0	0	0	0	0	0.0277	0	0	0
22	33849120	M1095	0	0	0.017	0	0	0	0	0	0	0
17	75910401	M989	0	0	0.017	0	0	0	0	0	0.3621	0
9	133874018	M986	0	0.3856	0	0	0.2594	0.4202	0.249	0	0.0441	0
16	93641916	M1017	0	0	0	0	0	0	0.0277	0	0	0
3	11173204	M1003	0	0	0	0	0	0	0.0709	0	0	0
22	46587796	M999	0	0	0	0	0	0	0	0	0.3468	0
5	118101484	M1004	0	0	0	0.4398	0.0626	0	0	0	0	0
20	49801185	M1052	0	0	0	0	0	0	0	0.4479	0	0
6	31397056	M988	0	0	0.4552	0	0.1044	0	0.0277	0	0	0
16	48133042	M1080	0	0	0	0	0	0	0.0277	0	0	0
