#chrom	pos	desc	normal	sample1	sample2	sample3	sample4	sample5	sample6	sample7	sample8	sample9
5	79440703	M5155	0	0	0	0.156	0	0	0	0	0	0
12	57291117	M5290	0	0	0	0.159	0	0	0	0	0	0
5	180694573	M5164	0	0	0	0	0	0	0.0709	0	0	0
6	41856321	M5156	0	0	0	0	0.1237	0	0	0	0	0
1	72888310	M5083	0	0	0	0.1015	0	0	0	0.4434	0	0
6	151704849	M5059	0	0	0	0	0	0	0	0	0.2859	0
1	46383737	M5481	0	0	0	0	0.3179	0	0	0	0	0
6	135650833	M5441	0	0	0	0	0	0.3433	0	0	0	0
18	55023098	M5226	0	0	0.1484	0	0	0	0	0	0	0
17	33477116	M5018	0	0	0	0.0637	0	0	0.1648	0	0	0
22	19214495	M5190	0	0	0	0	0	0	0	0	0.0315	0
8	62304698	M5214	0	0	0	0	0	0	0.034	0	0	0
11	76752265	M5309	0	0	0	0	0	0.3433	0	0	0	0
23	51193127	M5325	0	0	0.1287	0	0	0	0	0	0	0
23	44545041	M5328	0	0	0	0.159	0	0	0	0	0	0
17	17362841	M5108	0	0	0.0716	0	0	0	0.1347	0	0	0
1	222066243	M5267	0	0	0.1484	0	0	0	0	0	0	0
4	120326879	M5042	0	0	0	0.0637	0	0	0.1648	0	0	0
6	45153243	M5006	0	0	0.1484	0	0.1237	0	0	0	0	0
16	5840107	M4989	0	0.4746	0	0.2605	0	0	0	0.4434	0	0
7	44753555	M5085	0	0	0	0	0	0	0	0	0.0315	0
11	45194591	M5654	0	0	0.1484	0	0	0	0	0	0	0
1	165383563	M5077	0	0	0.1484	0	0	0	0	0	0	0
6	128397844	M5019	0	0.4746	0	0.1303	0	0	0	0	0	0
13	87985162	M5397	0	0	0.1287	0	0	0	0	0	0	0
20	49490617	M5530	0	0.4746	0	0	0	0	0	0	0	0
10	57067182	M5036	0	0	0	0	0.1237	0	0	0	0	0
6	5762930	M4991	0	0	0.2003	0	0.3179	0.1092	0.2055	0	0	0
10	28915625	M5041	0	0	0	0	0	0	0	0	0.2859	0
11	132235357	M5378	0	0	0	0	0.1237	0	0	0	0	0
13	5180430	M5093	0	0	0	0	0	0.1092	0	0	0	0
10	83248021	M5413	0	0	0	0.1015	0	0	0	0.4434	0	0
20	38155018	M5533	0	0	0	0	0	0.1092	0	0	0	0
20	51182165	M4997	0	0	0.1148	0	0	0	0	0	0.0315	0
5	143042585	M5098	0	0.4746	0	0	0	0	0	0	0	0
15	34903543	M5317	0	0	0	0	0	0	0.1648	0	0	0
17	70052399	M5132	0	0	0.1287	0	0.3179	0	0	0	0	0
18	33624656	M5001	0	0	0	0.1015	0	0	0	0.4434	0	0
11	42155110	M5061	0	0	0	0	0	0.3433	0	0	0	0
16	4653711	M5032	0	0	0	0	0	0.1092	0	0	0	0
1	121084055	M5050	0	0	0	0	0	0	0.034	0	0	0
7	88973833	M5070	0	0	0	0	0	0	0.1648	0	0	0
3	150062884	M5316	0	0	0	0	0	0	0	0	0.2657	0
19	35809299	M4993	0	0	0	0.156	0	0	0.034	0	0	0
8	17178006	M5298	0	0	0	0	0	0	0.0709	0	0	0
22	55396661	M5051	0	0	0.1148	0	0	0	0	0	0.0315	0
19	36450432	M5253	0	0	0.1287	0	0.3179	0	0	0	0	0
14	964631	M5145	0	0	0	0.159	0	0	0	0	0	0
4	162248432	M4987	0	0	0.1484	0	0.1237	0.3433	0	0	0	0
20	57048820	M5144	0	0	0	0	0	0	0.1648	0	0	0
19	52655906	M5169	0	0	0	0.159	0	0	0	0	0	0
15	88465402	M5010	0	0	0	0	0	0.1092	0.0709	0	0	0
13	80042240	M5762	0	0	0.1148	0	0	0	0	0	0	0
8	33087691	M5112	0	0	0	0	0	0	0.034	0	0	0
5	68584677	M5542	0	0	0	0	0	0	0.0573	0	0	0
1	69606587	M5016	0	0	0	0	0	0	0	0	0	0.4747
9	36018814	M5116	0	0	0	0	0	0	0	0	0.4003	0
2	51592418	M5228	0	0	0	0	0	0.1092	0	0	0	0
16	56575823	M5084	0	0	0	0	0	0	0.1648	0	0	0
11	114384679	M5056	0	0.4746	0	0.159	0	0	0	0	0	0
19	55315276	M5008	0	0	0	0	0	0	0	0	0.4003	0.4747
23	25377169	M5690	0	0.4746	0	0	0	0	0	0	0	0
17	67178587	M5468	0	0	0.1148	0	0	0	0	0	0	0
14	32306340	M5017	0	0	0	0	0	0.1092	0	0	0	0
10	3539791	M5617	0	0	0.1148	0	0	0	0	0	0	0
13	92582765	M5090	0	0.4746	0	0.159	0	0	0	0	0	0
7	125804206	M5094	0	0	0.1148	0	0	0	0	0	0	0
4	17586621	M5062	0	0	0	0.1015	0	0	0	0.4434	0	0
1	92685301	M5071	0	0	0	0	0	0	0	0	0.0315	0
7	127233989	M4990	0	0	0.1484	0	0.1237	0.3433	0	0	0	0
14	20933877	M4984	0	0	0.2632	0.2197	0.1237	0.3433	0.1988	0	0.4318	0.4747
2	113965327	M5667	0	0	0.1287	0	0	0	0	0	0	0
9	91153684	M5711	0	0	0.0716	0	0	0	0	0	0	0
15	44810387	M5424	0	0	0	0.156	0	0	0	0	0	0
23	28211435	M5460	0	0	0	0	0	0	0	0	0	0.4747
20	52424535	M5165	0	0	0	0	0	0	0	0	0.4003	0
14	7140591	M5147	0	0.4746	0	0	0	0	0	0	0	0
12	101640550	M5074	0	0	0.1287	0	0.3179	0	0	0	0	0
13	69040894	M5399	0	0	0	0.159	0	0	0	0	0	0
18	42893613	M5772	0	0	0	0	0	0.3433	0	0	0	0
20	6593670	M5073	0	0	0	0	0	0	0	0	0.4003	0
10	74613999	M5543	0	0	0	0	0	0	0.1648	0	0	0
2	100162650	M5139	0	0	0	0	0	0	0.034	0	0	0
9	85363321	M5002	0	0	0.2003	0	0.3179	0.1092	0.2055	0	0	0
7	119810402	M5127	0	0	0.1148	0	0	0	0	0	0	0
18	32951403	M5198	0	0	0	0.156	0	0	0	0	0	0
15	99272029	M5670	0	0	0	0	0	0.3433	0	0	0	0
