#chrom	pos	desc	normal	sample1	sample2	sample3	sample4	sample5	sample6	sample7	sample8	sample9	sample10	sample11	sample12	sample13	sample14
12	57291117	M5290	0	0.0006	0.0005	0.0005	0.0002	0.1087	0	0.0004	0.0005	0.0003	0.1684	0.0003	0.0004	0.0002	0.0002
5	180694573	M5164	0	0.0001	0.0003	0.0002	0.0004	0.0003	0.0004	0.0003	0.0001	0.0006	0.0001	0.0003	0.0004	0.0005	0.0568
18	42450724	M5205	0	0.0005	0.0004	0.0004	0.0005	0.0003	0	0.0005	0.0005	0.0042	0.0003	0.0005	0.0004	0.0003	0.0003
20	44880564	M5327	0	0.0002	0.0493	0.0003	0.0003	0.0001	0.0001	0.0004	0.0003	0.0004	0.0006	0.0002	0.0001	0.0005	0.0006
7	70653114	M5288	0	0.0002	0.0004	0	0.0001	0.0002	0.0002	0.0005	0.0002	0.0003	0.0885	0.0004	0	0.0007	0.0003
18	55023098	M5226	0	0.0004	0.0001	0.0003	0.0003	0.0604	0.0001	0.0003	0.0001	0.0004	0.0002	0.0002	0.0002	0.0002	0.0003
2	155521466	M5043	0	0.0003	0.0004	0.0003	0.0001	0.0005	0.0004	0	0	0.0007	0.0992	0.0005	0.0004	0.0004	0.0002
4	90883673	M5560	0	0.0007	0.0004	0.0006	0.0005	0.0478	0.0003	0.0006	0.0002	0.0004	0.0006	0.0008	0.0001	0.0005	0.0003
13	5010564	M5523	0	0.0003	0.0002	0.4146	0.0005	0.0003	0.0002	0.0004	0.0002	0.0003	0.0001	0.0003	0.0001	0.0002	0.0005
11	86663	M5668	0	0.0001	0.0001	0.0004	0	0.0004	0.0005	0.0003	0.0004	0.0005	0.0004	0.0005	0.0003	0.2098	0.0002
14	73862431	M5611	0	0.0003	0.0002	0.0001	0.0005	0.0006	0.0005	0.4303	0.0002	0.0005	0.0003	0.0003	0.0003	0.0004	0.0002
16	93566752	M5086	0	0.0002	0.1419	0.0002	0.0004	0.0001	0.0004	0.0003	0.0003	0.2069	0.0006	0.0004	0.0004	0.0004	0.0002
23	44545041	M5328	0	0.0002	0.0001	0.0001	0.0006	0.0003	0.0002	0.0002	0.0005	0.0004	0.159	0.0005	0.0001	0.0003	0.0005
4	120326879	M5042	0	0.0001	0.0001	0.0004	0.14	0.0005	0.0001	0.0005	0.0002	0.0005	0.0004	0.421	0.0005	0.0006	0.0003
6	45153243	M5006	0	0.0002	0.0005	0.4162	0.0003	0.0612	0.0009	0.0006	0.0005	0.0003	0.0005	0.0003	0.0873	0.0002	0.0003
13	21837448	M5721	0	0.096	0	0.0004	0.0005	0.0009	0	0.0002	0.0004	0.0006	0.0002	0.0005	0.0004	0.0002	0.0004
9	49689017	M5728	0	0.0006	0.0007	0.0004	0.0674	0.0003	0.0002	0.0006	0.0006	0.0007	0.0005	0.0004	0.0002	0.0006	0.0003
16	5840107	M4989	0	0.1095	0.1191	0.0007	0.0002	0.1076	0.0002	0.4338	0.0002	0.0002	0.1637	0.0004	0.0001	0.2101	0.0004
6	142731792	M5153	0	0.0007	0.0004	0.0006	0.0528	0.0002	0.0007	0.0004	0.0002	0.0003	0.0002	0.0006	0.0004	0.0003	0.0007
7	44753555	M5085	0	0.0004	0.0005	0.0001	0.0002	0.0002	0.0005	0.0002	0.0001	0.0001	0.0001	0.0002	0.0005	0.0003	0.2103
1	165383563	M5077	0	0.0004	0.0003	0.0002	0.0006	0.0627	0.0004	0.0003	0.0002	0.0008	0.0003	0.0006	0.0695	0	0.0003
20	62198745	M5082	0	0.0973	0.0005	0.0003	0.0003	0.0008	0.2506	0.0005	0.0001	0.0007	0.0005	0.0001	0.0006	0.0003	0.0003
4	115727103	M5047	0	0.0002	0.0537	0.0003	0.0002	0.0006	0.0005	0.0002	0.0005	0.2592	0.0797	0.0003	0.0006	0.0887	0.0004
12	65336638	M5750	0	0.0003	0.0004	0.4098	0.0002	0.0001	0.0004	0.0004	0.0004	0.0002	0.0005	0.0001	0.0003	0.0007	0.0002
18	44179504	M5269	0	0.0004	0.0532	0.0005	0.0003	0.0003	0.0002	0.0001	0.0002	0.0005	0.0001	0.0004	0.0003	0	0.0004
16	45205634	M5336	0	0.0005	0.0004	0.0007	0.0005	0.0002	0.0004	0.0003	0.0002	0.2557	0.0006	0.0002	0.0003	0.0006	0.0004
5	40278749	M5623	0	0.0002	0.0005	0.0001	0.0004	0.0005	0.0001	0.0003	0.0004	0.0003	0.0002	0.0002	0.0914	0.0002	0.0004
10	83248021	M5413	0	0.0004	0.0002	0.0002	0.0003	0.0003	0.0004	0.0003	0.0007	0.0001	0.0004	0.0004	0.0008	0.2102	0.0004
1	195725016	M5428	0	0.0005	0.0002	0.0002	0.0004	0.0596	0.0002	0.0002	0.0001	0	0.0002	0.0002	0.0004	0.0004	0.0003
9	99780390	M5375	0	0.0005	0.0005	0.0002	0.0004	0.0003	0.0002	0.0005	0.0003	0.0003	0.0003	0.0003	0.0896	0.0003	0.0003
14	76735089	M5099	0	0.0001	0.0003	0.0005	0.0004	0.0002	0.0004	0.0004	0.0006	0.0002	0.0935	0.0002	0.0002	0.0004	0.0006
17	70052399	M5132	0	0.0002	0.0003	0.0001	0.0649	0.0004	0.0005	0.0003	0.0006	0.0004	0.0004	0.0002	0.0003	0.0003	0.0001
9	106461335	M5256	0	0.0004	0.0002	0.0003	0.0003	0.0004	0.0004	0.0004	0.0002	0.0002	0.0001	0.0004	0.0002	0.0003	0.0576
18	33624656	M5001	0	0.1087	0.0002	0	0.0003	0.0003	0.0001	0.4288	0.0003	0.0005	0.0001	0.0003	0.0001	0.208	0
5	147109531	M5463	0	0.0007	0.0002	0.0003	0.0004	0.0001	0.0003	0.0002	0.0003	0.0002	0.0007	0.0001	0.0002	0.1381	0.0007
16	39812463	M5734	0	0.0006	0.0004	0.0003	0.0006	0.0005	0.0003	0.0001	0.1679	0.0005	0.0004	0.0002	0.0004	0.0004	0.0004
14	964631	M5145	0	0.0001	0.1267	0.0002	0.0005	0.1074	0.0003	0.0003	0.0003	0.0004	0.1615	0.0003	0.0003	0.0005	0.0007
8	126485713	M5029	0	0.0004	0.0002	0.0001	0.0006	0.0004	0.0005	0.0003	0.0002	0.0006	0.1014	0.0001	0.0001	0.0001	0.0002
4	162248432	M4987	0	0.0975	0.0003	0.4133	0.0003	0.2574	0.2628	0.0003	0.1651	0.0006	0.0005	0.0003	0.1956	0.0002	0.1388
20	57048820	M5144	0	0.0004	0.0003	0.0002	0.0007	0.0001	0.0005	0.0004	0.0001	0.0004	0.0002	0.424	0.0005	0.0003	0.0003
16	7928757	M5076	0	0.0002	0.0001	0.0005	0.0003	0.0514	0.0003	0.0002	0.0006	0.0003	0.0002	0.0003	0.0003	0.0004	0.0003
1	69606587	M5016	0	0.0004	0.0002	0.0002	0.0004	0.0004	0.0001	0.0007	0.0004	0.0044	0.0005	0.0002	0.0004	0.0004	0.0002
8	33087691	M5112	0	0.0002	0.0006	0.0005	0.0006	0.0001	0.0002	0.0006	0.0004	0.0004	0.0003	0.0004	0.2331	0.0005	0.0004
7	28099331	M5648	0	0.0001	0.0004	0.0001	0.0004	0.0005	0.0004	0.0002	0.0001	0.0001	0.0005	0.0007	0.0006	0.0003	0.2151
8	63109542	M5191	0	0.0966	0.0006	0.0001	0.0001	0.0003	0.0008	0.0004	0.0002	0.0004	0.0004	0.0004	0.0004	0.0006	0.0003
23	16947295	M5671	0	0.0004	0.0005	0.0001	0.0005	0.0004	0.0006	0.0003	0.0004	0.0003	0.0005	0.0002	0.0818	0.0001	0.0002
11	30634652	M5321	0	0.0001	0.0005	0.0003	0.0006	0.0004	0.0003	0.0002	0.0005	0.0058	0.0003	0.0003	0.0002	0.0003	0.0002
16	56575823	M5084	0	0.0006	0.0003	0.0003	0	0.0003	0.0001	0.0002	0.0002	0.0002	0.0002	0.4249	0.0003	0.0004	0.0005
18	27005868	M5118	0	0.0002	0	0.0005	0.0005	0.0005	0.0003	0.0006	0	0.0003	0.0003	0.0002	0.0005	0	0.2101
1	143409437	M5060	0	0.0007	0.0003	0.0005	0.0006	0.0004	0.0003	0.0003	0.0004	0.0004	0.0004	0.0002	0.0006	0.1323	0.0002
7	30399448	M5246	0	0.0002	0.0005	0.0002	0.1323	0.0002	0.0005	0.0003	0.0003	0.0003	0.0006	0.0001	0.0003	0	0.0001
8	89132460	M5130	0	0.0005	0.0509	0.0002	0.0001	0.0004	0.0006	0.0006	0.0005	0.2578	0.0002	0.0003	0.0005	0.0003	0.0004
14	48768962	M5034	0	0.0004	0.0001	0.0004	0.0004	0.0003	0.0007	0.0002	0.0003	0.0002	0.0003	0.0004	0.0797	0.0004	0.1323
13	92582765	M5090	0	0.0004	0.1267	0.0001	0.0001	0.1038	0.0001	0.0003	0.0004	0.0006	0.1615	0.0002	0.0003	0.0005	0.0003
4	17586621	M5062	0	0.1064	0.0001	0.0001	0.0002	0.0001	0.0004	0.0002	0.0002	0.0003	0.0007	0.0002	0.0006	0.2136	0.0003
7	125804206	M5094	0	0.0003	0.1666	0.0003	0.0006	0.0003	0.0007	0.0006	0.0004	0.0002	0.0001	0.0004	0.0001	0.0003	0.0002
1	92685301	M5071	0	0.0003	0.0003	0.0005	0	0.0003	0.0005	0.0004	0.0004	0.0003	0.0001	0.0001	0.0002	0.0002	0.2175
12	22383916	M5055	0	0.0005	0.0001	0	0.0006	0.0001	0.0002	0.0002	0.0298	0.0006	0.0005	0.0004	0.0002	0.0003	0.0002
14	20933877	M4984	0	0.2382	0.2148	0.4116	0.2799	0.2574	0.4567	0.0003	0.1573	0.2649	0.2615	0.4284	0.4315	0.2364	0.3498
23	37448081	M5194	0	0.0002	0.1584	0.0003	0	0.0001	0.0005	0.0003	0.0005	0.0003	0.0003	0	0.0001	0.0004	0.0003
4	184183487	M5452	0	0.1402	0.0007	0.0005	0.0003	0.0007	0.0002	0.0004	0.0003	0.0002	0.0004	0.0003	0.0004	0.0001	0.0003
14	14875861	M5124	0	0.0002	0.0003	0.0003	0.0002	0.0004	0.0006	0.0001	0.0323	0.0002	0.0002	0.0005	0.0004	0.0005	0.0004
20	44489796	M5766	0	0.0005	0.0006	0.0001	0.1389	0.0003	0.0002	0.0005	0.0005	0.0001	0.0005	0.0004	0.0005	0.0003	0.0006
7	130540939	M5102	0	0.1061	0.0002	0.0004	0.0003	0.0003	0.0004	0.0004	0.0004	0.0002	0.0003	0.0004	0.0009	0.0001	0.0005
13	36958764	M5344	0	0.0001	0.0006	0.0006	0.0002	0.0001	0.0002	0.0002	0.0001	0.0003	0.0004	0	0.0758	0.0004	0.0001
12	101640550	M5074	0	0.0004	0.0003	0.0004	0.0619	0.0001	0.0003	0.0003	0.0001	0.0003	0.0001	0.0005	0.0002	0.0002	0.0006
7	41623993	M5360	0	0.0003	0.0005	0.0004	0.0003	0.0003	0.254	0.0001	0.0002	0.0006	0.0002	0.0002	0.0002	0.0004	0.0001
14	75564896	M5081	0	0.0005	0.0001	0.0002	0.0004	0.0002	0.0005	0.435	0.0001	0.0008	0.0005	0.0003	0.0006	0.0002	0.0006
13	69040894	M5399	0	0.0003	0.0003	0.0005	0	0.0003	0.0003	0.0008	0.0004	0.0002	0.1601	0.0007	0.0004	0.0001	0.0002
20	6593670	M5073	0	0.0002	0.0006	0.0006	0.0002	0.0007	0.0002	0.0002	0.0005	0.0004	0.0917	0.0005	0.0006	0.0002	0.0003
20	36573007	M5211	0	0.0004	0.0001	0	0.0004	0.0006	0.0002	0.0007	0.0002	0.0007	0.0004	0.0006	0.0004	0.0003	0.2148
2	100162650	M5139	0	0.0004	0.0004	0	0.0007	0.0003	0.0003	0.0005	0.0002	0.0004	0.0002	0.0004	0.2364	0.0004	0.0003
9	85363321	M5002	0	0.0967	0.1566	0.0005	0.0641	0.0004	0.0004	0.0005	0.2365	0.2099	0.0005	0.0003	0.0003	0.0004	0.0534
7	119810402	M5127	0	0.0006	0.1652	0.0004	0.0004	0.0004	0.0007	0.0004	0.0006	0.0001	0.0002	0.0004	0.0004	0.0002	0.0004
5	89751976	M5232	0	0.0003	0.0001	0.0004	0.0001	0.0006	0.0002	0	0.032	0.0005	0.0001	0.0002	0.0005	0.0005	0.0002
14	65326171	M5303	0	0.0007	0.0004	0.0004	0.0003	0.0005	0.0001	0.0005	0	0.0003	0.0002	0.0005	0.0002	0.0004	0.0575
6	41856321	M5156	0	0.0006	0.0004	0.4178	0.0002	0.0002	0.0003	0.0002	0.0004	0.0002	0.0006	0.0004	0.0005	0.0003	0.0003
19	77867897	M5423	0	0.0005	0.0002	0.0002	0.0004	0.048	0.0002	0.0004	0.0003	0.0004	0.0002	0.0001	0.0003	0.0007	0.0007
6	151704849	M5059	0	0.0002	0.0001	0.0005	0.0002	0.0002	0.0006	0.0003	0.0004	0.0005	0.0822	0.0004	0.0004	0.0001	0.0006
1	72888310	M5083	0	0.0002	0.0002	0.0008	0.0005	0	0.0004	0.0002	0.0002	0.0005	0.0002	0.0002	0.0003	0.2138	0.0006
11	87005521	M5591	0	0.0003	0.152	0.0003	0.0006	0.0003	0.0003	0.0006	0	0.0004	0.0005	0.0002	0.0003	0.0004	0.0004
11	114526140	M5636	0	0.0005	0.0002	0.0002	0.1336	0.0001	0.0002	0.0004	0.0004	0.0003	0.0002	0.0001	0.0005	0.0003	0.0003
13	74201514	M5396	0	0.0007	0.0003	0.0005	0.0002	0.0002	0.0003	0.0004	0.0004	0.0005	0.0002	0.0007	0.0004	0.0003	0.057
13	61921	M5366	0	0.0006	0.0005	0.0001	0.0005	0.0002	0.0004	0.0004	0.1664	0.0004	0.0004	0.0005	0.0001	0.0002	0.0007
19	74343501	M5105	0	0.0003	0.0004	0.0004	0.0001	0.0001	0.0002	0.0007	0.0003	0.0005	0.0005	0.0003	0.0005	0.0006	0.2122
5	162546832	M5262	0	0.0938	0.0002	0.0003	0.0001	0.0005	0.0004	0.0004	0.0002	0.0002	0.0004	0.0001	0.0004	0.0001	0.0005
17	33477116	M5018	0	0.0003	0.0004	0.0006	0.1357	0.0003	0.0002	0.0004	0.0002	0.0007	0.0002	0.4157	0.0003	0.0001	0.0005
12	12071027	M5259	0	0.0004	0.0006	0.0001	0.0004	0.0002	0.0005	0.0002	0.0003	0.0007	0.0003	0.0005	0.0005	0.0009	0.1346
5	63347478	M5162	0	0.0006	0.0002	0.0004	0.0001	0.0005	0.0002	0.0003	0.0004	0.0001	0.0876	0.0002	0.0003	0.0002	0.0002
19	1512499	M5641	0	0.0006	0.0002	0.0002	0.0004	0.0006	0.0004	0.0004	0.0001	0.0001	0	0.0006	0.0241	0.0003	0.0005
6	85284178	M5218	0	0.0002	0.0002	0.0002	0.0006	0.0001	0.2042	0.0005	0.0004	0.0003	0.0007	0.0001	0.0003	0.0005	0.0001
16	35551636	M5012	0	0.0003	0.0531	0.0002	0.0006	0.0007	0.0002	0.0004	0.0003	0.2487	0.0735	0.0002	0.0002	0.0842	0.0001
10	107014970	M5312	0	0.0002	0.0003	0.0003	0.0674	0	0.0003	0.0002	0.0001	0.0002	0.0004	0.0002	0.0007	0.0004	0.0002
23	40678018	M5315	0	0.0003	0.0005	0.0002	0.0006	0.0005	0.0005	0.0004	0.1606	0.0005	0.0002	0.0001	0.0007	0.0004	0.0006
6	128397844	M5019	0	0.0002	0.1185	0.0005	0.0004	0.1029	0.0003	0.0002	0.0006	0.0001	0.1399	0.0004	0.0006	0.0005	0.0003
10	57067182	M5036	0	0.0002	0.0002	0.4119	0.0002	0.0005	0.0005	0.0003	0.0001	0.0001	0.0003	0.0004	0.0003	0.0004	0.0004
6	5762930	M4991	0	0.0887	0.1533	0.0003	0.0718	0.0002	0.0004	0.0003	0.2411	0.2153	0.0002	0.0005	0.0005	0.0001	0.0578
10	28915625	M5041	0	0.0005	0.0003	0.0005	0.0002	0.0004	0.0005	0	0.0006	0.0002	0.0838	0.0005	0.0002	0.0005	0.0005
20	51182165	M4997	0	0.0003	0.1609	0.0003	0.1411	0.0003	0.0003	0.0004	0	0.0003	0.1	0.0005	0.0003	0.1471	0.2094
15	34903543	M5317	0	0.0001	0.0004	0.0006	0.0003	0.0004	0.0004	0.0004	0.0003	0.0004	0.0004	0.4257	0.0004	0.0002	0.0003
3	184820865	M5448	0	0.0003	0.0002	0.0002	0.0001	0.0004	0.0008	0.0005	0.0002	0.0002	0.0001	0.0002	0.0722	0.0002	0
16	4653711	M5032	0	0.093	0.0002	0.0003	0.0002	0.0004	0.0004	0.0002	0.2081	0	0	0.0004	0.0003	0.0003	0.0001
11	42155110	M5061	0	0.0905	0.0008	0	0.0002	0.1984	0.2638	0.0003	0.1657	0.0003	0.0006	0.0004	0.0212	0.0007	0.0001
1	121084055	M5050	0	0.1412	0.0002	0.0003	0.0002	0.0005	0.2001	0.0003	0.0004	0.0005	0.0003	0.0006	0.2283	0.0003	0.0002
7	88973833	M5070	0	0.0004	0.0003	0.0006	0.0006	0.0002	0.0002	0.0002	0.0002	0.0006	0.0003	0.4255	0	0.0003	0.0006
14	95128114	M5126	0	0.0001	0.1516	0.0003	0.0003	0.0002	0.0002	0.0007	0.0003	0.21	0.0004	0.0003	0.0002	0.0005	0.0001
9	128822489	M5715	0	0.0008	0.0004	0.0004	0.0002	0.2054	0.0003	0.0003	0.0003	0	0.0002	0.0005	0.0005	0.0004	0.0004
17	59679953	M5185	0	0.0004	0.0004	0.0004	0.0002	0.0003	0.0003	0.0003	0.0004	0.0009	0.0003	0.0003	0.0786	0.0004	0.1357
19	35809299	M4993	0	0.1459	0.0003	0.0004	0.0001	0.0002	0.1989	0	0.0002	0.0003	0.0005	0.0003	0.2367	0.0002	0.0002
22	55396661	M5051	0	0.0003	0.1628	0.0002	0.1389	0.0004	0.0004	0.0007	0.0003	0.0002	0.0006	0.0006	0.0002	0.1443	0.2087
6	102801107	M5367	0	0.1227	0.0003	0.0002	0.0002	0.0001	0.0002	0.0004	0.0003	0.0005	0.0001	0.0002	0.0006	0.0003	0.0004
17	81270776	M5173	0	0.0007	0.0002	0.0004	0.0003	0.1968	0.0001	0.0003	0.0002	0.0002	0.0003	0	0.0003	0.0001	0.0001
15	88465402	M5010	0	0.093	0.0004	0.0003	0.0004	0.0006	0.0003	0.0002	0.2373	0.0004	0.0001	0.0004	0.0002	0.0005	0.0537
14	83407084	M5233	0	0.0005	0.1494	0.0001	0.0003	0.0001	0.0004	0.0005	0.0007	0.2141	0.0003	0.0004	0.0001	0.0005	0.0003
19	52655906	M5169	0	0.0008	0.0004	0.0002	0	0.1061	0.0005	0.0007	0.0003	0.0003	0.1635	0.0002	0.0003	0.0005	0.0003
19	5938412	M5197	0	0.0004	0.1193	0.0002	0.0005	0.0005	0.0005	0.0005	0.0003	0.0003	0.0003	0.0002	0.0002	0.0002	0.0005
6	1342346	M5149	0	0.0004	0.0001	0.0005	0.0007	0.0003	0.0007	0.0006	0.1608	0.0003	0.0007	0.0002	0.0242	0.0001	0.0002
11	114384679	M5056	0	0.0002	0.1256	0.0001	0.0002	0.1036	0.0004	0.0005	0.0005	0.0003	0.1574	0.0005	0.0005	0.0003	0.0002
19	55315276	M5008	0	0.0001	0.0003	0.0003	0.0001	0.0003	0	0.0004	0.0004	0.0048	0.0863	0.0004	0.0002	0.0001	0.0001
14	32306340	M5017	0	0.0881	0.0001	0.0004	0.0004	0.0004	0.0001	0.0003	0.2298	0.0003	0.0006	0.0002	0.0003	0.0002	0.0003
21	43853589	M5675	0	0.0002	0.0003	0.0001	0.0003	0.0004	0.0005	0	0.0004	0.0003	0.0002	0.0002	0.0003	0.1442	0.0002
4	14311946	M5318	0	0.1456	0.0005	0.0002	0.0002	0.0005	0.0002	0.0004	0.0003	0.0004	0.0002	0.0002	0.0004	0.0004	0.0005
14	97795969	M5768	0	0.0004	0.0003	0.0003	0	0.0006	0.0002	0.0001	0.0004	0.0005	0.0001	0.0003	0.0227	0.0002	0.0004
8	152505710	M5400	0	0.0001	0.0005	0.0001	0.0003	0.0001	0.0002	0.4329	0.0004	0.0003	0.0003	0.0006	0	0.0001	0.0003
16	8896961	M5713	0	0.0004	0.0003	0.0001	0.0636	0.0005	0.0002	0.0002	0	0.0003	0.0004	0.0007	0.0003	0.0004	0.0001
7	127233989	M4990	0	0.0941	0.0008	0.4139	0	0.2594	0.2561	0.0003	0.16	0.0004	0.0005	0.0002	0.1166	0.0003	0.0004
18	53987819	M5496	0	0.0001	0.0001	0.0007	0.0006	0.0002	0	0.0002	0.0007	0.2519	0.0003	0.0003	0	0.0002	0.0003
21	4014808	M5286	0	0.0002	0.0004	0.0004	0.0001	0.0004	0.0005	0.0005	0.0002	0.0002	0.0001	0.0001	0.2386	0.0003	0.0004
15	88601441	M5465	0	0.0906	0.0005	0.0002	0.0002	0.0003	0.0007	0.0004	0.2089	0.0003	0.0003	0.0001	0.0001	0.0004	0.0006
15	5033532	M5080	0	0.0959	0.0004	0.0006	0.0003	0.0004	0.0001	0.0004	0.2145	0.0006	0.0003	0.0004	0	0.0001	0
6	92554636	M5368	0	0.0005	0.0004	0.0001	0.0004	0.0002	0.0005	0.0002	0.0004	0.0003	0.0892	0.0002	0.0001	0.0005	0.0003
22	42310068	M5046	0	0.0002	0.0003	0	0.0002	0	0.0003	0.4341	0.0005	0.0002	0.0005	0.0005	0.0004	0.0005	0.0005
5	132553812	M5334	0	0.0005	0.0002	0.0003	0.0005	0.0001	0.0003	0.4363	0.0003	0.0006	0.0002	0.0004	0.0002	0.0004	0
18	50604565	M5501	0	0.0004	0.0004	0.0004	0.0004	0.0002	0.0003	0.0006	0.0003	0.0003	0.0001	0.0002	0.0904	0.0005	0.0006
