#chrom	pos	desc	normal	sample1	sample2	sample3	sample4	sample5	sample6	sample7	sample8	sample9
5	79440703	M5155	0	0.0004	0.0005	0.1582	0.0002	0.0002	0.0003	0.0007	0.0002	0.0003
12	57291117	M5290	0	0.0002	0.0004	0.154	0.0006	0.0004	0.0002	0.0002	0.0003	0.0002
5	180694573	M5164	0	0.0002	0.0003	0.0004	0.0005	0.0001	0.0701	0.0003	0.0004	0.0007
6	41856321	M5156	0	0.0003	0.0007	0.0002	0.1195	0.0001	0.0003	0.0005	0.0005	0.0001
1	72888310	M5083	0	0.0003	0.0001	0.1016	0.0002	0.0003	0.0003	0.4397	0.0002	0.0003
6	151704849	M5059	0	0.0006	0.0003	0.0002	0.0002	0	0.0002	0.0001	0.2893	0.0002
1	46383737	M5481	0	0.0001	0.0002	0.0005	0.3146	0.0005	0.0002	0.0005	0.0001	0.0005
6	135650833	M5441	0	0.0004	0.0004	0.0003	0.0006	0.3421	0.0004	0.0002	0.0003	0.0004
18	55023098	M5226	0	0.0005	0.1468	0.0006	0.0003	0.0002	0.0002	0.0005	0.0002	0.0005
17	33477116	M5018	0	0.0003	0.0002	0.0642	0.0004	0.0001	0.1625	0.0003	0.0002	0.0001
22	19214495	M5190	0	0.0002	0.0003	0.0004	0.0003	0.0001	0.0007	0.0003	0.0311	0.0009
8	62304698	M5214	0	0.0002	0.0002	0.0006	0.0006	0.0001	0.0336	0.0002	0.0002	0.0004
11	76752265	M5309	0	0.0003	0.0006	0.0004	0.0001	0.339	0.0001	0.0001	0.0001	0.0002
23	51193127	M5325	0	0.0003	0.1319	0.0001	0.0003	0.0002	0.0005	0.0001	0.0002	0.0002
23	44545041	M5328	0	0.0003	0.0002	0.1591	0.0004	0.0002	0.0002	0.0005	0.0006	0.0001
17	17362841	M5108	0	0.0004	0.0685	0.0003	0.0002	0.0003	0.1342	0.0003	0.0002	0.0002
1	222066243	M5267	0	0.0004	0.1458	0.0005	0.0001	0.0004	0.0004	0.0005	0.0006	0.0006
4	120326879	M5042	0	0	0.0004	0.0593	0.0003	0.0007	0.1635	0.0002	0.0005	0.0004
6	45153243	M5006	0	0.0001	0.149	0.0001	0.1245	0.0002	0.0004	0.0003	0.0004	0.0005
16	5840107	M4989	0	0.479	0.0006	0.2477	0.0001	0.0005	0.0001	0.4499	0.0007	0.0001
7	44753555	M5085	0	0.0001	0.0002	0.0007	0.0003	0.0005	0.0005	0	0.0317	0.0007
11	45194591	M5654	0	0.0002	0.1493	0.0002	0.0003	0.0005	0.0002	0.0005	0.0006	0.0002
1	165383563	M5077	0	0.0005	0.1551	0.0006	0.0002	0.0004	0.0003	0.0002	0.0004	0.0004
6	128397844	M5019	0	0.4775	0.0003	0.1281	0.0007	0.0002	0.0005	0.0003	0.0005	0.0003
13	87985162	M5397	0	0.0005	0.1391	0.0001	0.0004	0.0002	0.0002	0.0002	0.0004	0.0005
20	49490617	M5530	0	0.4735	0.0002	0.0002	0.0002	0.0001	0.0006	0.0003	0.0004	0.0003
10	57067182	M5036	0	0.0003	0.0004	0.0004	0.1235	0.0002	0	0.0009	0.0006	0.0004
6	5762930	M4991	0	0.0002	0.1946	0.0003	0.3265	0.1106	0.2056	0.0003	0.0005	0.0004
10	28915625	M5041	0	0.0002	0.0005	0.0003	0.0003	0.0004	0.0004	0.0003	0.2779	0.0006
11	132235357	M5378	0	0.0006	0.0001	0.0006	0.1227	0.0004	0.0005	0.0003	0.0005	0.0002
13	5180430	M5093	0	0.0006	0.0002	0.0007	0.0003	0.1143	0.0004	0.0001	0.0006	0.0004
10	83248021	M5413	0	0.0002	0.0004	0.0959	0.0005	0.0001	0.0005	0.4341	0.0004	0.0002
20	38155018	M5533	0	0.0004	0.0005	0.0004	0.0004	0.1103	0.0004	0.0002	0.0004	0.0003
20	51182165	M4997	0	0.0004	0.113	0.0007	0.0004	0.0002	0.0002	0.0003	0.0294	0.0003
5	143042585	M5098	0	0.479	0.0005	0.0007	0.0003	0.0002	0.0003	0.0004	0.0005	0.0004
15	34903543	M5317	0	0.0007	0.0004	0.0005	0	0.0003	0.155	0.0005	0	0.0005
17	70052399	M5132	0	0.0001	0.1251	0.0004	0.3198	0.0004	0	0.0003	0.0003	0.0003
18	33624656	M5001	0	0.0003	0.0002	0.0991	0.0006	0.0003	0.0003	0.446	0.0001	0.0003
11	42155110	M5061	0	0.0006	0.0003	0.0003	0.0001	0.35	0.0007	0.0004	0.0005	0.0006
16	4653711	M5032	0	0.0001	0.0001	0.0002	0.0003	0.111	0.0002	0.0001	0.0003	0.0001
1	121084055	M5050	0	0.0001	0.0001	0.0003	0.0004	0.0003	0.0375	0.0006	0.0002	0.0004
7	88973833	M5070	0	0.0003	0.0005	0.0002	0.0002	0.0004	0.1651	0.0003	0.0002	0.0006
3	150062884	M5316	0	0.0003	0.0009	0	0.0002	0.0001	0.0004	0.0002	0.2626	0.0002
19	35809299	M4993	0	0.0004	0.0004	0.16	0.0003	0.0002	0.0323	0.0002	0.0005	0.0002
8	17178006	M5298	0	0.0003	0.0001	0.0005	0.0001	0.0001	0.0705	0.0004	0.0004	0.0004
22	55396661	M5051	0	0.0002	0.1115	0.0001	0.0004	0.0001	0.0001	0.0004	0.0287	0.0002
19	36450432	M5253	0	0.0003	0.1351	0.0003	0.3145	0.0004	0.0004	0.0002	0	0.0002
14	964631	M5145	0	0.0005	0	0.161	0.0001	0.0004	0.0004	0.0006	0.001	0.0007
4	162248432	M4987	0	0.0002	0.1473	0.0001	0.1209	0.3417	0.0004	0.0002	0.0005	0.0006
20	57048820	M5144	0	0.0002	0.0002	0.0002	0.0002	0.0007	0.1633	0.0001	0.0004	0.0005
19	52655906	M5169	0	0.0006	0.0003	0.1586	0.0005	0.0005	0.0004	0.0001	0.0001	0
15	88465402	M5010	0	0.0005	0.0003	0.0002	0.0002	0.1051	0.0725	0.0006	0.0004	0.0002
13	80042240	M5762	0	0.0004	0.1127	0.0003	0.0005	0.0006	0.0006	0.0002	0.0004	0.0003
8	33087691	M5112	0	0.0002	0.0003	0.0003	0.0003	0.0008	0.0313	0.0009	0.0004	0.0003
5	68584677	M5542	0	0.0004	0.0001	0.0004	0.0003	0.0005	0.0584	0.0002	0.0005	0.0004
1	69606587	M5016	0	0.0002	0.0001	0.0007	0.0004	0.0001	0.0001	0.0003	0.0003	0.475
9	36018814	M5116	0	0.0003	0.0003	0.0002	0.0002	0.0002	0.0006	0.0003	0.4122	0.0003
2	51592418	M5228	0	0.0003	0.0002	0.0003	0.0004	0.1078	0.0003	0.0006	0.0004	0.0001
16	56575823	M5084	0	0.0005	0.0003	0.0003	0.0003	0.0004	0.1623	0.0011	0.0001	0.0001
11	114384679	M5056	0	0.4838	0.0004	0.1661	0.0005	0	0.0003	0	0.0001	0.0003
19	55315276	M5008	0	0.0005	0.0002	0.0004	0.0002	0.0002	0	0.0001	0.4026	0.4728
23	25377169	M5690	0	0.478	0.0002	0.0001	0.0003	0.0003	0.0003	0.0003	0.0005	0.0004
17	67178587	M5468	0	0.0002	0.1137	0.0004	0.0007	0.0004	0.0003	0.0007	0.0002	0.0004
14	32306340	M5017	0	0.0001	0.0002	0.0001	0.0003	0.1133	0.0005	0.0006	0.0003	0.0005
10	3539791	M5617	0	0.0003	0.1188	0.0005	0.0004	0.0003	0.0001	0.0004	0	0.0001
13	92582765	M5090	0	0.4785	0.0002	0.1565	0.0003	0.0002	0.0008	0.0002	0.0002	0.0001
7	125804206	M5094	0	0.0003	0.1208	0.0001	0.0005	0.0005	0.0003	0.0005	0.0002	0.0003
4	17586621	M5062	0	0	0.0005	0.0978	0.0004	0.0004	0.0007	0.4416	0.0002	0.0002
1	92685301	M5071	0	0.0003	0.0002	0.0005	0.0003	0.0001	0.0007	0.0002	0.0311	0.0004
7	127233989	M4990	0	0	0.1488	0.0003	0.1215	0.3446	0.0005	0.0002	0.0005	0.0002
14	20933877	M4984	0	0.0002	0.2565	0.2194	0.1232	0.3408	0.2024	0.0006	0.4351	0.4796
2	113965327	M5667	0	0.0001	0.1265	0.0001	0.0006	0.0002	0.0001	0.0004	0	0.0002
9	91153684	M5711	0	0.0001	0.0731	0.0002	0.0001	0.0004	0.0005	0.0001	0.0002	0.0002
15	44810387	M5424	0	0.0004	0.0005	0.1575	0.0006	0.0005	0.0001	0.0005	0.0006	0.0003
23	28211435	M5460	0	0.0006	0.0006	0.0003	0.0002	0.0005	0.0005	0	0.0004	0.4618
20	52424535	M5165	0	0.0001	0.0001	0.0002	0.0005	0.0002	0.0006	0.0003	0.4006	0.0002
14	7140591	M5147	0	0.4757	0.0002	0.0003	0.0006	0.0004	0.0002	0.0002	0.0003	0.0001
12	101640550	M5074	0	0.0007	0.1238	0.0004	0.3151	0.0004	0.0002	0.0005	0.0002	0.0003
13	69040894	M5399	0	0.0004	0.0002	0.1625	0.0001	0.0005	0.0002	0.0002	0.0003	0.0002
18	42893613	M5772	0	0.0003	0.0002	0.0003	0.0003	0.3462	0.0004	0.0003	0.0002	0.0003
20	6593670	M5073	0	0.0004	0.0001	0.0001	0.0005	0.0003	0.0004	0.0007	0.3962	0.0008
10	74613999	M5543	0	0.0005	0.0001	0.0001	0.0004	0.0004	0.1652	0.0005	0.0002	0
2	100162650	M5139	0	0.0003	0.0004	0.0001	0.0007	0.0005	0.0361	0.0004	0.0006	0.0005
9	85363321	M5002	0	0.0004	0.2049	0.0005	0.3121	0.1069	0.2057	0.0004	0.0001	0.0001
7	119810402	M5127	0	0.0005	0.1168	0.0004	0.0004	0.0005	0.0004	0.0004	0.0002	0.0006
18	32951403	M5198	0	0.0004	0.0005	0.1584	0.0003	0.0003	0.0001	0.0005	0.0005	0.0001
15	99272029	M5670	0	0.0003	0.0002	0	0.0001	0.3569	0.0002	0.0003	0.0001	0.0003
