#chrom	pos	desc	normal	sample1	sample2	sample3	sample4	sample5	sample6	sample7	sample8	sample9
22	7530235	M2598	0	0	0.023	0	0	0	0	0	0	0
19	3064368	M1949	0	0.4789	0	0	0.0017	0	0.0921	0	0	0
12	119824907	M2095	0	0	0	0	0	0.4023	0	0.4189	0	0
20	18145974	M1555	0	0	0	0.3236	0	0	0	0	0.4457	0
2	16179613	M1803	0	0	0	0	0	0.4023	0	0.4189	0	0.15
13	83219643	M1825	0	0	0	0.1892	0	0	0	0	0.4457	0
6	149753459	M1798	0	0.4789	0	0	0.0017	0	0.0921	0	0	0
1	105083147	M2132	0	0	0.1951	0	0	0	0	0	0	0
9	41090287	M1496	0	0	0	0	0	0.4023	0	0.4189	0	0.15
2	154619079	M2109	0	0	0	0.1243	0	0	0	0	0	0
21	58725402	M1980	0	0	0.2102	0.0807	0	0	0	0	0.0141	0.1428
13	117723014	M1778	0	0	0	0	0	0.4023	0	0.4189	0	0.15
6	162313950	M2345	0	0	0	0	0	0	0	0.2952	0	0
21	58270186	M1707	0	0.4789	0	0	0.0017	0	0.0703	0	0	0
11	121739103	M2186	0	0.4789	0	0	0	0	0.0703	0	0	0
15	49531316	M2261	0	0.4789	0	0	0	0	0.0921	0	0	0
18	15770955	M1801	0	0	0	0.1892	0	0	0	0	0.4457	0
7	149307875	M1529	0	0	0.2102	0.0807	0	0	0	0	0.0141	0.1428
9	53365668	M1692	0	0	0	0.1344	0	0	0	0	0	0
20	54641698	M1668	0	0	0	0	0.4229	0	0.3097	0	0	0.199
19	11333884	M2324	0	0	0.023	0	0	0	0	0	0.0141	0.1428
10	31367266	M2458	0	0	0	0	0.4229	0	0	0	0	0
7	21323109	M2134	0	0	0	0.1892	0	0	0	0	0	0
11	40328942	M1786	0	0	0.2102	0.0807	0	0	0	0	0.0141	0.1428
18	5965448	M2298	0	0	0	0	0	0	0	0	0.4457	0
6	145195537	M2008	0	0	0.2102	0.0807	0	0	0	0	0.0141	0.1242
6	52197726	M2604	0	0	0	0	0.4229	0	0	0	0	0
14	22269734	M1874	0	0	0	0	0.4229	0	0	0	0	0.199
2	203755026	M1655	0	0.4789	0	0	0.0017	0	0.0921	0	0	0
2	54644276	M1596	0	0	0.2102	0.0807	0	0	0	0	0.0141	0.1428
14	67165301	M1538	0	0	0	0	0	0.4023	0	0.4189	0	0.15
18	19345683	M1644	0	0	0	0	0	0.4023	0	0.4189	0	0.15
22	33676876	M1634	0	0	0.1951	0	0	0	0	0	0	0
23	921083	M1676	0	0	0	0.1015	0	0	0	0	0	0
14	46417039	M2482	0	0	0.1951	0	0	0	0	0	0	0
19	71172032	M2492	0	0	0	0	0	0	0.0921	0	0	0
16	43602139	M2178	0	0	0	0	0	0.4023	0	0.4189	0	0
16	75864038	M1617	0	0	0	0.3236	0	0	0	0	0.4457	0
18	16388643	M1824	0	0	0	0	0.4229	0	0.3097	0	0	0.199
2	58385089	M2448	0	0	0	0	0	0	0	0	0	0.1278
14	40342063	M1834	0	0	0.1951	0	0	0	0	0	0	0
23	42546621	M1598	0	0	0	0	0.2965	0	0.2073	0	0	0.166
16	58393237	M2051	0	0	0	0	0	0	0	0	0.4457	0
10	37643372	M2014	0	0	0	0	0	0	0	0	0	0.1313
14	49867174	M1581	0	0	0	0.2445	0	0	0	0	0.3083	0
2	148881725	M1729	0	0	0	0.1751	0	0	0	0	0.4395	0
2	228193837	M1922	0	0	0	0	0	0	0.3097	0	0	0
19	47104978	M1872	0	0	0.2102	0.0807	0	0	0	0	0.0141	0.1428
17	56171908	M2438	0	0	0.1871	0	0	0	0	0	0	0
21	17791674	M2580	0	0	0	0.1892	0	0	0	0	0	0
18	24026625	M2215	0	0	0	0.1344	0	0	0	0	0	0
3	165519671	M1477	0	0	0.2102	0.0807	0	0.2869	0	0.2952	0.0141	0.2546
11	18876034	M1594	0	0	0.1951	0	0	0	0	0	0	0
6	23316291	M2407	0	0	0	0.0807	0	0	0	0	0	0
5	168623316	M2597	0	0	0	0.1344	0	0	0	0	0	0
1	190766090	M1601	0	0	0.2102	0.0712	0	0	0	0	0.0141	0.1428
11	58410445	M1969	0	0	0	0.1892	0	0	0	0	0.4457	0
15	4085093	M2419	0	0	0	0	0	0	0	0	0.0141	0.0149
19	10670634	M1491	0	0	0.2102	0.0807	0	0	0	0	0.0141	0.1428
13	121642030	M1649	0	0	0.1951	0	0	0	0	0	0	0
3	158632522	M2488	0	0	0	0.1892	0	0	0	0	0	0
12	17894797	M1664	0	0	0.1951	0	0	0	0	0	0	0
3	159866845	M1781	0	0.4789	0	0	0.0017	0	0.0921	0	0	0
15	79397182	M2233	0	0	0	0	0.0033	0	0	0	0	0
2	82305486	M1992	0	0	0	0	0.4229	0	0	0	0	0.199
4	111730160	M1542	0	0	0.2102	0.0807	0	0	0	0	0.0141	0.1428
7	72213463	M2385	0	0	0	0	0.0017	0	0	0	0	0
16	87591624	M2049	0	0	0	0	0	0.4023	0	0.4189	0	0
22	52793707	M1764	0	0	0	0.1892	0	0	0	0	0.4457	0
16	97783350	M1733	0	0	0.2102	0.0807	0	0	0	0	0.0141	0.1191
8	152738354	M2068	0	0	0	0	0	0	0	0	0	0.199
23	38444683	M1779	0	0	0	0.1185	0	0	0	0	0	0
4	53626560	M1666	0	0	0.2102	0.0807	0	0	0	0	0.0141	0.1428
20	4340504	M2320	0	0	0	0	0	0	0.3097	0	0	0
7	132232641	M1589	0	0.4789	0	0	0.0017	0	0.0921	0	0	0
14	99417375	M2467	0	0	0	0	0	0	0	0.4189	0	0
19	33022361	M2600	0	0	0	0	0	0	0	0	0	0.1278
9	26957835	M2475	0	0	0	0	0	0	0	0	0.0141	0.0149
23	17293187	M2348	0	0	0	0	0	0	0.0921	0	0	0
19	75194001	M2497	0	0	0	0.0679	0	0	0	0	0	0
21	37079427	M2382	0	0	0	0.1892	0	0	0	0	0	0
4	42437823	M1795	0	0	0	0.1344	0	0	0	0	0	0
8	60578085	M1769	0	0	0	0.1344	0	0	0	0	0	0
16	39719863	M1838	0	0	0	0	0.4229	0	0.3097	0	0	0.1741
23	49089532	M1572	0	0.2446	0.1633	0	0.2977	0	0.269	0	0	0.166
23	32921370	M1480	0	0	0.1758	0.0712	0	0.4023	0	0.4189	0.0141	0.2442
23	34071072	M1893	0	0	0	0	0	0.4023	0	0.4189	0	0
2	162820448	M2351	0	0	0	0	0	0	0	0	0.4395	0
21	58957239	M2289	0	0	0	0.1344	0	0	0	0	0	0
7	146430937	M1613	0	0.4789	0	0	0.0017	0	0.0921	0	0	0
23	25079724	M2463	0	0.4789	0	0	0	0	0	0	0	0
17	41694737	M2055	0	0	0	0	0.4229	0	0	0	0	0
6	17512655	M1658	0	0	0.1951	0	0	0	0	0	0	0
6	61617205	M1547	0	0	0.2102	0.0807	0	0	0	0	0.0141	0.1428
15	77073135	M1568	0	0	0.2102	0.0807	0	0	0	0	0.0141	0.1428
5	164880576	M2398	0	0	0	0	0	0	0	0	0	0.1304
23	1182812	M2276	0	0	0	0	0	0	0.3097	0	0	0
13	57158435	M1739	0	0	0.1951	0	0	0	0	0	0	0
16	36336653	M2227	0	0	0	0	0	0.4023	0	0.4189	0	0
4	157102649	M1525	0	0	0.2102	0.0807	0	0	0	0	0.0141	0.1428
7	16322063	M1940	0	0	0	0	0	0	0.3097	0	0	0
6	39760115	M1790	0	0	0	0	0.4229	0	0.3097	0	0	0.199
7	57477982	M2370	0	0	0	0	0	0	0.3097	0	0	0
13	93474546	M1998	0	0	0	0	0	0	0.3097	0	0	0
12	109390653	M2585	0	0	0	0	0	0	0	0	0	0.15
2	132202717	M1531	0	0	0	0	0	0.4023	0	0.4189	0	0.1313
