#chrom	pos	desc	normal	sample1	sample2	sample3	sample4	sample5	sample6	sample7	sample8	sample9
22	7530235	M2598	0	0.001	0.026	0	0	0	0	0	0.001	0.001
19	3064368	M1949	0	0.479	0	0.001	0.003	0	0.09	0	0.002	0.001
12	119824907	M2095	0	0.001	0.001	0.003	0	0.393	0.001	0.391	0	0
20	18145974	M1555	0	0	0	0.327	0	0	0	0	0.448	0
2	16179613	M1803	0	0.001	0	0	0	0.402	0.001	0.418	0	0.148
13	83219643	M1825	0	0	0	0.183	0	0.001	0.002	0	0.438	0
6	149753459	M1798	0	0.494	0	0	0.003	0.001	0.092	0	0.001	0
1	105083147	M2132	0	0	0.198	0	0	0.001	0	0.001	0.001	0
9	41090287	M1496	0	0.001	0	0	0	0.391	0	0.431	0	0.163
2	154619079	M2109	0	0.001	0.001	0.144	0	0	0	0.002	0	0
21	58725402	M1980	0	0	0.203	0.091	0	0.001	0.001	0.001	0.015	0.15
13	117723014	M1778	0	0	0	0	0	0.382	0	0.444	0	0.17
6	162313950	M2345	0	0	0	0	0	0	0	0.297	0	0.001
21	58270186	M1707	0	0.479	0	0	0.004	0.001	0.072	0.002	0.001	0
11	121739103	M2186	0	0.49	0	0	0.001	0	0.066	0.001	0.001	0.003
15	49531316	M2261	0	0.484	0	0	0	0.002	0.104	0	0.001	0
18	15770955	M1801	0	0	0.002	0.187	0	0	0	0.002	0.436	0
7	149307875	M1529	0	0.001	0.191	0.074	0	0	0.001	0	0.014	0.144
9	53365668	M1692	0	0	0	0.113	0.002	0	0	0.002	0.004	0.001
20	54641698	M1668	0	0	0.001	0	0.414	0	0.291	0.002	0	0.201
19	11333884	M2324	0	0	0.023	0	0.001	0	0.001	0.001	0.008	0.125
10	31367266	M2458	0	0.001	0	0.003	0.435	0	0	0.001	0	0
7	21323109	M2134	0	0.001	0	0.182	0	0	0	0	0	0
11	40328942	M1786	0	0	0.22	0.081	0	0	0	0.001	0.011	0.134
18	5965448	M2298	0	0	0.003	0	0	0	0.001	0.001	0.429	0
6	145195537	M2008	0	0.001	0.215	0.092	0.002	0	0	0	0.016	0.14
6	52197726	M2604	0	0	0	0	0.405	0	0.001	0	0	0
14	22269734	M1874	0	0	0	0	0.42	0.002	0	0	0	0.19
2	203755026	M1655	0	0.488	0	0	0.001	0	0.095	0.001	0	0
2	54644276	M1596	0	0.002	0.216	0.077	0	0	0	0.001	0.016	0.161
14	67165301	M1538	0	0.001	0.001	0	0.001	0.388	0	0.401	0	0.146
18	19345683	M1644	0	0	0.001	0	0	0.404	0	0.396	0.002	0.153
22	33676876	M1634	0	0	0.186	0.001	0	0.002	0	0	0.001	0
23	921083	M1676	0	0	0	0.107	0.001	0	0	0	0	0.002
14	46417039	M2482	0	0	0.179	0	0	0	0.001	0.001	0	0
19	71172032	M2492	0	0	0	0.002	0	0.002	0.094	0.002	0.001	0
16	43602139	M2178	0	0	0	0.001	0.001	0.371	0.002	0.409	0.001	0.001
16	75864038	M1617	0	0	0	0.306	0	0.001	0	0	0.451	0
18	16388643	M1824	0	0.001	0.001	0.001	0.395	0	0.314	0.001	0	0.189
2	58385089	M2448	0	0	0	0	0	0.001	0.001	0	0	0.129
14	40342063	M1834	0	0	0.188	0.001	0	0	0	0	0	0
23	42546621	M1598	0	0	0	0	0.31	0	0.207	0	0	0.181
16	58393237	M2051	0	0.001	0	0	0	0	0	0	0.44	0
10	37643372	M2014	0	0	0.002	0.001	0.001	0.001	0.001	0	0	0.124
14	49867174	M1581	0	0	0	0.241	0.001	0	0.001	0	0.289	0
2	148881725	M1729	0	0	0	0.166	0	0	0.001	0	0.429	0.002
2	228193837	M1922	0	0.001	0	0	0	0	0.302	0.002	0	0.001
19	47104978	M1872	0	0	0.206	0.091	0	0	0	0.001	0.016	0.151
17	56171908	M2438	0	0.001	0.197	0	0	0	0.001	0	0	0
21	17791674	M2580	0	0.001	0	0.193	0	0	0	0	0.001	0
18	24026625	M2215	0	0	0	0.138	0	0	0	0	0	0
3	165519671	M1477	0	0	0.226	0.085	0	0.293	0	0.303	0.015	0.273
11	18876034	M1594	0	0	0.185	0	0	0	0	0	0.001	0
6	23316291	M2407	0	0	0.001	0.067	0	0	0	0.001	0.001	0
5	168623316	M2597	0	0	0	0.125	0.001	0	0	0.001	0	0.001
1	190766090	M1601	0	0	0.215	0.08	0.002	0	0	0	0.007	0.154
11	58410445	M1969	0	0.001	0	0.186	0	0.001	0	0	0.428	0
15	4085093	M2419	0	0	0	0	0	0	0	0.001	0.025	0.012
19	10670634	M1491	0	0	0.204	0.084	0.001	0	0.001	0.001	0.018	0.152
13	121642030	M1649	0	0.001	0.193	0	0.001	0	0	0.001	0	0
3	158632522	M2488	0	0.003	0	0.195	0	0	0	0	0	0.001
12	17894797	M1664	0	0	0.219	0	0	0	0.001	0	0.001	0
3	159866845	M1781	0	0.507	0	0.001	0.002	0	0.097	0	0	0
15	79397182	M2233	0	0	0	0	0.007	0	0	0.002	0	0.001
2	82305486	M1992	0	0	0.001	0	0.416	0	0.002	0	0.001	0.196
4	111730160	M1542	0	0	0.195	0.099	0	0	0.001	0	0.014	0.148
7	72213463	M2385	0	0	0.001	0	0	0	0.001	0.001	0	0
16	87591624	M2049	0	0	0	0	0.003	0.405	0	0.429	0	0
22	52793707	M1764	0	0	0.001	0.164	0	0	0	0.001	0.44	0.001
16	97783350	M1733	0	0	0.215	0.072	0.001	0.001	0	0.002	0.013	0.118
8	152738354	M2068	0	0	0	0	0.001	0	0	0	0	0.197
23	38444683	M1779	0	0.001	0	0.123	0	0.001	0	0	0.001	0
4	53626560	M1666	0	0	0.205	0.084	0.001	0	0	0	0.009	0.13
20	4340504	M2320	0	0.002	0.001	0	0.002	0.001	0.293	0	0.001	0
7	132232641	M1589	0	0.482	0	0.001	0.001	0	0.112	0	0.001	0
14	99417375	M2467	0	0	0.001	0.001	0.001	0.001	0.001	0.422	0	0
19	33022361	M2600	0	0	0	0	0	0	0	0	0	0.135
9	26957835	M2475	0	0	0.002	0	0.001	0	0	0.001	0.018	0.013
23	17293187	M2348	0	0	0.001	0	0.001	0	0.084	0	0	0.002
19	75194001	M2497	0	0	0.002	0.07	0	0	0.001	0	0.001	0
21	37079427	M2382	0	0	0	0.184	0	0	0	0.001	0	0.001
4	42437823	M1795	0	0	0	0.125	0	0	0.001	0	0	0.001
8	60578085	M1769	0	0	0.001	0.149	0.001	0.002	0	0.001	0.001	0
16	39719863	M1838	0	0	0	0.001	0.426	0.001	0.303	0	0	0.193
23	49089532	M1572	0	0.241	0.168	0	0.298	0	0.29	0.002	0	0.168
23	32921370	M1480	0	0.001	0.174	0.072	0	0.411	0.001	0.414	0.014	0.256
23	34071072	M1893	0	0.001	0.001	0	0	0.389	0	0.438	0.001	0
2	162820448	M2351	0	0.001	0	0	0.002	0	0	0	0.429	0.001
21	58957239	M2289	0	0	0	0.143	0	0	0	0	0	0
7	146430937	M1613	0	0.486	0	0	0	0.001	0.078	0.001	0	0.002
23	25079724	M2463	0	0.497	0	0	0.001	0	0	0	0	0.001
17	41694737	M2055	0	0	0	0	0.409	0	0	0.001	0	0
6	17512655	M1658	0	0	0.173	0	0	0	0.002	0.001	0	0
6	61617205	M1547	0	0	0.202	0.075	0	0.001	0.001	0.001	0.01	0.14
15	77073135	M1568	0	0.001	0.239	0.079	0	0.001	0.001	0.001	0.014	0.143
5	164880576	M2398	0	0	0	0	0	0	0.001	0	0	0.129
23	1182812	M2276	0	0	0	0	0	0	0.312	0	0	0
13	57158435	M1739	0	0	0.209	0	0.001	0.001	0	0.001	0	0
16	36336653	M2227	0	0	0	0	0	0.39	0	0.43	0	0.001
4	157102649	M1525	0	0	0.24	0.081	0	0.002	0.001	0	0.016	0.144
7	16322063	M1940	0	0	0	0.001	0	0	0.334	0.001	0.001	0
6	39760115	M1790	0	0	0.001	0	0.457	0.001	0.316	0	0	0.186
7	57477982	M2370	0	0.001	0	0	0	0	0.324	0	0	0
13	93474546	M1998	0	0.001	0.001	0	0	0	0.33	0	0	0
12	109390653	M2585	0	0	0	0.001	0	0	0	0	0.001	0.145
2	132202717	M1531	0	0	0.001	0	0	0.423	0	0.434	0.001	0.137
