#chrom	pos	desc	normal	sample1	sample2	sample3	sample4	sample5	sample6	sample7	sample8	sample9
1	128073175	M5401	0	0	0	0	0	0	0	0.2159	0	0
16	48091577	M5674	0	0	0	0.0955	0	0	0.2207	0	0	0
4	88124509	M5719	0	0	0	0.1557	0	0	0	0	0	0
14	55636434	M5374	0	0	0	0	0	0	0	0	0.1775	0
19	46701602	M5498	0	0	0.2255	0.1247	0	0	0	0.0851	0.0636	0.2294
10	34503375	M5480	0	0	0.2255	0.2202	0.0827	0.4133	0.2207	0.0851	0.0636	0.2294
5	26260632	M5729	0	0	0	0	0.0833	0	0	0	0	0
18	58033997	M5363	0	0	0	0	0	0	0	0.1873	0	0
19	73823820	M5687	0	0	0	0	0	0	0	0.0482	0	0
23	35993794	M5516	0	0.3987	0	0	0.0833	0	0	0	0	0
1	173596291	M5423	0	0	0	0	0	0	0	0.2159	0	0
4	171530799	M5603	0	0	0	0.0672	0.0764	0.2924	0.1808	0	0	0
5	176649348	M5367	0	0	0.184	0.3461	0.0827	0.4133	0.2207	0.0851	0.0636	0.2294
10	31362642	M5504	0	0	0	0.0955	0.0827	0.4133	0.2207	0	0	0
18	61657745	M5574	0	0.0207	0.3941	0	0	0	0.3112	0.2649	0.3938	0.3149
11	106931667	M5525	0	0	0	0	0	0	0	0.1578	0	0
2	210833395	M5396	0	0	0	0	0	0	0	0	0.1775	0
5	168648847	M5294	0	0	0	0	0	0	0	0.2159	0	0
23	18319812	M5588	0	0	0	0	0	0	0	0.0397	0	0
19	61685051	M5665	0	0.0207	0	0	0	0	0	0	0	0
14	86346287	M5631	0	0	0.0089	0.1557	0	0	0.0082	0	0	0
15	48485444	M5586	0	0	0	0.0695	0	0	0	0	0	0
1	225234173	M5467	0	0	0	0.0761	0	0	0	0	0	0
20	61980601	M5606	0	0	0	0	0	0	0	0.0482	0	0
5	54670052	M5716	0	0	0	0	0	0	0.2207	0	0	0
16	41857609	M5681	0	0	0.2454	0	0	0	0.0929	0	0.2452	0.1869
21	32291308	M5663	0	0	0	0	0	0	0	0	0	0.2294
1	27113670	M5175	0	0.4194	0.4798	0.452	0.166	0.4133	0.4761	0.4537	0.4864	0.4163
7	46359724	M5470	0	0.0207	0.2076	0.1384	0	0	0.2554	0.1407	0.2305	0.152
13	127079935	M5552	0	0.0207	0.2544	0.1557	0	0	0.2554	0.1527	0.2452	0.1869
14	70361953	M5411	0	0.3987	0	0	0.0634	0	0	0	0	0
20	52064856	M5309	0	0	0.2255	0.2964	0.0827	0.4133	0.2207	0.0851	0.0636	0.2294
12	31158173	M5655	0	0	0	0	0	0	0	0.1527	0	0
13	9585723	M5249	0	0.4194	0.2544	0.1557	0.0833	0	0.2554	0.1527	0.4228	0.1869
2	125450918	M5583	0	0	0	0	0.314	0	0	0	0	0
5	20737778	M5340	0	0	0.2255	0.2964	0.0827	0.4133	0.2207	0.0851	0.0636	0.2294
17	20377813	M5621	0	0	0	0	0.314	0	0	0	0	0
21	1352022	M5564	0	0	0	0	0	0	0	0	0.1775	0
2	217607797	M5308	0	0.4194	0.2544	0.1557	0.0833	0	0.2554	0.1527	0.4228	0.1869
6	93142613	M5667	0	0	0.2255	0.1247	0	0	0	0	0.0636	0
20	52525358	M5721	0	0.0207	0	0	0	0	0	0	0	0
19	71076670	M5461	0	0.3987	0	0	0.0833	0	0	0	0	0
4	182463071	M5738	0	0	0.1554	0	0	0	0	0	0	0
8	71602738	M5426	0	0.5395	0	0	0.1999	0	0	0	0	0
16	12415873	M5436	0	0	0	0	0	0	0	0.2159	0	0
3	12193205	M5485	0	0	0	0	0	0	0	0.2159	0	0
7	15268406	M5704	0	0	0.184	0.1109	0	0	0	0	0.0598	0
12	33510784	M5333	0	0	0	0	0	0	0	0.2159	0	0
8	95446425	M5322	0	0	0	0	0	0	0	0.2159	0	0
11	30982100	M5683	0	0	0	0	0	0	0.2207	0	0	0
22	57799432	M5518	0	0	0	0	0	0	0	0	0.1775	0
1	62127281	M5533	0	0	0	0.0955	0.0827	0.4133	0.2207	0	0	0
15	9786978	M5147	0	0.4194	0.4798	0.4998	0.2297	0.5848	0.5708	0.4537	0.4864	0.4163
21	19305331	M5740	0	0	0	0	0	0	0.1543	0	0	0
18	63662833	M5617	0	0	0	0	0	0	0	0.1873	0	0
5	6549725	M5185	0	0.4194	0.4798	0.452	0.166	0.4133	0.4761	0.4537	0.4864	0.4163
20	16016075	M5726	0	0	0.2255	0.1247	0	0	0	0	0	0
12	117308719	M5449	0	0.0207	0.2544	0.1557	0	0	0.2554	0.1527	0.2452	0.1869
5	50007270	M5237	0	0.4194	0.2544	0.1557	0.0833	0	0.2554	0.1527	0.4228	0.1869
16	54314996	M5618	0	0.3987	0	0	0.0833	0	0	0	0	0
2	41524926	M5218	0	0.4194	0.4798	0.452	0.166	0.4133	0.4761	0.4537	0.4864	0.4163
19	41442313	M5593	0	0	0.0089	0.1557	0	0	0.0082	0	0	0
17	86232558	M5624	0	0	0	0	0	0	0	0.0482	0	0
14	67569207	M5509	0	0	0	0.0761	0	0	0	0	0	0
9	89582794	M5633	0	0	0	0	0	0	0.1543	0	0	0
11	63956526	M5362	0	0.4194	0.2544	0.1557	0.0833	0	0.2554	0.1527	0.4228	0.1869
23	20045251	M5364	0	0.0207	0.2544	0.1557	0	0	0.2554	0.1256	0.2452	0.1869
12	134972398	M5297	0	0	0.2255	0.2964	0.0827	0.4133	0.2207	0.0851	0.0636	0.2294
1	63826831	M5193	0	0.4194	0.4798	0.452	0.166	0.4133	0.4761	0.4537	0.4864	0.4163
4	140397609	M5198	0	0.4194	0.4861	0.4058	0.1533	0.2924	0.39	0.3887	0.4879	0.4426
3	172722277	M5601	0	0	0	0.0761	0	0	0	0	0	0
15	25684769	M5491	0	0.0207	0.2544	0.1421	0	0	0.2093	0.1527	0.2452	0.1869
12	83881123	M5223	0	0	0.2255	0.2964	0.0827	0.4133	0.2207	0.301	0.0636	0.2294
11	68138934	M5231	0	0.4194	0.2042	0.1557	0.0833	0	0.2337	0.1116	0.3395	0.1574
5	121215518	M5357	0	0.4194	0.2076	0.1446	0.0833	0	0.2554	0.1527	0.4228	0.1869
8	103012950	M5444	0	0	0.2255	0.2202	0.0827	0.4133	0.2207	0.0851	0.0636	0.2294
13	59860400	M5546	0	0	0	0.0761	0	0	0	0	0	0
22	12537804	M5264	0	0	0.2255	0.2964	0.0827	0.4133	0.2207	0.0851	0.0636	0.2294
23	19498966	M5608	0	0	0	0	0	0	0	0.0303	0	0
12	126793942	M5437	0	0	0	0	0	0	0	0	0.1775	0
16	803214	M5648	0	0	0	0.0955	0.0827	0	0.2207	0	0	0
1	149939028	M5370	0	0	0	0	0	0	0	0.2159	0	0
15	105592515	M5528	0	0.3987	0	0	0.0833	0	0	0	0	0
21	53674206	M5725	0	0	0.2454	0	0	0	0.0929	0	0	0.1869
21	885203	M5594	0	0	0.2255	0.1247	0	0	0	0.0369	0.0636	0
