#chrom	pos	desc	normal	sample1	sample2	sample3	sample4	sample5	sample6	sample7	sample8	sample9
2	182830708	M18152	0	0	0.0063	0.0134	0	0	0	0	0.4149	0
19	40222197	M18276	0	0	0	0	0	0	0.0658	0	0	0
10	136257352	M18043	0	0.1618	0.2095	0.4548	0.4368	0.4802	0.2892	0.1805	0	0
14	41508162	M18259	0	0	0	0	0	0	0	0.1593	0	0
10	33744379	M18104	0	0	0	0	0	0	0.0658	0	0	0
9	82801642	M18221	0	0	0	0	0	0	0	0.1593	0	0
11	75723857	M17963	0	0.1618	0.2095	0.4548	0.4368	0.4802	0.2892	0.1805	0	0
15	101671737	M18325	0	0	0.2095	0.4548	0	0.3543	0	0	0	0
23	46726035	M18028	0	0	0	0	0	0	0.0658	0	0	0
13	90261414	M18326	0	0	0	0	0	0	0	0.1593	0	0
16	10870530	M18008	0	0.1361	0	0	0	0	0	0	0	0.4967
7	112267178	M18282	0	0	0	0	0	0	0	0	0.4149	0
18	32386686	M18237	0	0	0	0	0	0	0	0	0	0.4967
21	21352470	M18222	0	0.1618	0.2095	0.4548	0	0.4802	0.2892	0.1805	0	0
8	19528031	M18032	0	0	0	0	0	0	0.0658	0	0	0
23	39244204	M18150	0	0.1618	0.2095	0.4548	0.4368	0.4802	0.2892	0.1805	0	0
14	18773552	M17984	0	0.1618	0.2095	0.4548	0.4368	0.4802	0.2892	0.1805	0	0
14	100239758	M18010	0	0.1618	0.2095	0.4548	0.4368	0.4802	0.2892	0.1805	0	0
23	21067546	M18275	0	0	0	0	0	0	0	0	0	0.4967
14	113927157	M18038	0	0.1361	0	0	0	0	0	0	0	0.4967
11	103931098	M18205	0	0	0.0063	0.0134	0	0	0	0	0.4149	0
14	79284761	M18232	0	0	0	0	0.4368	0	0	0	0	0
4	148454045	M18329	0	0.1415	0	0	0	0	0	0	0	0
12	13535184	M17680	0	0.1361	0	0	0	0	0	0	0	0.4967
2	141173683	M17924	0	0.1361	0	0	0	0	0	0	0	0.4967
7	100742701	M17698	0	0.1361	0	0	0	0	0	0	0	0.4967
13	121344664	M17973	0	0	0	0	0	0	0.0658	0	0	0
17	45985826	M17833	0	0.1618	0.2095	0.4548	0.4368	0.4802	0.2892	0.1805	0	0
15	11199225	M18098	0	0	0	0	0	0	0	0.1305	0	0
16	51054181	M18284	0	0.1415	0.111	0	0	0	0	0	0	0
1	8314511	M18310	0	0	0	0	0	0	0	0.1305	0	0
22	35173818	M18225	0	0.1361	0	0	0	0	0	0	0	0.4967
1	88217430	M18318	0	0	0.2095	0.4548	0	0.3543	0	0	0	0
12	123748384	M18200	0	0	0	0	0.4368	0	0	0	0	0
7	69569959	M17673	0	0.1361	0	0	0	0	0	0	0	0.4967
6	92396802	M17922	0	0.1618	0.2095	0.4548	0.4368	0.4802	0.2892	0.1805	0	0
11	101934416	M18166	0	0	0	0	0	0	0.0658	0	0	0
21	8832380	M18099	0	0.1361	0	0	0	0	0	0	0	0.4967
17	49701796	M18111	0	0	0	0	0	0	0	0.1305	0	0
9	86837507	M18173	0	0	0	0	0	0	0	0.1305	0	0
22	43993147	M17744	0	0.1361	0	0	0	0	0	0	0	0.4967
23	1957678	M18208	0	0.1415	0.197	0	0	0	0.124	0	0	0
3	57150425	M18296	0	0	0	0	0.4368	0	0	0	0	0
2	120862962	M17883	0	0.1618	0.2095	0.4548	0.4368	0.4802	0.2892	0.1805	0	0
21	32385637	M18312	0	0	0.0063	0.0134	0	0	0	0	0	0
18	35633554	M18302	0	0	0	0	0	0	0	0.1593	0	0
17	78671781	M17964	0	0.1361	0	0	0	0	0	0	0	0.4967
15	45911989	M18271	0	0	0.0063	0.0134	0	0	0	0	0.4149	0
2	139266385	M18337	0	0	0	0	0	0	0	0.1805	0	0
15	45221971	M18021	0	0.1361	0	0	0	0	0	0	0	0.4967
17	84317560	M18033	0	0	0	0	0	0	0	0.1305	0	0
12	30928905	M17837	0	0.1618	0.2095	0.4548	0.4368	0.4802	0.2892	0.1805	0	0
10	29535989	M18322	0	0	0	0	0	0	0	0	0.4149	0
8	142412430	M18239	0	0	0	0	0	0	0.0658	0	0	0
5	46017966	M18170	0	0.1424	0.2095	0.4548	0.4368	0.4802	0.2892	0.1805	0	0
12	123551120	M18227	0	0	0	0	0.4368	0	0	0	0	0
12	20330273	M18247	0	0	0	0	0	0	0	0.1593	0	0
1	107764411	M18213	0	0	0	0	0.4368	0	0	0	0	0
19	16510243	M18342	0	0.1618	0	0	0	0	0	0	0	0
11	116619736	M17992	0	0.1361	0	0	0	0	0	0	0	0.4967
9	36905753	M18286	0	0	0	0	0	0	0.1832	0.1805	0	0
19	22538297	M17994	0	0	0	0	0	0	0.0658	0	0	0
