#chrom	pos	desc	normal	sample1	sample2	sample3	sample4	sample5	sample6	sample7	sample8	sample9
2	182830708	M18152	0	0	0.01	0.013	0	0	0	0	0.405	0
19	40222197	M18276	0	0	0	0	0.002	0	0.071	0	0	0.001
10	136257352	M18043	0	0.165	0.231	0.477	0.427	0.484	0.27	0.204	0.001	0
14	41508162	M18259	0	0.001	0	0.001	0	0	0	0.146	0.003	0.001
10	33744379	M18104	0	0	0	0.001	0	0	0.072	0	0	0.002
9	82801642	M18221	0	0.002	0	0	0	0	0	0.158	0	0.001
11	75723857	M17963	0	0.158	0.228	0.453	0.416	0.49	0.286	0.188	0	0.001
15	101671737	M18325	0	0.001	0.219	0.471	0.001	0.359	0	0	0	0
23	46726035	M18028	0	0	0.001	0	0	0	0.066	0.001	0.002	0
13	90261414	M18326	0	0	0.001	0	0.001	0	0.001	0.167	0.001	0.002
16	10870530	M18008	0	0.117	0	0	0	0	0.001	0	0.001	0.493
7	112267178	M18282	0	0	0	0	0.001	0.001	0.002	0.001	0.405	0
18	32386686	M18237	0	0.001	0	0	0	0	0	0	0	0.481
21	21352470	M18222	0	0.152	0.197	0.46	0	0.496	0.285	0.173	0	0
8	19528031	M18032	0	0.001	0	0	0	0	0.068	0	0.001	0.001
23	39244204	M18150	0	0.154	0.226	0.458	0.432	0.464	0.286	0.185	0	0
14	18773552	M17984	0	0.163	0.224	0.486	0.46	0.472	0.275	0.164	0	0
14	100239758	M18010	0	0.17	0.214	0.469	0.434	0.47	0.289	0.186	0	0
23	21067546	M18275	0	0	0	0	0	0	0	0	0	0.492
14	113927157	M18038	0	0.155	0	0	0	0	0	0	0.001	0.509
11	103931098	M18205	0	0.001	0.011	0.012	0.002	0.001	0.001	0.001	0.444	0
14	79284761	M18232	0	0.001	0	0	0.438	0	0	0	0	0
4	148454045	M18329	0	0.135	0.001	0.001	0	0	0	0	0	0
12	13535184	M17680	0	0.154	0	0.001	0	0.001	0	0	0	0.485
2	141173683	M17924	0	0.134	0	0	0.001	0	0.001	0	0	0.479
7	100742701	M17698	0	0.127	0.001	0	0	0	0	0.001	0	0.47
13	121344664	M17973	0	0	0	0	0	0.001	0.083	0.001	0	0.002
17	45985826	M17833	0	0.167	0.222	0.437	0.429	0.473	0.298	0.193	0	0.001
15	11199225	M18098	0	0	0	0	0	0.001	0	0.124	0.001	0
16	51054181	M18284	0	0.136	0.118	0	0.001	0	0	0	0.001	0
1	8314511	M18310	0	0.001	0	0.001	0	0.001	0.001	0.127	0	0.001
22	35173818	M18225	0	0.139	0	0	0	0.001	0	0	0	0.473
1	88217430	M18318	0	0	0.202	0.43	0	0.364	0.002	0.003	0.001	0
12	123748384	M18200	0	0.002	0	0.001	0.442	0	0.001	0.001	0	0.001
7	69569959	M17673	0	0.142	0	0	0	0	0.001	0.001	0	0.505
6	92396802	M17922	0	0.153	0.2	0.447	0.433	0.488	0.297	0.188	0	0
11	101934416	M18166	0	0.001	0	0	0	0	0.068	0.001	0	0
21	8832380	M18099	0	0.123	0	0.002	0	0.001	0.001	0.001	0	0.508
17	49701796	M18111	0	0	0	0.002	0.001	0	0	0.136	0	0.001
9	86837507	M18173	0	0	0	0.001	0.002	0	0.001	0.141	0	0
22	43993147	M17744	0	0.135	0.001	0	0	0.001	0.001	0	0	0.509
23	1957678	M18208	0	0.124	0.217	0.001	0	0	0.117	0	0	0.001
3	57150425	M18296	0	0	0	0	0.431	0	0	0	0	0
2	120862962	M17883	0	0.16	0.202	0.456	0.46	0.451	0.281	0.194	0	0.002
21	32385637	M18312	0	0	0.01	0.015	0.001	0	0	0	0	0.001
18	35633554	M18302	0	0.001	0	0.001	0	0	0	0.162	0	0
17	78671781	M17964	0	0.133	0.001	0.001	0	0	0	0.002	0	0.509
15	45911989	M18271	0	0.001	0.007	0.013	0	0.001	0	0.001	0.401	0.001
2	139266385	M18337	0	0.002	0	0	0.001	0.001	0	0.17	0.001	0
15	45221971	M18021	0	0.135	0	0	0	0.001	0	0	0	0.507
17	84317560	M18033	0	0	0	0	0	0	0	0.143	0.001	0
12	30928905	M17837	0	0.153	0.204	0.431	0.418	0.504	0.308	0.166	0	0
10	29535989	M18322	0	0	0	0	0	0	0	0	0.418	0.001
8	142412430	M18239	0	0	0	0	0.002	0	0.074	0	0	0
5	46017966	M18170	0	0.143	0.213	0.475	0.415	0.494	0.29	0.174	0	0
12	123551120	M18227	0	0	0	0	0.442	0.001	0	0.001	0.001	0.001
12	20330273	M18247	0	0	0	0	0	0	0.002	0.163	0	0.001
1	107764411	M18213	0	0	0	0	0.448	0	0.001	0	0	0
19	16510243	M18342	0	0.151	0	0	0	0	0.001	0	0	0
11	116619736	M17992	0	0.148	0	0	0.001	0	0	0	0	0.505
9	36905753	M18286	0	0	0	0	0	0.001	0.169	0.154	0.001	0
19	22538297	M17994	0	0	0.001	0.001	0	0	0.071	0	0	0.001
