#chrom	pos	desc	normal	sample1	sample2	sample3	sample4	sample5	sample6	sample7	sample8	sample9	sample10	sample11	sample12	sample13	sample14
18	71643605	M355	0	0	0.1261	0	0	0	0	0	0	0	0	0	0	0	0
8	19565768	M377	0	0	0	0	0	0.1624	0	0	0	0	0	0	0	0	0
14	11013194	M401	0	0	0	0	0.1067	0	0	0	0	0	0	0	0	0	0
16	42078231	M201	0	0	0	0	0	0.1245	0	0	0.0591	0.4171	0.0924	0	0	0	0.1071
16	1779039	M393	0	0.1449	0	0	0	0	0	0	0	0	0	0	0	0	0
20	16423780	M337	0	0.1449	0	0	0	0	0	0	0	0	0	0	0.4475	0	0
10	65248191	M229	0	0	0.188	0	0.3304	0	0	0	0	0	0	0.4362	0.0331	0	0.1692
16	12225912	M323	0	0	0.1261	0	0	0	0	0	0	0	0	0	0	0	0
2	221610723	M282	0	0	0	0	0	0.3554	0	0	0.4148	0	0.1468	0	0	0.4809	0
15	91399253	M386	0	0	0	0	0	0	0	0.0326	0	0	0	0	0	0	0
22	4138228	M324	0	0	0	0	0	0	0	0	0	0.4171	0	0	0	0	0
16	40130974	M231	0	0	0	0.4057	0.1067	0	0	0	0	0	0	0	0	0	0.0748
18	68243142	M338	0	0	0	0	0	0	0	0	0	0	0	0	0	0	0.1692
7	9450889	M210	0	0.1137	0.4377	0.4057	0.4371	0	0.3251	0	0	0	0.182	0.4362	0.0331	0	0.297
20	35162583	M360	0	0.1449	0	0	0	0	0	0	0	0	0	0	0	0	0
22	54817212	M350	0	0	0.188	0	0	0	0	0	0	0	0	0	0.0331	0	0
14	17640718	M373	0	0	0.188	0	0	0	0	0	0	0	0	0	0	0	0
11	22382818	M291	0	0	0	0	0	0	0	0	0	0.4171	0	0	0	0	0
8	48883021	M248	0	0	0	0	0.1067	0	0	0	0	0	0	0	0	0	0.0748
8	117903860	M334	0	0	0	0	0	0	0.1411	0.0326	0	0	0	0	0	0	0
7	150698365	M398	0	0	0	0	0	0	0.0367	0	0	0	0	0	0	0	0
1	52577907	M259	0	0	0	0	0.1067	0	0	0	0	0	0	0	0	0	0.0748
3	174441742	M372	0	0	0	0	0	0	0	0.3875	0	0	0	0	0	0	0
3	76509371	M240	0	0	0	0.4057	0	0	0	0	0	0	0	0	0	0	0
6	72363344	M204	0	0	0	0	0	0.3554	0	0.3875	0.4148	0	0.1468	0	0	0.4809	0
15	24593067	M403	0	0	0	0	0	0	0	0	0	0	0	0	0	0	0.0529
11	123609826	M251	0	0	0	0	0	0.3554	0	0.3875	0.4148	0	0.1468	0	0	0.4809	0
2	58685447	M384	0	0	0	0	0	0	0	0	0	0.4171	0	0	0	0	0
6	101922160	M361	0	0	0	0	0	0.3554	0	0	0.4148	0	0.1468	0	0	0.4809	0
5	162722259	M261	0	0	0	0	0	0	0	0	0	0	0	0	0	0	0.0529
6	47576334	M211	0	0.3111	0	0	0	0	0.1411	0.0326	0	0	0	0	0.4475	0	0
15	74633324	M309	0	0.1662	0	0	0	0	0	0	0	0	0	0	0	0	0
13	22997624	M202	0	0.1137	0.4377	0.4057	0.4371	0	0.3251	0	0	0	0.182	0.4362	0.0331	0	0.297
4	28599201	M244	0	0	0	0	0.3304	0	0	0	0	0	0	0	0	0	0.1692
4	53603694	M342	0	0.1662	0	0	0	0	0	0	0	0	0	0	0	0	0
19	22976257	M236	0	0	0	0	0	0	0	0	0.0591	0	0	0	0	0	0
8	81492935	M293	0	0	0	0.4057	0	0	0	0	0	0	0	0	0	0	0
10	43401539	M269	0	0	0	0	0	0	0.2884	0	0	0	0	0	0	0	0
20	15055219	M333	0	0	0	0	0.1067	0	0	0	0	0	0	0	0	0	0.0748
21	13258462	M247	0	0.1662	0	0	0	0	0.1411	0.0326	0	0	0	0	0	0	0
17	40538404	M346	0	0.1137	0.1235	0	0	0	0	0	0	0	0	0	0	0	0
9	97266833	M270	0	0.1449	0	0	0	0	0	0	0	0	0	0	0.4475	0	0
3	1425719	M213	0	0	0	0.4057	0.1067	0	0	0	0	0	0	0	0	0	0.0748
6	48594117	M298	0	0	0	0	0	0.3554	0	0	0.4148	0	0.1468	0	0	0.4809	0
5	2196267	M397	0	0	0	0	0.3304	0	0	0	0	0	0	0	0	0	0
3	118213520	M410	0	0	0	0	0	0	0	0.0326	0	0	0	0	0	0	0
2	211198772	M215	0	0	0	0	0	0	0	0	0.0591	0	0	0	0	0	0
3	104160731	M224	0	0	0	0	0	0.1245	0	0	0	0.4171	0.0924	0	0	0	0.1071
8	31815207	M349	0	0	0	0	0	0	0	0.3875	0	0	0	0	0	0	0
23	47062893	M273	0	0	0	0	0	0	0	0.3875	0	0	0	0	0	0	0
6	94039701	M353	0	0	0	0	0	0.1245	0	0	0	0	0.0924	0	0	0	0.1071
3	108413590	M253	0	0.1449	0	0	0	0	0	0	0	0	0	0	0.4475	0	0
8	124171059	M221	0	0.3111	0	0	0	0	0.1411	0.0326	0	0	0	0	0.4475	0	0
18	14582443	M249	0	0	0	0	0.3304	0	0	0	0	0	0	0	0	0	0.1692
13	65266452	M219	0	0.3111	0	0	0	0	0.1411	0.0326	0	0	0	0	0.4475	0	0
6	138314804	M252	0	0	0	0	0	0	0.2884	0	0	0	0	0	0	0	0
20	31901710	M300	0	0	0	0	0	0	0.0367	0	0	0	0.1544	0	0	0	0
2	9048927	M308	0	0	0	0	0	0	0	0	0	0	0.0277	0	0	0	0
21	8167350	M283	0	0	0.188	0	0	0	0	0	0	0	0	0	0.0331	0	0
15	48721398	M216	0	0.1137	0.1235	0	0	0	0.2884	0	0	0	0	0	0	0	0
1	232563797	M212	0	0	0	0	0	0.3554	0	0.3875	0.4148	0	0.1468	0	0	0.4809	0
2	69885820	M281	0	0	0	0	0	0	0	0	0	0	0	0	0	0	0.1692
18	51332552	M348	0	0	0	0	0	0	0	0	0	0	0	0	0	0	0.0529
11	89877048	M340	0	0	0	0	0	0.3554	0	0	0.4148	0	0.1468	0	0	0.4809	0
4	145479095	M317	0	0	0	0.4057	0	0	0	0	0	0	0	0	0	0	0
8	26907947	M200	0	0.1137	0.4377	0.4057	0.4371	0.1245	0.3251	0	0.0591	0.4171	0.2377	0.4362	0.0331	0	0.4041
23	44870550	M264	0	0	0	0	0	0	0.1411	0.0326	0	0	0	0	0	0	0
13	32444184	M279	0	0	0	0	0	0	0	0	0.0591	0	0	0	0	0	0
