#chrom	pos	desc	normal	sample1	sample2	sample3	sample4	sample5	sample6	sample7	sample8	sample9
3	181268807	M367	0	0	0	0	0	0	0	0	0	0.0213
10	65248191	M229	0	0	0	0.1393	0	0	0.2148	0	0.156	0
20	16423780	M337	0	0	0	0	0	0	0	0	0.0543	0
11	57694102	M266	0	0	0	0	0	0.0388	0	0	0	0
1	56026112	M363	0	0	0	0	0	0.1236	0	0	0	0
6	22782866	M321	0	0	0	0	0	0	0.2148	0	0	0
4	18490846	M407	0	0	0	0	0	0	0	0	0	0.1799
16	40130974	M231	0	0	0.1479	0.2017	0	0	0.2119	0.2015	0	0
7	9450889	M210	0	0.4613	0.443	0.4117	0	0.0388	0.4267	0.4204	0.4358	0.3404
10	113601700	M347	0	0	0	0	0	0	0	0	0.0236	0
8	117903860	M334	0	0	0	0	0.4445	0	0	0	0	0.1588
8	48883021	M248	0	0	0	0	0	0	0	0.2015	0	0
1	52577907	M259	0	0	0	0	0	0	0	0.2015	0	0
12	129435222	M381	0	0	0	0	0	0	0	0	0	0.1393
3	174441742	M372	0	0	0	0	0	0	0	0.0153	0	0
3	76509371	M240	0	0	0.1479	0.2017	0	0	0	0	0	0
6	104126343	M404	0	0.4613	0	0	0	0	0	0	0	0
6	72363344	M204	0	0	0	0	0	0	0	0.0153	0	0
23	36127002	M369	0	0	0	0	0	0	0	0	0.0543	0
11	123609826	M251	0	0	0	0	0	0	0	0.0153	0	0
7	118343834	M402	0	0	0	0	0	0	0	0	0.0236	0
22	5134538	M392	0	0	0	0	0	0	0	0	0	0.1588
16	74313741	M354	0	0	0.2456	0	0	0	0	0	0	0
21	5358435	M280	0	0	0.1479	0	0	0	0	0	0	0
6	47576334	M211	0	0	0	0	0.4445	0.4491	0	0	0.0543	0.1588
11	35126475	M311	0	0	0	0	0	0	0	0.2015	0	0
13	22997624	M202	0	0.4613	0.443	0.4117	0	0.0388	0.4267	0.4204	0.4358	0.3404
4	28599201	M244	0	0	0	0	0	0	0	0	0.156	0
10	43401539	M269	0	0	0	0	0	0	0	0.219	0.2563	0
21	13258462	M247	0	0	0	0	0.4445	0.4491	0	0	0	0.1588
22	53385614	M263	0	0	0	0.2017	0	0	0	0	0	0
17	40538404	M346	0	0	0	0	0	0	0	0	0	0.1799
3	1425719	M213	0	0	0.1479	0.2017	0	0	0.2119	0.2015	0	0
9	97266833	M270	0	0	0	0	0	0	0	0	0.0543	0
13	18138993	M394	0	0	0	0	0	0	0	0.0153	0	0
9	76853566	M313	0	0	0	0.2017	0	0	0	0	0	0
8	31815207	M349	0	0	0	0	0	0	0	0.0153	0	0
23	47062893	M273	0	0	0	0	0	0	0	0.0153	0	0
3	108413590	M253	0	0	0	0	0	0	0	0	0.0543	0
8	124171059	M221	0	0	0	0	0.4445	0.4491	0	0	0.0543	0.1588
18	14582443	M249	0	0	0	0	0	0	0	0	0.156	0
13	65266452	M219	0	0	0	0	0.4445	0.4491	0	0	0.0543	0.1588
6	138314804	M252	0	0	0	0	0	0	0	0.219	0.2563	0
11	83339162	M351	0	0.3157	0	0.066	0	0	0	0	0	0
2	9048927	M308	0	0	0.2951	0	0	0	0	0	0	0
21	8167350	M283	0	0	0	0.1393	0	0	0	0	0	0
15	651124	M344	0	0	0	0	0	0	0.2148	0	0	0
9	27300187	M319	0	0	0	0	0	0	0	0	0	0.0213
15	48721398	M216	0	0	0	0	0	0	0	0.219	0.2563	0.1799
1	232563797	M212	0	0	0	0	0	0	0	0.0153	0	0
4	123267463	M359	0	0	0	0	0	0	0	0	0	0.1588
8	26907947	M200	0	0.4613	0.443	0.4117	0	0.0388	0.4267	0.4204	0.4358	0.3404
23	44870550	M264	0	0	0	0	0.4445	0	0	0	0	0.1588
