#chrom	pos	desc	normal	sample1	sample2	sample3	sample4	sample5	sample6	sample7	sample8	sample9	sample10	sample11	sample12	sample13	sample14
18	71643605	M355	0	0	0.129	0	0	0.001	0	0.001	0	0	0.001	0.002	0	0.002	0.001
8	19565768	M377	0	0	0.001	0	0	0.151	0	0	0	0.001	0.001	0.001	0	0	0
14	11013194	M401	0	0	0	0	0.109	0	0	0	0	0	0.001	0	0	0	0
16	42078231	M201	0	0	0	0	0	0.115	0	0.001	0.067	0.395	0.078	0.001	0	0	0.119
16	1779039	M393	0	0.155	0	0.001	0	0	0	0.001	0	0	0	0.002	0	0	0.002
20	16423780	M337	0	0.144	0.001	0	0.002	0.001	0	0.001	0.001	0	0.002	0	0.428	0	0
10	65248191	M229	0	0	0.187	0.001	0.321	0.002	0.001	0.002	0	0	0	0.446	0.039	0	0.148
16	12225912	M323	0	0	0.126	0.002	0.001	0	0	0	0.001	0	0	0	0	0	0
2	221610723	M282	0	0.002	0	0.001	0	0.377	0.001	0.001	0.38	0	0.144	0.002	0	0.486	0.001
15	91399253	M386	0	0	0	0	0	0	0	0.04	0	0	0	0	0	0	0
22	4138228	M324	0	0.001	0	0	0	0	0	0.001	0.001	0.414	0	0	0	0	0.001
16	40130974	M231	0	0	0	0.406	0.108	0	0	0	0.001	0.001	0	0	0	0	0.087
18	68243142	M338	0	0	0	0	0	0	0	0	0	0	0.001	0	0.001	0	0.164
7	9450889	M210	0	0.104	0.45	0.418	0.432	0	0.322	0	0	0.001	0.149	0.408	0.029	0	0.283
20	35162583	M360	0	0.152	0.001	0	0	0	0	0	0	0	0	0	0	0	0
22	54817212	M350	0	0	0.196	0	0.001	0.001	0.001	0.001	0	0	0	0.001	0.033	0	0
14	17640718	M373	0	0	0.179	0	0.002	0	0	0.001	0	0	0.001	0	0.002	0	0.003
11	22382818	M291	0	0	0	0	0	0.002	0.001	0	0	0.399	0.001	0	0	0	0
8	48883021	M248	0	0	0	0.002	0.093	0.001	0	0	0	0.001	0	0	0	0	0.077
8	117903860	M334	0	0	0.001	0	0	0.001	0.157	0.033	0	0	0.001	0	0	0	0
7	150698365	M398	0	0	0	0	0	0	0.035	0.001	0	0	0.002	0	0	0.001	0
1	52577907	M259	0	0.002	0	0.002	0.102	0	0	0	0.001	0	0	0	0	0	0.069
3	174441742	M372	0	0	0.001	0	0.001	0	0	0.375	0.001	0	0.001	0.001	0	0	0
3	76509371	M240	0	0	0	0.404	0	0	0	0	0	0	0	0	0	0.001	0.001
6	72363344	M204	0	0	0	0.001	0	0.355	0.001	0.366	0.401	0	0.157	0	0	0.506	0
15	24593067	M403	0	0	0	0.001	0	0	0	0	0	0	0	0	0	0.001	0.051
11	123609826	M251	0	0.002	0.001	0	0	0.344	0	0.392	0.414	0	0.141	0	0	0.481	0
2	58685447	M384	0	0.001	0.001	0	0	0	0.001	0.001	0	0.433	0	0	0.001	0.001	0.001
6	101922160	M361	0	0.001	0.001	0	0	0.364	0	0	0.385	0	0.145	0	0.002	0.49	0
5	162722259	M261	0	0	0.001	0	0	0.001	0	0	0.001	0	0.001	0.001	0.001	0	0.045
6	47576334	M211	0	0.322	0	0.001	0	0	0.153	0.029	0	0	0	0	0.427	0	0
15	74633324	M309	0	0.154	0	0	0	0.001	0.001	0	0.002	0	0	0	0	0	0
13	22997624	M202	0	0.115	0.45	0.395	0.427	0	0.329	0	0	0	0.175	0.455	0.031	0.001	0.32
4	28599201	M244	0	0	0	0	0.319	0	0	0	0.001	0.001	0	0	0	0	0.168
4	53603694	M342	0	0.154	0	0.001	0.001	0	0	0	0	0	0.002	0	0.001	0	0
19	22976257	M236	0	0	0	0	0.001	0	0	0	0.056	0	0	0.001	0.001	0.002	0
8	81492935	M293	0	0	0	0.431	0	0	0	0	0	0	0	0	0	0	0
10	43401539	M269	0	0.001	0	0	0	0	0.281	0	0	0	0	0.001	0.001	0	0
20	15055219	M333	0	0.001	0.001	0	0.113	0	0	0	0.002	0.001	0	0	0	0	0.062
21	13258462	M247	0	0.158	0	0	0	0.001	0.141	0.029	0	0	0	0.001	0	0	0
17	40538404	M346	0	0.113	0.122	0	0	0.001	0	0.001	0.001	0	0	0.001	0	0	0
9	97266833	M270	0	0.156	0.001	0	0.001	0.001	0.001	0	0.001	0.001	0	0	0.447	0	0
3	1425719	M213	0	0	0	0.382	0.103	0	0	0	0	0.001	0.001	0	0.002	0	0.063
6	48594117	M298	0	0.001	0	0	0	0.36	0	0	0.427	0	0.15	0	0	0.468	0
5	2196267	M397	0	0.001	0	0.001	0.347	0.001	0	0	0.002	0.001	0.002	0	0	0	0.002
3	118213520	M410	0	0	0	0	0	0	0.001	0.033	0	0	0.001	0.001	0	0.001	0.001
2	211198772	M215	0	0.001	0	0.001	0	0.001	0	0	0.059	0	0	0	0	0	0.001
3	104160731	M224	0	0	0	0.002	0	0.125	0	0	0	0.428	0.077	0	0	0	0.116
8	31815207	M349	0	0	0	0	0.002	0	0	0.366	0	0	0.002	0	0	0	0
23	47062893	M273	0	0.002	0.002	0	0	0.003	0	0.37	0	0	0.001	0	0	0.001	0
6	94039701	M353	0	0	0	0	0	0.127	0	0	0	0.002	0.07	0	0.001	0	0.113
3	108413590	M253	0	0.164	0	0.001	0	0	0	0	0	0	0.002	0	0.448	0	0
8	124171059	M221	0	0.325	0.002	0	0.001	0	0.132	0.035	0	0.001	0.001	0	0.452	0	0
18	14582443	M249	0	0	0	0	0.313	0	0	0	0.001	0.001	0	0.002	0	0	0.172
13	65266452	M219	0	0.288	0	0	0	0	0.137	0.037	0	0	0	0	0.462	0	0
6	138314804	M252	0	0	0.001	0	0	0.001	0.295	0	0.002	0	0.001	0	0	0.001	0
20	31901710	M300	0	0	0	0.002	0	0	0.029	0	0	0	0.186	0	0	0	0
2	9048927	M308	0	0	0	0	0.001	0.001	0	0	0	0.001	0.032	0	0.003	0	0
21	8167350	M283	0	0	0.186	0	0	0	0.001	0	0.001	0	0	0	0.037	0	0
15	48721398	M216	0	0.128	0.129	0	0	0	0.283	0	0	0.001	0.002	0	0	0.001	0.002
1	232563797	M212	0	0	0	0.002	0.001	0.389	0	0.379	0.407	0.001	0.128	0	0	0.478	0.001
2	69885820	M281	0	0	0	0	0.001	0.001	0	0	0	0	0	0	0	0	0.161
18	51332552	M348	0	0.001	0.001	0	0	0.001	0	0	0	0	0	0.001	0	0.001	0.059
11	89877048	M340	0	0	0	0	0	0.374	0	0	0.442	0	0.135	0	0	0.477	0
4	145479095	M317	0	0.001	0.001	0.398	0	0.001	0	0	0.001	0.001	0	0.001	0.001	0	0
8	26907947	M200	0	0.124	0.421	0.403	0.438	0.117	0.295	0	0.063	0.405	0.22	0.421	0.028	0.001	0.399
23	44870550	M264	0	0	0.002	0	0	0.002	0.128	0.046	0.001	0	0.001	0.001	0	0.001	0.001
13	32444184	M279	0	0	0.001	0.001	0	0	0	0.001	0.064	0.002	0.001	0	0	0	0
