#chrom	pos	desc	normal	sample1	sample2	sample3	sample4	sample5	sample6	sample7	sample8	sample9
3	181268807	M367	0	0.001	0	0.002	0.001	0.001	0	0	0	0.023
10	65248191	M229	0	0	0	0.144	0	0	0.233	0.001	0.155	0.002
20	16423780	M337	0	0	0	0	0.002	0	0	0	0.032	0
11	57694102	M266	0	0	0	0	0.002	0.035	0	0.001	0	0
1	56026112	M363	0	0.001	0.001	0	0	0.121	0	0	0	0
6	22782866	M321	0	0	0	0.001	0	0	0.244	0.001	0	0
4	18490846	M407	0	0	0	0.002	0	0	0	0	0.001	0.179
16	40130974	M231	0	0	0.163	0.183	0	0	0.21	0.199	0	0.001
7	9450889	M210	0	0.462	0.454	0.406	0.001	0.038	0.421	0.424	0.436	0.344
10	113601700	M347	0	0	0	0.001	0.001	0.001	0	0	0.02	0.001
8	117903860	M334	0	0	0.001	0	0.447	0	0	0.001	0.002	0.136
8	48883021	M248	0	0.003	0	0.001	0	0.002	0	0.21	0	0
1	52577907	M259	0	0	0	0	0	0	0.001	0.222	0	0
12	129435222	M381	0	0	0	0	0.002	0	0.001	0	0	0.142
3	174441742	M372	0	0	0	0	0	0.001	0	0.018	0	0.001
3	76509371	M240	0	0.003	0.138	0.199	0	0.001	0	0	0	0.001
6	104126343	M404	0	0.462	0.001	0	0.002	0	0	0	0	0
6	72363344	M204	0	0	0	0	0.001	0	0	0.017	0.001	0
23	36127002	M369	0	0.001	0.001	0	0.001	0.001	0	0	0.049	0.001
11	123609826	M251	0	0	0.001	0.002	0	0	0	0.015	0	0
7	118343834	M402	0	0.001	0	0	0	0	0.001	0	0.02	0.001
22	5134538	M392	0	0	0	0	0.001	0	0	0	0.001	0.176
16	74313741	M354	0	0.001	0.254	0	0	0.001	0.001	0	0.001	0
21	5358435	M280	0	0	0.148	0	0	0	0.001	0	0	0
6	47576334	M211	0	0	0	0	0.456	0.425	0.002	0	0.044	0.153
11	35126475	M311	0	0	0.001	0	0	0	0	0.168	0.002	0.001
13	22997624	M202	0	0.475	0.434	0.415	0	0.027	0.424	0.421	0.431	0.361
4	28599201	M244	0	0	0	0	0	0	0.001	0	0.17	0
10	43401539	M269	0	0	0	0	0	0	0	0.235	0.244	0.001
21	13258462	M247	0	0	0	0	0.443	0.458	0	0	0	0.15
22	53385614	M263	0	0.001	0	0.188	0	0	0.002	0	0	0
17	40538404	M346	0	0	0	0.002	0	0	0	0	0.001	0.158
3	1425719	M213	0	0	0.148	0.218	0	0	0.231	0.207	0	0
9	97266833	M270	0	0	0.001	0	0	0	0	0	0.054	0
13	18138993	M394	0	0	0.001	0	0	0	0.001	0.006	0.001	0
9	76853566	M313	0	0	0.001	0.191	0	0	0	0.002	0	0
8	31815207	M349	0	0	0	0	0	0	0	0.021	0	0
23	47062893	M273	0	0.001	0	0	0	0.003	0	0.011	0.002	0
3	108413590	M253	0	0	0.002	0	0	0.001	0.001	0	0.057	0.001
8	124171059	M221	0	0.001	0.001	0	0.445	0.437	0.001	0.001	0.05	0.16
18	14582443	M249	0	0	0.001	0	0.001	0	0	0.001	0.154	0
13	65266452	M219	0	0	0	0	0.455	0.431	0	0	0.066	0.172
6	138314804	M252	0	0	0.001	0.001	0	0.001	0	0.232	0.282	0
11	83339162	M351	0	0.32	0.001	0.073	0	0	0	0	0	0
2	9048927	M308	0	0.002	0.303	0.002	0.002	0.001	0	0	0	0.002
21	8167350	M283	0	0.001	0	0.138	0.001	0	0	0	0	0
15	651124	M344	0	0	0	0.001	0	0.001	0.208	0	0.002	0
9	27300187	M319	0	0	0	0	0.002	0	0	0.001	0	0.013
15	48721398	M216	0	0	0	0	0	0	0	0.217	0.261	0.169
1	232563797	M212	0	0	0	0	0	0	0	0.013	0	0
4	123267463	M359	0	0	0	0.001	0	0	0.002	0.001	0	0.168
8	26907947	M200	0	0.465	0.448	0.395	0	0.044	0.435	0.412	0.441	0.327
23	44870550	M264	0	0.001	0	0	0.433	0	0.001	0	0	0.156
