#chrom	pos	desc	normal	sample1	sample2	sample3	sample4	sample5	sample6	sample7	sample8	sample9	sample10	sample11	sample12	sample13	sample14
18	71643605	M355	0	0.0004	0.1284	0.0005	0.0002	0.0003	0.0003	0.0001	0.0008	0.0001	0.0004	0.0004	0.0004	0.0005	0.0006
8	19565768	M377	0	0.0004	0.0007	0.0004	0.0004	0.1633	0.0001	0.0005	0.0003	0.0002	0.0004	0.0007	0.0004	0.0004	0.0003
14	11013194	M401	0	0.0002	0.0002	0.0003	0.1066	0.0004	0.0003	0.0002	0.0004	0	0.0003	0.0002	0.0002	0.0001	0.0003
16	42078231	M201	0	0.0003	0.0001	0.0003	0.0004	0.12	0.0004	0.0007	0.0572	0.4139	0.0861	0.0004	0.0001	0.0004	0.113
16	1779039	M393	0	0.1456	0.0002	0.0001	0.0001	0.0005	0.0001	0.0003	0.0001	0.0002	0.0003	0.0005	0.0005	0.0004	0.0001
20	16423780	M337	0	0.1436	0.0002	0	0.0002	0.0004	0.0002	0.0004	0.0004	0.0002	0.0002	0.0001	0.4527	0	0.0001
10	65248191	M229	0	0.0002	0.1876	0.0003	0.3384	0.0003	0.0004	0.0003	0.0007	0.0002	0.0004	0.4362	0.0345	0.0003	0.1665
16	12225912	M323	0	0.0006	0.1308	0.0002	0.0003	0.0003	0.0002	0.0004	0.0003	0.0004	0.0003	0.0003	0.0002	0.0002	0.0003
2	221610723	M282	0	0.0006	0.0003	0.0005	0.0004	0.3528	0.0005	0.0004	0.4126	0.0006	0.1473	0.0004	0.0005	0.4785	0.0001
15	91399253	M386	0	0.0005	0.0005	0.0004	0.0005	0.0003	0	0.0337	0.0005	0.0004	0.0001	0.0001	0	0.0004	0.0007
22	4138228	M324	0	0.0003	0.0007	0.0004	0.0003	0.0002	0.0001	0.0006	0.0004	0.4127	0.0003	0.0002	0.0001	0.0001	0.0002
16	40130974	M231	0	0.0006	0.0001	0.4053	0.1068	0.0005	0.0005	0.0002	0.0003	0.0008	0.0004	0.0002	0.0003	0.0003	0.0712
18	68243142	M338	0	0.0003	0.0002	0.0003	0.0006	0.0005	0.0001	0.0004	0.0002	0.0005	0.0006	0	0.0003	0.0005	0.169
7	9450889	M210	0	0.1194	0.4352	0.41	0.4356	0.0004	0.33	0.0004	0.0002	0.0003	0.185	0.4366	0.0347	0.0005	0.2979
20	35162583	M360	0	0.1442	0.0002	0.0004	0	0.0003	0.0001	0.0002	0.0006	0.0003	0.001	0.0001	0.0004	0.0004	0.0003
22	54817212	M350	0	0.0002	0.1916	0.0002	0.0007	0.0004	0.0005	0.0004	0.0001	0.0006	0.0004	0.0004	0.0363	0.0004	0.0003
14	17640718	M373	0	0.0001	0.1851	0.0006	0.0003	0.0002	0	0.0004	0.0004	0.0002	0.0002	0.0005	0.0004	0.0003	0.0005
11	22382818	M291	0	0.0001	0.0002	0.0002	0.0003	0.0004	0.0001	0.0004	0.0002	0.4143	0.0009	0.0002	0.0008	0.0002	0.0006
8	48883021	M248	0	0.0001	0.0003	0.0005	0.1067	0.0005	0.0002	0.0003	0.0004	0	0.0004	0.0002	0.0002	0.0002	0.0791
8	117903860	M334	0	0.0005	0.0006	0.0005	0.0007	0.0003	0.1396	0.0283	0.0005	0.0003	0.0002	0.0003	0.0004	0.0006	0.0004
7	150698365	M398	0	0.0002	0.0006	0.0003	0.0008	0.0001	0.0377	0.0004	0.0004	0.0005	0.0006	0.0003	0.0004	0.0002	0.0007
1	52577907	M259	0	0.0003	0.0002	0.0007	0.108	0.0006	0.0004	0.0006	0.0003	0.0001	0.0006	0.0004	0.0004	0.0003	0.0688
3	174441742	M372	0	0.0002	0.0001	0.0001	0.0003	0.0002	0.0002	0.3911	0.0004	0.0002	0.0001	0.0005	0.0005	0.0004	0.0003
3	76509371	M240	0	0.0003	0.0001	0.4042	0.0003	0.0004	0.0001	0.0007	0.0003	0.0005	0.0005	0.0004	0.0002	0.0004	0.0003
6	72363344	M204	0	0.0004	0.0004	0.0004	0.0001	0.355	0.0008	0.3797	0.4205	0.0004	0.1452	0.0001	0.0003	0.4764	0.0003
15	24593067	M403	0	0.0002	0.0004	0.0004	0.0002	0.0004	0.0001	0.0002	0.0002	0.0006	0.0001	0.0003	0.0001	0.0001	0.0494
11	123609826	M251	0	0.0003	0.0004	0.0002	0.0001	0.3478	0.0003	0.3825	0.4126	0	0.1484	0.0002	0.0002	0.4855	0.0003
2	58685447	M384	0	0.0005	0.0005	0.0001	0.0003	0.0003	0.0004	0.0004	0.0003	0.4237	0.0002	0.0004	0	0.0001	0.0007
6	101922160	M361	0	0.0004	0.0006	0.0003	0.0006	0.3543	0.0001	0.0006	0.4158	0	0.144	0.0002	0.0001	0.481	0.0004
5	162722259	M261	0	0.0003	0.0003	0.0003	0.0002	0.0004	0.0004	0.0004	0.0003	0.0004	0.0008	0.0001	0.0002	0.0006	0.0542
6	47576334	M211	0	0.3131	0.0004	0.0006	0.0002	0.0004	0.1439	0.0369	0.0005	0.0005	0.0004	0.0001	0.4493	0.0001	0.0005
15	74633324	M309	0	0.162	0.0003	0.0004	0.0005	0.0005	0.0002	0.0002	0.0002	0	0.0001	0.0005	0.0003	0.0002	0.0004
13	22997624	M202	0	0.11	0.4366	0.4023	0.4349	0.0001	0.3148	0.0002	0.0004	0.0003	0.18	0.4358	0.0326	0.0007	0.2978
4	28599201	M244	0	0.0005	0.0005	0.0002	0.3347	0.0004	0.0005	0.0001	0.0003	0	0.0001	0.0004	0.0004	0.0001	0.1724
4	53603694	M342	0	0.1666	0.0001	0.0008	0.0002	0.0004	0.0004	0.0004	0	0.0006	0.0003	0	0.0002	0.0005	0.0001
19	22976257	M236	0	0.0002	0.0006	0.0002	0.0002	0.0005	0.0007	0.0002	0.0576	0.0004	0.0002	0.0005	0.0003	0.0004	0.0004
8	81492935	M293	0	0.0004	0.0007	0.4093	0.0001	0.0003	0.0003	0.0005	0	0.0002	0	0.0004	0.0002	0.0004	0.0007
10	43401539	M269	0	0.0002	0.0007	0.0001	0.0003	0.0005	0.2858	0.0005	0.0002	0.0005	0.0003	0.0005	0.0002	0.0005	0.0004
20	15055219	M333	0	0	0.0004	0.0003	0.1078	0.0004	0.0001	0.001	0	0.0005	0.0001	0.0002	0.0005	0.0009	0.0746
21	13258462	M247	0	0.1712	0	0.0006	0.0003	0.0004	0.1393	0.0316	0.0003	0.0004	0.0005	0.0003	0.0006	0.0004	0.0003
17	40538404	M346	0	0.1117	0.1188	0.0003	0.0004	0.0002	0.0004	0.0009	0.0009	0.0001	0.0003	0.0004	0.0002	0.0001	0.0001
9	97266833	M270	0	0.1442	0.0001	0.0004	0.0004	0.0001	0	0.0001	0.0004	0.0001	0.0003	0.0004	0.4428	0.0002	0.0003
3	1425719	M213	0	0.0001	0.0005	0.4008	0.107	0.0003	0.0004	0.0004	0	0.0006	0.0003	0.0004	0.0001	0.0005	0.0727
6	48594117	M298	0	0.0004	0.0003	0.0007	0.0005	0.3567	0.0004	0.0003	0.4159	0.0004	0.1471	0.0004	0.0005	0.4912	0.0004
5	2196267	M397	0	0.0003	0.0003	0.0004	0.3258	0.0002	0.0006	0.0004	0.0004	0.0004	0.0002	0.0004	0.0005	0.0003	0.0004
3	118213520	M410	0	0.0004	0.0005	0.0003	0.0006	0	0.0003	0.0332	0.0005	0.0004	0.0004	0.0004	0.0006	0.0003	0.0001
2	211198772	M215	0	0.0001	0.0004	0.0005	0.0003	0.0005	0.0001	0.0001	0.0623	0.0006	0.0006	0.0004	0.0005	0.0003	0.0004
3	104160731	M224	0	0.0003	0.0005	0.0002	0.0005	0.1295	0.0003	0.0002	0.0002	0.4121	0.0898	0.0001	0.0003	0.0002	0.1116
8	31815207	M349	0	0.0002	0.0003	0.0003	0.0003	0.0001	0.0002	0.3853	0.0005	0.0004	0.0007	0.0003	0.0004	0.0003	0.0005
23	47062893	M273	0	0.0006	0.0001	0.0006	0.0004	0.0001	0.0001	0.3994	0	0	0.0002	0.0002	0.0002	0.0003	0.0004
6	94039701	M353	0	0.0001	0.0003	0.0003	0	0.1256	0.0004	0.0004	0.0003	0.0003	0.0967	0.0002	0	0.0007	0.11
3	108413590	M253	0	0.1478	0.0002	0.0007	0.0005	0.0004	0.0001	0.0003	0.0002	0.0004	0.0005	0.0002	0.4435	0.0005	0.0006
8	124171059	M221	0	0.3094	0.0004	0.0003	0.0005	0.0004	0.1407	0.0325	0.0003	0.0002	0.0005	0.0004	0.4513	0.0005	0.0004
18	14582443	M249	0	0.0003	0.0005	0.0004	0.3268	0.0004	0.0002	0.0006	0.0002	0.0005	0.0003	0.0004	0.0004	0.0003	0.1662
13	65266452	M219	0	0.3095	0.0004	0.0002	0.0003	0.0001	0.1433	0.0347	0.0004	0.0003	0.0001	0.0002	0.4474	0.0002	0.0003
6	138314804	M252	0	0.0004	0.0006	0.0007	0.0003	0.0002	0.2873	0.0007	0.0004	0.0001	0.0002	0.0005	0.0003	0.0002	0.0002
20	31901710	M300	0	0.0002	0.0003	0.0003	0.0002	0.0005	0.0364	0.0003	0.0004	0.0003	0.1537	0.0003	0.0003	0	0.0001
2	9048927	M308	0	0.0005	0.0002	0.0003	0.0002	0.0002	0.0003	0.0003	0.0002	0.0008	0.0292	0.0004	0.0005	0.0004	0.0004
21	8167350	M283	0	0.0001	0.1935	0.0004	0.0004	0.0005	0.0003	0.0004	0.0003	0.0003	0.0005	0.0007	0.0334	0.0003	0.0002
15	48721398	M216	0	0.1122	0.1256	0.0001	0.0002	0.0002	0.287	0.0001	0.0003	0.0001	0.0003	0.0003	0.0002	0.0003	0.0006
1	232563797	M212	0	0.0001	0.0003	0.0004	0.0001	0.3567	0	0.3868	0.4199	0.0004	0.1478	0.0003	0.0003	0.4855	0.0006
2	69885820	M281	0	0.0004	0.0003	0.0005	0.0002	0.0002	0.0006	0.0004	0.0004	0	0.0007	0.0002	0.0003	0.0006	0.1714
18	51332552	M348	0	0.0005	0.0001	0.0002	0.0001	0.0002	0.0003	0.0003	0.0002	0.0004	0	0.0004	0.0006	0.0002	0.0527
11	89877048	M340	0	0.0002	0.0003	0.0004	0.0004	0.3548	0.0007	0.0001	0.4264	0.0002	0.1453	0.0002	0.0002	0.4791	0
4	145479095	M317	0	0.0005	0.0002	0.4078	0	0.0003	0.0004	0.0003	0.0004	0.0007	0.0006	0.0003	0.0004	0.0003	0.0001
8	26907947	M200	0	0.1126	0.4388	0.4089	0.4372	0.1257	0.3224	0.0001	0.0591	0.4174	0.2396	0.4317	0.0332	0.0003	0.4057
23	44870550	M264	0	0.0005	0.0002	0.0003	0.0001	0.0004	0.1446	0.0332	0.0003	0.0003	0.0002	0.0003	0.0005	0.0004	0.0004
13	32444184	M279	0	0.0005	0.0005	0.0003	0.0005	0.0001	0.0004	0.0004	0.0629	0.0003	0.0002	0.0005	0.0003	0.0004	0.0004
