#chrom	pos	desc	normal	sample1	sample2	sample3	sample4	sample5	sample6	sample7	sample8	sample9
17	29024766	M2956	0	0.217	0.223	0	0	0	0	0	0	0.001
22	16343570	M2933	0	0.435	0.389	0.001	0	0	0	0.412	0.208	0
20	55332278	M2975	0	0	0	0.463	0	0	0	0	0.001	0.001
11	111466035	M2939	0	0	0	0	0	0.485	0.001	0	0	0
7	146309321	M2965	0	0.002	0.215	0	0	0	0	0	0	0.001
4	125675939	M2952	0	0.44	0.227	0	0	0	0	0	0.193	0
15	63741989	M2935	0	0.05	0	0	0.305	0.002	0.463	0	0.001	0.001
16	45833151	M2924	0	0.001	0	0.001	0	0.001	0	0	0	0.453
8	86769188	M2922	0	0.063	0.09	0.604	0.461	0	0.451	0	0	0.001
14	26152401	M2957	0	0	0.001	0	0	0.001	0	0	0.235	0
4	39907346	M2949	0	0	0.184	0	0	0	0.001	0	0	0.001
3	48265839	M2977	0	0	0.144	0.001	0	0	0	0	0	0
22	2915942	M2932	0	0	0.001	0.001	0	0	0	0	0.001	0.47
10	84242036	M2926	0	0.051	0.058	0	0.321	0	0.457	0	0.001	0
17	27912738	M2918	0	0.486	0.468	0.438	0.443	0.487	0.46	0.439	0.459	0
15	28325421	M2925	0	0.001	0	0	0.001	0.493	0	0.001	0	0
3	12738074	M2953	0	0	0.001	0	0.001	0	0.456	0	0.001	0.001
12	98523351	M2970	0	0.001	0.02	0	0.103	0	0	0	0.001	0
10	4834949	M2981	0	0	0.029	0	0.112	0	0	0	0.001	0
8	95580437	M2972	0	0	0.057	0.001	0	0.001	0	0	0	0
18	55728137	M2936	0	0.001	0	0.001	0	0.001	0	0.001	0	0.481
8	52974369	M2943	0	0.001	0	0	0	0	0	0.001	0.001	0.461
