#chrom	pos	desc	normal	sample1	sample2	sample3	sample4	sample5	sample6	sample7	sample8	sample9
17	29024766	M2956	0	0.2087	0.2231	0.0004	0.0003	0.0001	0.0003	0.0004	0.0004	0.0003
22	16343570	M2933	0	0.4407	0.4078	0.0005	0.0004	0.0005	0.0008	0.4258	0.1937	0.0005
20	55332278	M2975	0	0.0003	0.0001	0.4386	0.0001	0.0005	0.0003	0.0003	0.0006	0.0003
11	111466035	M2939	0	0.0003	0.0002	0.0002	0.0004	0.4868	0.0003	0.0003	0.0003	0
7	146309321	M2965	0	0.0001	0.2188	0.0002	0	0.0003	0.0004	0.0003	0	0.0003
4	125675939	M2952	0	0.4382	0.223	0.0001	0.0004	0.0005	0.0002	0.0003	0.2004	0.0003
15	63741989	M2935	0	0.0543	0.0001	0.0003	0.3219	0.0004	0.4526	0.0005	0.0003	0.0003
16	45833151	M2924	0	0.0003	0.0002	0.0002	0.0001	0.0004	0	0.0002	0.0005	0.4497
8	86769188	M2922	0	0.0565	0.0981	0.6136	0.4808	0.0003	0.4491	0.0006	0.0003	0.0006
14	26152401	M2957	0	0.0004	0.0004	0.0002	0.0001	0.0001	0.0005	0.0005	0.2541	0.0006
4	39907346	M2949	0	0.0004	0.2027	0.0005	0.0001	0.0002	0.0004	0.0004	0.0008	0.0004
3	48265839	M2977	0	0.0005	0.1379	0.0003	0.0002	0.0004	0.0002	0.0004	0.0005	0.0003
22	2915942	M2932	0	0.0005	0.0005	0.0002	0.0006	0.0001	0.0002	0.0005	0.0002	0.4589
10	84242036	M2926	0	0.051	0.056	0.0005	0.3217	0.0004	0.4694	0.0002	0.0003	0.0002
17	27912738	M2918	0	0.4888	0.4947	0.4406	0.4335	0.4808	0.4637	0.4256	0.4506	0.0001
15	28325421	M2925	0	0.0007	0.0002	0.0003	0.0003	0.4828	0.0004	0.0002	0.0007	0.0004
3	12738074	M2953	0	0.0005	0.0004	0.0006	0.0002	0.0002	0.4613	0.0005	0.0006	0.0005
12	98523351	M2970	0	0.0004	0.0216	0.0003	0.1038	0.0004	0.0006	0.0002	0.0002	0.0004
10	4834949	M2981	0	0.0002	0.0223	0.0002	0.1114	0.0002	0.0003	0.0005	0.0003	0.0001
8	95580437	M2972	0	0.0004	0.0563	0.0002	0.0006	0.0004	0.0002	0	0.0006	0.0004
18	55728137	M2936	0	0.0003	0.0003	0.0003	0.0001	0.0005	0.0003	0.0002	0.0008	0.4448
8	52974369	M2943	0	0.0003	0.0003	0.0006	0.0003	0.0008	0.0004	0.0002	0.0003	0.4618
