#chrom	pos	desc	normal	sample1	sample2	sample3	sample4	sample5	sample6	sample7	sample8	sample9
17	29024766	M2956	0	0.2135	0.2182	0	0	0	0	0	0	0
22	16343570	M2933	0	0.4426	0.4081	0	0	0	0	0.4238	0.1938	0
20	55332278	M2975	0	0	0	0.4434	0	0	0	0	0	0
11	111466035	M2939	0	0	0	0	0	0.4867	0	0	0	0
7	146309321	M2965	0	0	0.2182	0	0	0	0	0	0	0
4	125675939	M2952	0	0.4426	0.2182	0	0	0	0	0	0.1938	0
15	63741989	M2935	0	0.054	0	0	0.3205	0	0.4579	0	0	0
16	45833151	M2924	0	0	0	0	0	0	0	0	0	0.4567
8	86769188	M2922	0	0.054	0.0987	0.6143	0.4805	0	0.4579	0	0	0
14	26152401	M2957	0	0	0	0	0	0	0	0	0.2565	0
4	39907346	M2949	0	0	0.1899	0	0	0	0	0	0	0
3	48265839	M2977	0	0	0.1349	0	0	0	0	0	0	0
22	2915942	M2932	0	0	0	0	0	0	0	0	0	0.4567
10	84242036	M2926	0	0.054	0.0568	0	0.3205	0	0.4579	0	0	0
17	27912738	M2918	0	0.4967	0.4869	0.4434	0.4258	0.4867	0.4579	0.4238	0.4503	0
15	28325421	M2925	0	0	0	0	0	0.4867	0	0	0	0
3	12738074	M2953	0	0	0	0	0	0	0.4579	0	0	0
12	98523351	M2970	0	0	0.0221	0	0.1052	0	0	0	0	0
10	4834949	M2981	0	0	0.0221	0	0.1052	0	0	0	0	0
8	95580437	M2972	0	0	0.0555	0	0	0	0	0	0	0
18	55728137	M2936	0	0	0	0	0	0	0	0	0	0.4567
8	52974369	M2943	0	0	0	0	0	0	0	0	0	0.4567
