#chrom	pos	desc	normal	sample1	sample2	sample3	sample4	sample5	sample6	sample7	sample8	sample9	sample10	sample11	sample12	sample13	sample14
17	29024766	M2956	0	0.0003	0.0003	0.0005	0.0007	0.0001	0.1865	0.0006	0.0004	0.0004	0.0004	0.0003	0.0003	0.0005	0.0003
22	16343570	M2933	0	0.0003	0.0122	0.0004	0.4127	0.4613	0.1822	0.0002	0.383	0.0005	0.4773	0.0002	0.3496	0.0004	0.0002
17	29004840	M2962	0	0.0007	0.0005	0.0004	0.4013	0.0002	0.0005	0.0006	0.0004	0.0005	0.0005	0.0002	0.0002	0.0004	0.0007
4	122723354	M2948	0	0.0001	0.0001	0.0002	0.0002	0.0003	0.0002	0.0003	0.0007	0.1373	0.0003	0.0002	0.0668	0.0004	0.0003
16	45833151	M2924	0	0.0003	0.2081	0.4871	0.0003	0.0001	0.0004	0.1395	0.0006	0.3861	0.0002	0.1776	0.0673	0.4735	0.4146
8	86769188	M2922	0	0.0006	0.0003	0.0125	0.0822	0.0008	0.0743	0.1525	0.0003	0.0003	0.0004	0.1194	0	0.0004	0.0106
4	39907346	M2949	0	0.0001	0.0137	0.0004	0.0004	0.0001	0.0004	0.0003	0.0006	0.0003	0.0004	0.0005	0.0003	0.0003	0.0004
12	98523351	M2970	0	0.0003	0.0004	0.0003	0.0432	0.0006	0.0006	0.0824	0.0004	0.0001	0	0.0004	0.0004	0.0002	0.0001
10	4834949	M2981	0	0.0003	0.0004	0.0002	0.0441	0.0001	0.0002	0.0004	0.0002	0.0004	0.0006	0.0003	0.0004	0.0003	0.0004
18	55728137	M2936	0	0.0002	0.2036	0.3278	0.0001	0.0001	0.0004	0.1436	0.0001	0.2484	0.0003	0.0003	0	0.0003	0.4198
8	52974369	M2943	0	0.0002	0.1709	0.1674	0.0004	0.0007	0.0004	0.0002	0.0004	0.1384	0.0002	0.0003	0.0007	0.0005	0.2633
13	34218070	M2978	0	0.0002	0.0002	0.0006	0.0003	0.4624	0.0002	0.0002	0.0002	0.0004	0	0.0002	0.0006	0.0005	0.0003
16	56837485	M2967	0	0.0002	0.0002	0.1348	0.0006	0	0.0007	0.1439	0.0004	0.1129	0.0005	0.0004	0.0004	0.0003	0.0004
6	28805302	M2938	0	0.0002	0.0004	0.0002	0.0005	0.0004	0.0003	0.0005	0.0004	0.0003	0.0003	0.2185	0.0005	0.0004	0.0005
11	111466035	M2939	0	0.0007	0.0004	0.0002	0.0005	0.0004	0.1616	0.0001	0.0006	0.0001	0.0003	0.0006	0.0002	0.0004	0.0002
20	55332278	M2975	0	0.0006	0.0002	0.0009	0	0.0006	0.0002	0.0003	0.0005	0.0007	0.0006	0.0459	0.0005	0.0002	0.0004
4	125675939	M2952	0	0.0002	0.0004	0.0002	0.4141	0.4681	0.1831	0.0004	0.0002	0.0004	0.0002	0.0004	0.0003	0.0001	0.0007
18	49582545	M2940	0	0.0004	0.0003	0.0003	0.0002	0.0003	0.0573	0.0003	0.0004	0.0002	0.0001	0.0004	0.0001	0.0002	0.0006
14	26152401	M2957	0	0.0005	0.212	0.0003	0.0007	0.0003	0.0006	0.243	0.0003	0	0.0002	0.0004	0.0005	0.0004	0.0002
9	124160528	M2966	0	0.0004	0.0002	0.0002	0.4085	0	0.0003	0.0009	0.0004	0.0002	0.0001	0.0003	0.0001	0.0001	0.0001
22	2915942	M2932	0	0.0004	0.2097	0.3347	0.0002	0.0001	0.0002	0.1454	0.0005	0.2498	0.0002	0.0003	0.0003	0.4783	0.4173
10	84242036	M2926	0	0.0004	0.0003	0.0001	0.0004	0.0002	0.0002	0.0003	0.0002	0.0005	0.0006	0.0216	0.0006	0.0003	0.0003
19	150057	M2954	0	0.0003	0.0004	0.0003	0.0001	0.0005	0.0003	0.0002	0	0.0002	0.0005	0.0002	0.0003	0.0003	0.1553
17	27912738	M2918	0	0.4756	0.2183	0.0079	0.4456	0.4717	0.4249	0.3143	0.3907	0.0203	0.4812	0.071	0.344	0.0004	0.0046
15	28325421	M2925	0	0.0004	0.0005	0.0005	0.0006	0.0003	0.1649	0.0005	0.0003	0.0221	0.0003	0.0001	0.0003	0.0002	0.0005
9	55075143	M2944	0	0.0004	0.0003	0.0005	0.0002	0.0002	0.0001	0.0002	0.0239	0.0003	0.0002	0.0006	0.0001	0.0005	0.0003
20	245020	M2934	0	0.0005	0.0003	0.0005	0.0002	0.0001	0.0001	0.0005	0.0002	0.0214	0.0005	0.0003	0.0003	0.0001	0.0004
8	21566727	M2968	0	0.0004	0.0005	0.0002	0.0004	0.0002	0.0005	0.0004	0.0004	0	0.0006	0.2195	0.0008	0.0006	0.0002
9	136229496	M2976	0	0.0001	0.0001	0.0002	0.0007	0.0001	0.0003	0.0003	0.0001	0.1348	0.0001	0.0002	0.0003	0.0002	0.0001
