#chrom	pos	desc	normal	sample1	sample2	sample3	sample4	sample5	sample6	sample7	sample8	sample9	sample10	sample11	sample12	sample13	sample14
17	29024766	M2956	0	0.001	0	0	0.001	0	0.201	0	0	0	0.001	0	0	0	0
22	16343570	M2933	0	0	0.015	0	0.421	0.462	0.17	0	0.392	0	0.464	0	0.344	0	0
17	29004840	M2962	0	0	0	0.001	0.4	0	0.001	0	0.001	0	0.001	0	0	0.001	0
4	122723354	M2948	0	0	0	0	0	0	0	0	0.002	0.154	0	0	0.063	0.001	0
16	45833151	M2924	0	0	0.196	0.469	0	0	0	0.137	0	0.386	0.001	0.169	0.059	0.49	0.403
8	86769188	M2922	0	0	0	0.013	0.087	0.001	0.082	0.147	0.001	0	0.001	0.101	0	0.001	0.011
4	39907346	M2949	0	0.001	0.01	0.001	0	0	0	0	0	0	0	0	0	0	0
12	98523351	M2970	0	0	0	0	0.042	0	0.001	0.082	0	0	0	0.001	0	0.001	0
10	4834949	M2981	0	0	0	0	0.036	0.001	0	0.001	0.002	0	0	0	0	0	0
18	55728137	M2936	0	0	0.201	0.374	0.001	0	0	0.148	0.001	0.251	0	0	0	0	0.414
8	52974369	M2943	0	0.001	0.172	0.163	0.002	0	0.001	0	0	0.117	0	0	0	0	0.255
13	34218070	M2978	0	0	0	0	0	0.491	0	0	0	0.001	0.001	0	0	0	0
16	56837485	M2967	0	0.001	0	0.138	0	0.001	0	0.15	0	0.121	0.001	0	0	0	0.001
6	28805302	M2938	0	0	0	0	0.001	0	0	0.001	0	0	0	0.202	0	0.001	0
11	111466035	M2939	0	0	0	0	0.002	0.001	0.166	0	0	0.001	0	0	0.001	0.003	0
20	55332278	M2975	0	0	0	0	0	0.001	0	0	0	0	0	0.039	0	0	0
4	125675939	M2952	0	0	0.002	0.001	0.413	0.448	0.171	0	0	0	0	0	0.001	0	0
18	49582545	M2940	0	0	0	0	0	0	0.07	0	0	0.001	0	0	0	0.002	0
14	26152401	M2957	0	0	0.207	0	0	0	0	0.235	0	0	0	0	0	0.001	0
9	124160528	M2966	0	0	0.001	0	0.434	0	0.001	0	0	0	0	0	0	0	0.001
22	2915942	M2932	0	0	0.199	0.354	0.001	0	0	0.137	0	0.236	0.001	0.001	0	0.469	0.412
10	84242036	M2926	0	0	0.001	0	0.001	0	0.002	0	0.001	0	0	0.017	0	0	0
19	150057	M2954	0	0	0	0	0.001	0.001	0	0	0	0	0	0	0	0	0.133
17	27912738	M2918	0	0.482	0.214	0.007	0.421	0.447	0.411	0.318	0.411	0.022	0.497	0.061	0.318	0	0.009
15	28325421	M2925	0	0	0	0	0	0.001	0.171	0	0	0.018	0	0	0	0	0.001
9	55075143	M2944	0	0.001	0.003	0	0.001	0	0	0	0.03	0	0	0	0	0	0.001
20	245020	M2934	0	0.001	0	0.001	0	0.001	0.003	0	0	0.025	0	0	0	0.001	0.001
8	21566727	M2968	0	0	0.001	0.001	0	0.001	0	0.001	0	0	0	0.202	0.001	0.001	0
9	136229496	M2976	0	0	0	0	0	0.001	0	0.001	0	0.131	0.001	0.001	0	0	0
