#chrom	pos	desc	normal	sample1	sample2	sample3	sample4	sample5	sample6	sample7	sample8	sample9	sample10	sample11	sample12	sample13	sample14
17	29024766	M2956	0	0	0	0	0	0	0.1826	0	0	0	0	0	0	0	0
22	16343570	M2933	0	0	0.011	0	0.4079	0.4702	0.1826	0	0.3894	0	0.476	0	0.3452	0	0
17	29004840	M2962	0	0	0	0	0.4079	0	0	0	0	0	0	0	0	0	0
4	122723354	M2948	0	0	0	0	0	0	0	0	0	0.1331	0	0	0.0626	0	0
16	45833151	M2924	0	0	0.2051	0.4895	0	0	0	0.1454	0	0.3815	0	0.1807	0.0626	0.4829	0.4142
8	86769188	M2922	0	0	0	0.0148	0.0814	0	0.0747	0.1547	0	0	0	0.1102	0	0	0.0108
4	39907346	M2949	0	0	0.011	0	0	0	0	0	0	0	0	0	0	0	0
12	98523351	M2970	0	0	0	0	0.0424	0	0	0.0839	0	0	0	0	0	0	0
10	4834949	M2981	0	0	0	0	0.0424	0	0	0	0	0	0	0	0	0	0
18	55728137	M2936	0	0	0.2051	0.3381	0	0	0	0.1454	0	0.2484	0	0	0	0	0.4142
8	52974369	M2943	0	0	0.1702	0.1718	0	0	0	0	0	0.1377	0	0	0	0	0.2675
13	34218070	M2978	0	0	0	0	0	0.4702	0	0	0	0	0	0	0	0	0
16	56837485	M2967	0	0	0	0.1306	0	0	0	0.1454	0	0.1107	0	0	0	0	0
6	28805302	M2938	0	0	0	0	0	0	0	0	0	0	0	0.2156	0	0	0
11	111466035	M2939	0	0	0	0	0	0	0.1687	0	0	0	0	0	0	0	0
20	55332278	M2975	0	0	0	0	0	0	0	0	0	0	0	0.0459	0	0	0
4	125675939	M2952	0	0	0	0	0.4079	0.4702	0.1826	0	0	0	0	0	0	0	0
18	49582545	M2940	0	0	0	0	0	0	0.0572	0	0	0	0	0	0	0	0
14	26152401	M2957	0	0	0.2079	0	0	0	0	0.2393	0	0	0	0	0	0	0
9	124160528	M2966	0	0	0	0	0.4079	0	0	0	0	0	0	0	0	0	0
22	2915942	M2932	0	0	0.2051	0.3381	0	0	0	0.1454	0	0.2484	0	0	0	0.4829	0.4142
10	84242036	M2926	0	0	0	0	0	0	0	0	0	0	0	0.0235	0	0	0
19	150057	M2954	0	0	0	0	0	0	0	0	0	0	0	0	0	0	0.1533
17	27912738	M2918	0	0.4728	0.2189	0.0075	0.4503	0.4702	0.4176	0.3231	0.3894	0.0221	0.476	0.0693	0.3452	0	0.0054
15	28325421	M2925	0	0	0	0	0	0	0.1687	0	0	0.0221	0	0	0	0	0
9	55075143	M2944	0	0	0	0	0	0	0	0	0.0263	0	0	0	0	0	0
20	245020	M2934	0	0	0	0	0	0	0	0	0	0.0221	0	0	0	0	0
8	21566727	M2968	0	0	0	0	0	0	0	0	0	0	0	0.2156	0	0	0
9	136229496	M2976	0	0	0	0	0	0	0	0	0	0.1331	0	0	0	0	0
