#chrom	pos	desc	normal	sample1	sample2	sample3	sample4	sample5	sample6	sample7	sample8	sample9
14	33610044	M8349	0	0.013	0.144	0.002	0	0.013	0	0.001	0.001	0
11	115404569	M8352	0	0	0	0.1	0	0.379	0	0.51	0.001	0
21	38130198	M8373	0	0	0.001	0.161	0	0.002	0	0	0	0
2	217869688	M8363	0	0	0	0	0.169	0	0	0.001	0.177	0
4	181833362	M8353	0	0	0.001	0	0	0	0	0	0.057	0.001
13	104912376	M8346	0	0	0	0	0.176	0	0	0	0.172	0
4	75408086	M8369	0	0.001	0.001	0	0	0	0	0	0.172	0.001
6	162610427	M8380	0	0	0	0	0.001	0.303	0.001	0.498	0.001	0
1	188912066	M8354	0	0.481	0	0.001	0.082	0.001	0.467	0	0	0
10	73864396	M8336	0	0	0	0.326	0	0.346	0	0.461	0	0.364
7	25863720	M8347	0	0	0	0.311	0	0.417	0	0.473	0.001	0.36
9	116305065	M8370	0	0.475	0	0	0.071	0	0.493	0.001	0.001	0
5	57428083	M8366	0	0.014	0	0.001	0	0.009	0	0	0	0
7	17424819	M8351	0	0.001	0.275	0.181	0	0	0	0.002	0	0
16	56779980	M8330	0	0	0	0.325	0.001	0.402	0	0.476	0	0.366
20	16257638	M8379	0	0	0.001	0.196	0	0.001	0.001	0	0	0.363
8	121692568	M8381	0	0	0	0.001	0.185	0.001	0.001	0	0.175	0
18	69242340	M8356	0	0.016	0	0	0.001	0.009	0	0	0	0
5	162195276	M8359	0	0	0	0.073	0.001	0.084	0.001	0	0	0
16	47244019	M8333	0	0.46	0.001	0.001	0.265	0.001	0.49	0	0.166	0
15	7800122	M8367	0	0.001	0	0.074	0.001	0.106	0	0	0.001	0.001
23	40100445	M8334	0	0	0.001	0	0.168	0	0	0	0.161	0.001
16	52702239	M8378	0	0.164	0.001	0.001	0.098	0	0.001	0	0	0
