#chrom	pos	desc	normal	sample1	sample2	sample3	sample4	sample5	sample6	sample7	sample8	sample9
14	33610044	M8349	0	0.0167	0.1433	0.0004	0.0002	0.0119	0.0001	0.0004	0.0003	0.0004
11	115404569	M8352	0	0.0003	0.0003	0.0917	0.0004	0.3858	0.0002	0.4946	0.0006	0.0003
21	38130198	M8373	0	0.0004	0.0002	0.1732	0.0005	0.0002	0.0001	0.0002	0.0004	0.0001
2	217869688	M8363	0	0.0005	0.0002	0	0.1746	0.0002	0.0002	0.0002	0.1691	0.0004
4	181833362	M8353	0	0.0003	0.0003	0.0005	0.0004	0.0001	0.0003	0.0006	0.0608	0.0001
13	104912376	M8346	0	0.0002	0.0003	0.0002	0.1715	0.0002	0.0001	0.0002	0.1651	0.0002
4	75408086	M8369	0	0.0004	0.0003	0.0002	0.0002	0.0002	0.0003	0.0004	0.1619	0.0003
6	162610427	M8380	0	0.0003	0.0005	0.0007	0	0.2903	0.0001	0.4887	0.0003	0
1	188912066	M8354	0	0.4569	0.0003	0.0005	0.0855	0.0002	0.4726	0.0004	0.0005	0.0006
10	73864396	M8336	0	0.0004	0	0.3219	0.0003	0.3911	0.0003	0.4913	0.0002	0.354
7	25863720	M8347	0	0.0002	0.0002	0.3178	0.0001	0.3922	0.0002	0.4838	0.0003	0.3549
9	116305065	M8370	0	0.4568	0.0004	0.0002	0.0899	0.0002	0.4787	0.0002	0.0001	0.0003
5	57428083	M8366	0	0.0164	0.0001	0.0005	0.0004	0.01	0.0003	0	0.0005	0.0001
7	17424819	M8351	0	0.0003	0.2572	0.1717	0.0007	0.0006	0.0003	0.0003	0.0007	0.0002
16	56779980	M8330	0	0.0005	0.0001	0.3186	0.0003	0.3898	0.0007	0.4879	0.0007	0.3636
20	16257638	M8379	0	0.0003	0.0003	0.2286	0.0002	0.0004	0	0.0004	0.0002	0.3628
8	121692568	M8381	0	0.0002	0.0003	0.0001	0.168	0.0003	0.0005	0.0005	0.1659	0.0005
18	69242340	M8356	0	0.0176	0.0004	0	0.0003	0.011	0.0002	0.0001	0.0001	0.0004
5	162195276	M8359	0	0.0001	0.0004	0.0967	0.0003	0.1019	0.0004	0.0003	0.0003	0.0006
16	47244019	M8333	0	0.4591	0.0002	0.0003	0.2562	0.0004	0.4833	0.0007	0.1661	0.0003
15	7800122	M8367	0	0.0002	0.0004	0.0799	0.0007	0.0991	0.0003	0.0002	0.0003	0.0002
23	40100445	M8334	0	0	0.0003	0.0003	0.1756	0.0004	0.0003	0.0001	0.168	0.0003
16	52702239	M8378	0	0.1616	0.0004	0.0003	0.0911	0.0003	0.0006	0.0005	0.0009	0.0005
