#chrom	pos	desc	normal	sample1	sample2	sample3	sample4	sample5	sample6	sample7	sample8	sample9
14	33610044	M8349	0	0.0165	0.1497	0	0	0.0111	0	0	0	0
11	115404569	M8352	0	0	0	0.0904	0	0.3904	0	0.4888	0	0
21	38130198	M8373	0	0	0	0.1727	0	0	0	0	0	0
2	217869688	M8363	0	0	0	0	0.1715	0	0	0	0.1684	0
4	181833362	M8353	0	0	0	0	0	0	0	0	0.0579	0
13	104912376	M8346	0	0	0	0	0.1715	0	0	0	0.1684	0
4	75408086	M8369	0	0	0	0	0	0	0	0	0.158	0
6	162610427	M8380	0	0	0	0	0	0.2958	0	0.4888	0	0
1	188912066	M8354	0	0.4555	0	0	0.0875	0	0.4821	0	0	0
10	73864396	M8336	0	0	0	0.3181	0	0.3904	0	0.4888	0	0.3592
7	25863720	M8347	0	0	0	0.3181	0	0.3904	0	0.4888	0	0.3592
9	116305065	M8370	0	0.4555	0	0	0.0875	0	0.4821	0	0	0
5	57428083	M8366	0	0.0165	0	0	0	0.0111	0	0	0	0
7	17424819	M8351	0	0	0.2656	0.1727	0	0	0	0	0	0
16	56779980	M8330	0	0	0	0.3181	0	0.3904	0	0.4888	0	0.3592
20	16257638	M8379	0	0	0	0.2277	0	0	0	0	0	0.3592
8	121692568	M8381	0	0	0	0	0.1715	0	0	0	0.1684	0
18	69242340	M8356	0	0.0165	0	0	0	0.0111	0	0	0	0
5	162195276	M8359	0	0	0	0.0904	0	0.0946	0	0	0	0
16	47244019	M8333	0	0.4555	0	0	0.259	0	0.4821	0	0.1684	0
15	7800122	M8367	0	0	0	0.0771	0	0.0935	0	0	0	0
23	40100445	M8334	0	0	0	0	0.1715	0	0	0	0.1684	0
16	52702239	M8378	0	0.1659	0	0	0.0875	0	0	0	0	0
