#chrom	pos	desc	normal	sample1	sample2	sample3	sample4	sample5	sample6	sample7	sample8	sample9	sample10	sample11	sample12	sample13	sample14
15	67735825	M8361	0	0	0	0	0	0	0	0	0	0.1726	0	0	0	0	0.2012
11	115404569	M8352	0	0.0996	0	0	0	0	0	0	0.0772	0	0	0	0	0	0
4	75408086	M8369	0	0	0	0.121	0	0	0	0	0	0	0.1144	0	0	0	0
13	104912376	M8346	0	0	0	0	0	0	0	0.4688	0	0.2806	0.0952	0	0	0.1716	0.1093
8	36956489	M8345	0	0	0.0825	0	0	0	0	0	0.1447	0	0	0	0.1001	0.1264	0
7	73844965	M8372	0	0	0	0	0	0	0	0	0	0	0	0	0	0.1716	0.1093
1	113706346	M8365	0	0	0.1392	0	0	0.4947	0	0	0.251	0	0	0	0	0	0
10	73864396	M8336	0	0.0996	0	0.1052	0.084	0	0.0732	0	0.0772	0	0.0936	0	0	0	0.1104
18	25381655	M8384	0	0	0.1517	0.1474	0	0	0	0	0	0	0	0	0.1854	0	0
7	38328407	M8355	0	0	0.0716	0	0	0	0	0	0.1447	0	0	0	0.0845	0.1264	0
7	17424819	M8351	0	0.1942	0	0.0697	0.3936	0	0.3398	0	0	0	0	0	0	0.1413	0
20	16257638	M8379	0	0	0	0.1052	0	0	0	0	0	0	0.1025	0	0	0	0.1104
5	162195276	M8359	0	0.0996	0	0	0	0	0	0	0.0772	0	0	0	0	0	0
15	7800122	M8367	0	0.0834	0	0	0	0	0	0	0.0617	0	0	0	0	0	0
23	40100445	M8334	0	0	0	0	0	0	0	0.4688	0	0.2806	0.0952	0	0	0.1716	0.1093
16	52702239	M8378	0	0.1201	0	0	0	0	0	0	0	0	0	0	0	0	0
10	55936862	M8382	0	0	0	0.1486	0	0	0	0	0	0	0.1432	0	0	0	0
14	33610044	M8349	0	0	0	0	0	0	0	0	0	0	0	0.4211	0.1262	0	0
21	38130198	M8373	0	0.1942	0	0.08	0.21	0	0.1817	0	0	0	0	0	0	0	0
2	217869688	M8363	0	0	0	0	0	0	0	0	0	0.2806	0.0952	0	0	0	0
4	181833362	M8353	0	0	0.1517	0.1474	0	0	0	0	0	0	0	0	0.1854	0	0
7	148571947	M8383	0	0	0	0	0.21	0	0.1817	0	0	0	0	0	0	0	0
1	188912066	M8354	0	0.1201	0	0	0	0	0	0	0	0	0	0	0	0	0
7	33592418	M8376	0	0	0	0	0	0	0	0	0	0.1726	0	0	0	0	0.0466
7	25863720	M8347	0	0.0996	0	0.0917	0.084	0	0.0732	0	0.0772	0	0.1025	0	0	0	0.1104
9	116305065	M8370	0	0.1201	0	0	0	0	0	0	0	0	0	0	0	0	0
16	56779980	M8330	0	0.0996	0.0825	0.1052	0.084	0	0.0732	0	0.2218	0	0.1025	0	0.1001	0.1264	0.1104
8	121692568	M8381	0	0	0	0	0	0	0	0	0	0	0.0952	0	0	0	0
18	69242340	M8356	0	0	0	0	0	0	0	0	0	0	0	0.4211	0.1262	0	0
16	47244019	M8333	0	0.1201	0.0717	0	0	0	0	0.4688	0	0.4532	0.0952	0	0	0.1716	0.3105
