#chrom	pos	desc	normal	sample1	sample2	sample3	sample4	sample5	sample6	sample7	sample8	sample9
10	81911300	M4060	0	0	0	0	0.04	0.039	0	0	0.002	0
16	85786743	M4130	0	0	0.002	0	0.043	0	0	0	0	0.001
20	22527649	M4000	0	0.001	0	0	0.219	0.002	0	0	0.001	0
8	23966409	M4071	0	0.012	0	0	0.001	0	0	0.001	0.001	0
15	94425623	M3986	0	0	0	0	0	0.011	0	0	0.002	0
14	88357926	M3982	0	0.446	0.447	0.525	0.479	0.43	0.413	0.419	0.391	0
12	5458432	M4048	0	0.263	0	0.001	0	0	0	0	0	0
4	47463884	M4033	0	0	0.002	0.001	0	0	0	0	0	0.418
13	78073396	M4038	0	0.011	0	0	0.002	0.073	0.001	0	0	0
1	138531623	M3997	0	0.017	0	0	0	0.062	0	0	0	0
23	23233978	M4101	0	0	0.248	0.001	0	0	0.001	0	0	0
21	2033119	M4090	0	0	0	0	0.189	0.003	0.001	0	0.001	0
4	13448309	M4047	0	0	0	0.001	0	0	0.418	0	0	0
11	6109005	M4093	0	0	0.002	0.22	0	0	0	0	0	0.002
17	65096081	M4034	0	0	0.001	0	0.012	0	0	0.001	0	0
11	6253948	M4143	0	0	0	0.001	0	0	0	0	0.084	0
5	101373998	M3985	0	0.429	0.26	0.001	0.421	0.43	0.39	0.252	0.294	0
17	20999038	M4009	0	0	0	0	0	0	0.001	0	0.108	0
4	39908030	M4058	0	0	0	0.486	0	0.003	0.001	0	0.001	0
8	103977747	M4144	0	0.001	0.001	0.001	0	0	0.405	0	0	0
10	43921638	M4016	0	0	0.001	0	0.001	0.001	0.003	0	0.089	0
12	92431159	M4026	0	0	0.195	0	0	0	0	0	0	0
17	16857627	M4078	0	0	0	0	0	0.007	0	0	0	0.001
1	65851816	M3983	0	0.449	0.265	0.001	0.418	0.399	0.375	0.209	0.301	0.001
13	28717133	M4139	0	0.001	0.206	0.001	0	0	0	0	0	0.001
5	145218929	M4013	0	0.239	0.001	0	0.197	0.001	0	0	0.189	0
23	13470582	M4085	0	0.009	0	0.001	0	0.001	0	0	0.001	0
22	6163782	M4004	0	0.001	0	0	0.054	0.036	0	0	0.117	0
13	85342239	M4111	0	0	0	0.001	0	0.347	0	0.001	0.001	0
8	48686224	M4015	0	0.001	0.264	0	0	0	0	0	0.001	0
1	191045793	M4123	0	0	0.193	0.001	0.001	0	0	0	0	0
22	19354900	M4031	0	0.001	0.001	0	0.001	0	0	0	0.087	0
19	16018181	M4041	0	0.001	0	0	0	0	0.001	0.001	0.122	0
1	239738995	M4039	0	0	0.001	0	0	0.337	0	0	0	0
23	30558889	M4025	0	0.235	0.001	0	0.208	0	0.001	0	0.208	0.001
8	127696470	M3984	0	0	0	0	0.001	0.014	0	0	0.001	0
3	113072203	M4045	0	0	0.001	0	0.219	0	0.002	0.001	0	0
12	1282862	M3995	0	0	0.001	0.507	0	0	0.002	0.167	0.001	0
16	25912568	M4040	0	0	0.259	0.001	0	0	0	0.001	0	0
22	12271102	M4008	0	0.237	0	0.002	0.19	0	0.001	0	0.305	0
17	2239482	M3988	0	0.015	0.245	0	0.195	0.425	0.423	0	0.001	0.001
12	100058399	M4023	0	0.003	0.001	0	0.001	0.001	0	0	0.124	0.001
13	49875788	M4001	0	0.225	0	0.001	0.205	0	0	0.002	0.304	0
3	146670544	M4142	0	0	0	0	0	0	0	0.001	0.21	0.001
1	164662737	M4057	0	0	0	0	0.001	0.001	0.001	0.243	0	0.001
