#chrom	pos	desc	normal	sample1	sample2	sample3	sample4	sample5	sample6	sample7	sample8	sample9	sample10	sample11	sample12	sample13	sample14
10	81911300	M4060	0	0.001	0.041	0.001	0	0.002	0	0	0	0	0.137	0.001	0	0	0.001
21	32467069	M4104	0	0.001	0.001	0	0	0	0.086	0	0.001	0	0	0.001	0	0	0
15	94425623	M3986	0	0	0	0	0	0.174	0.001	0.001	0	0.001	0.271	0.02	0.001	0	0.49
8	23966409	M4071	0	0	0.001	0	0	0.001	0	0.133	0	0	0.001	0	0	0	0
5	76699461	M4083	0	0.001	0	0.001	0.001	0	0	0.053	0.467	0	0.001	0.001	0.001	0.001	0
14	88357926	M3982	0	0.415	0.492	0.451	0.495	0.505	0.402	0.457	0.469	0.405	0.443	0.504	0.449	0.4	0.477
6	144382481	M4127	0	0	0	0	0	0	0.001	0.166	0	0.302	0	0.002	0	0	0
1	138531623	M3997	0	0.083	0	0	0.001	0	0	0.227	0	0	0	0.001	0.068	0	0
21	2033119	M4090	0	0	0	0.219	0.001	0	0	0	0	0	0	0.002	0	0	0
2	149131499	M4014	0	0	0	0	0	0	0.001	0	0.001	0.099	0.002	0.147	0	0	0
3	129597055	M4145	0	0	0	0.001	0	0	0	0.076	0.001	0	0.001	0	0	0	0
11	16928624	M4087	0	0	0	0.002	0	0.084	0	0.001	0	0.001	0.002	0	0	0	0.001
5	101373998	M3985	0	0.431	0.447	0.422	0.253	0.227	0.41	0.376	0.001	0.318	0.014	0.315	0.429	0	0.008
4	39908030	M4058	0	0	0.001	0.001	0.001	0	0	0.056	0.475	0	0.001	0.002	0	0.001	0
23	32357072	M4092	0	0	0	0	0.001	0	0	0.001	0	0	0.023	0	0	0.001	0
9	56658340	M4028	0	0	0	0	0.002	0	0	0.001	0.001	0.097	0.001	0.161	0	0.001	0
8	48686224	M4015	0	0	0	0	0	0	0.051	0	0	0	0.001	0.001	0.001	0.001	0.002
15	77143951	M4095	0	0	0	0.224	0	0	0	0	0	0	0.001	0.001	0.372	0	0
12	86775830	M4149	0	0	0	0	0	0.001	0.002	0.002	0.47	0	0.001	0	0.001	0	0
8	127696470	M3984	0	0	0	0	0	0.189	0.001	0	0	0.001	0.274	0.016	0	0.001	0.48
3	113072203	M4045	0	0	0	0.198	0	0	0	0	0	0	0	0	0	0	0
22	12271102	M4008	0	0.352	0.001	0	0	0.001	0.148	0	0	0	0	0	0	0.001	0.001
8	93537010	M4100	0	0	0	0.001	0	0	0	0.001	0	0.098	0	0	0	0.001	0
5	93896008	M4128	0	0	0.001	0	0	0.001	0	0.001	0	0.001	0	0.142	0.001	0	0
5	53250795	M4066	0	0	0.001	0.241	0	0.001	0.001	0	0	0	0.001	0.001	0.363	0	0.001
1	164662737	M4057	0	0	0	0	0.295	0.001	0.106	0	0	0	0.017	0	0	0.002	0
23	16207235	M4018	0	0	0.001	0	0.001	0	0	0	0.001	0.103	0.001	0.156	0	0	0
20	32939230	M4076	0	0	0	0	0	0.001	0	0	0.001	0	0.165	0	0	0	0
20	22527649	M4000	0	0	0	0.209	0	0	0	0	0	0	0	0	0	0.001	0
2	113379116	M4050	0	0	0	0	0.001	0	0.002	0.084	0	0	0.001	0	0	0	0
4	107114702	M3989	0	0.003	0	0	0.001	0	0	0	0	0	0.002	0.015	0.001	0	0.474
2	43122635	M4135	0	0.001	0.001	0	0.001	0.125	0	0	0	0	0	0	0	0	0
4	136137102	M4107	0	0	0	0	0	0.002	0	0.148	0.002	0.001	0	0.001	0	0	0.001
22	40386131	M4098	0	0.001	0	0	0.001	0.001	0.001	0.057	0	0.001	0.001	0	0	0	0
13	78073396	M4038	0	0.084	0.001	0	0	0	0	0.181	0	0	0	0	0.063	0	0
23	23233978	M4101	0	0	0	0	0.001	0.001	0.032	0	0	0	0.001	0	0.001	0	0
4	13448309	M4047	0	0	0.02	0	0	0.155	0.13	0	0	0.001	0.001	0.001	0	0.001	0
16	86454533	M4152	0	0.001	0	0	0	0.001	0	0.189	0.001	0.31	0	0	0	0	0
17	65096081	M4034	0	0	0.001	0.001	0	0	0	0	0.001	0	0	0.001	0.001	0	0.015
6	42250569	M4052	0	0	0.001	0	0.002	0	0.002	0	0.001	0.002	0.001	0.14	0	0	0
11	117429388	M4125	0	0	0.43	0	0	0	0	0	0.001	0	0.001	0	0	0	0.001
15	17709630	M4096	0	0	0	0	0.001	0.181	0	0.001	0	0	0	0	0	0	0.001
19	77635081	M4029	0	0	0.001	0.002	0	0.001	0	0	0.001	0	0	0.137	0.002	0	0.001
11	11335394	M4134	0	0	0	0.251	0	0	0.001	0.001	0.001	0	0.001	0	0.379	0	0
17	20999038	M4009	0	0	0	0	0.001	0.002	0	0	0	0.105	0.001	0.148	0	0	0.001
12	92431159	M4026	0	0	0	0.001	0.001	0.001	0	0	0	0.001	0	0	0	0.431	0
1	65851816	M3983	0	0.479	0.446	0.437	0.266	0.204	0.395	0.396	0	0.337	0.014	0.302	0.418	0	0.011
8	67914915	M4109	0	0.001	0.001	0	0.001	0	0	0	0.001	0	0.001	0.001	0.001	0.001	0.322
5	145218929	M4013	0	0.36	0	0.001	0	0.001	0.168	0	0	0.001	0.001	0	0.001	0	0
23	13470582	M4085	0	0	0	0	0	0	0.001	0.141	0	0.002	0	0.001	0	0.001	0
22	6163782	M4004	0	0	0.042	0	0.001	0	0	0	0	0.087	0.141	0.141	0	0	0
11	95900885	M4074	0	0.001	0.029	0	0	0.138	0	0	0	0	0	0	0	0	0
1	239738995	M4039	0	0	0.002	0.001	0	0.001	0	0.181	0	0.323	0	0.165	0	0	0
14	20708455	M4089	0	0.266	0.001	0	0	0	0	0	0	0	0	0	0.001	0.001	0.001
23	30558889	M4025	0	0.331	0.001	0.001	0	0	0.161	0	0	0	0	0	0	0.002	0
18	20567527	M4140	0	0	0	0	0	0	0	0	0.001	0	0.271	0	0	0.001	0
12	1282862	M3995	0	0	0.001	0	0	0.083	0	0.042	0.455	0	0	0	0	0	0
16	25912568	M4040	0	0	0	0	0	0	0.052	0	0	0	0.001	0	0	0.001	0.002
17	2239482	M3988	0	0.088	0.48	0.221	0.002	0.209	0.164	0.426	0.002	0.341	0	0.303	0.069	0	0
7	108057067	M4097	0	0	0.025	0	0	0.129	0	0	0	0	0	0	0.001	0	0
23	44506374	M4077	0	0.001	0	0.001	0.001	0	0	0	0.001	0.001	0	0.175	0	0.001	0
13	49875788	M4001	0	0.358	0	0	0	0	0.155	0	0	0.001	0	0.002	0	0	0
3	146670544	M4142	0	0.091	0	0	0.001	0.001	0	0.001	0	0	0	0	0	0	0
