#chrom	pos	desc	normal	sample1	sample2	sample3	sample4	sample5	sample6	sample7	sample8	sample9
10	81911300	M4060	0	0	0	0	0.0386	0.0333	0	0	0	0
16	85786743	M4130	0	0	0	0	0.0319	0	0	0	0	0
20	22527649	M4000	0	0	0	0	0.2134	0	0	0	0	0
8	23966409	M4071	0	0.0112	0	0	0	0	0	0	0	0
15	94425623	M3986	0	0	0	0	0	0.0072	0	0	0	0
14	88357926	M3982	0	0.4605	0.4519	0.4926	0.4681	0.4486	0.4017	0.4252	0.4145	0
12	5458432	M4048	0	0.2407	0	0	0	0	0	0	0	0
4	47463884	M4033	0	0	0	0	0	0	0	0	0	0.4354
13	78073396	M4038	0	0.0112	0	0	0	0.0575	0	0	0	0
1	138531623	M3997	0	0.0112	0	0	0	0.0575	0	0	0	0
23	23233978	M4101	0	0	0.2576	0	0	0	0	0	0	0
21	2033119	M4090	0	0	0	0	0.2134	0	0	0	0	0
4	13448309	M4047	0	0	0	0	0	0	0.4017	0	0	0
11	6109005	M4093	0	0	0	0.2141	0	0	0	0	0	0
17	65096081	M4034	0	0	0	0	0.0065	0	0	0	0	0
11	6253948	M4143	0	0	0	0	0	0	0	0	0.0898	0
5	101373998	M3985	0	0.4605	0.2576	0	0.4295	0.4056	0.4017	0.2401	0.3022	0
17	20999038	M4009	0	0	0	0	0	0	0	0	0.1123	0
4	39908030	M4058	0	0	0	0.4926	0	0	0	0	0	0
8	103977747	M4144	0	0	0	0	0	0	0.4017	0	0	0
10	43921638	M4016	0	0	0	0	0	0	0	0	0.0898	0
12	92431159	M4026	0	0	0.1943	0	0	0	0	0	0	0
17	16857627	M4078	0	0	0	0	0	0.0097	0	0	0	0
1	65851816	M3983	0	0.4605	0.2576	0	0.4295	0.4056	0.4017	0.2026	0.3022	0
13	28717133	M4139	0	0	0.1988	0	0	0	0	0	0	0
5	145218929	M4013	0	0.2407	0	0	0.2095	0	0	0	0.2124	0
23	13470582	M4085	0	0.0112	0	0	0	0	0	0	0	0
22	6163782	M4004	0	0	0	0	0.0386	0.0333	0	0	0.1123	0
13	85342239	M4111	0	0	0	0	0	0.3481	0	0	0	0
8	48686224	M4015	0	0	0.2576	0	0	0	0	0	0	0
1	191045793	M4123	0	0	0.1988	0	0	0	0	0	0	0
22	19354900	M4031	0	0	0	0	0	0	0	0	0.0898	0
19	16018181	M4041	0	0	0	0	0	0	0	0	0.1123	0
1	239738995	M4039	0	0	0	0	0	0.3481	0	0	0	0
23	30558889	M4025	0	0.2407	0	0	0.2095	0	0	0	0.2124	0
8	127696470	M3984	0	0	0	0	0	0.0097	0	0	0	0
3	113072203	M4045	0	0	0	0	0.2134	0	0	0	0	0
12	1282862	M3995	0	0	0	0.4926	0	0	0	0.1851	0	0
16	25912568	M4040	0	0	0.2576	0	0	0	0	0	0	0
22	12271102	M4008	0	0.2407	0	0	0.2095	0	0	0	0.3022	0
17	2239482	M3988	0	0.0112	0.2576	0	0.2134	0.4056	0.4017	0	0	0
12	100058399	M4023	0	0	0	0	0	0	0	0	0.1123	0
13	49875788	M4001	0	0.2407	0	0	0.2095	0	0	0	0.3022	0
3	146670544	M4142	0	0	0	0	0	0	0	0	0.2124	0
1	164662737	M4057	0	0	0	0	0	0	0	0.2401	0	0
