#chrom	pos	desc	normal	sample1	sample2	sample3	sample4	sample5	sample6	sample7	sample8	sample9
2	83507367	M5687	0	0	0	0	0	0	0	0	0	0.1205
13	12092968	M4962	0	0.4926	0.1672	0	0	0	0	0.127	0	0
8	151519418	M5884	0	0	0	0	0	0	0	0	0	0.1205
13	38833634	M3207	0	0.4926	0.1672	0.1914	0.2671	0	0	0.127	0	0
15	67817361	M3441	0	0	0.1077	0.1618	0	0	0	0.0755	0.0771	0
7	139141659	M5961	0	0	0.1062	0	0	0	0	0	0	0
20	19255863	M3243	0	0	0.1077	0.1618	0	0	0	0.0755	0.0835	0
4	23718575	M4607	0	0	0.1077	0.1358	0	0	0	0.0755	0	0
6	153821777	M6475	0	0	0	0	0	0	0	0	0.1019	0
17	28477031	M5302	0	0	0.1316	0	0	0	0	0	0	0
11	35263006	M4771	0	0	0	0	0	0	0	0	0	0.1615
19	25481036	M2891	0	0	0.0142	0	0.1719	0	0	0.1093	0.141	0.1205
12	41707131	M5014	0	0	0.0122	0	0.0262	0	0	0	0	0
13	75251129	M3633	0	0	0	0	0	0	0	0	0.1019	0
10	102216418	M4533	0	0.4926	0.1672	0	0	0	0	0.127	0	0
23	50314512	M5269	0	0	0.0952	0	0	0	0	0	0	0
11	95749775	M5337	0	0	0	0	0	0	0	0	0.1019	0
1	217274454	M5726	0	0	0	0	0	0	0	0	0	0.1809
11	119358236	M5379	0	0	0	0	0	0	0	0	0	0.1192
9	69737953	M4814	0	0	0	0	0	0	0	0	0.0835	0
3	110117789	M3668	0	0	0	0	0	0	0	0	0.0807	0
7	36317455	M4113	0	0	0	0	0	0	0	0	0.1019	0
10	34361197	M5408	0	0.4926	0.1672	0	0	0	0	0.127	0	0
4	185850660	M3755	0	0	0	0	0	0	0	0	0.1019	0
22	9355676	M2899	0	0.2481	0.1906	0.2287	0.1741	0	0	0.1523	0.0715	0.1937
7	129626837	M3104	0	0	0.1062	0.1618	0	0	0	0.0755	0.0683	0
18	80315596	M6220	0	0	0	0.1274	0	0	0	0	0	0
21	3198709	M6480	0	0	0	0	0.142	0	0	0	0	0
10	785898	M4992	0	0	0	0	0	0	0	0	0	0.1353
14	66651911	M2937	0	0	0	0	0	0	0	0	0.3088	0
7	75595769	M4076	0	0	0	0	0	0	0	0	0.1019	0
13	124063158	M4608	0	0	0	0	0	0	0	0	0.0835	0
22	41132906	M2883	0	0	0	0	0	0	0	0	0.1826	0
23	6359690	M6354	0	0	0	0	0.2671	0	0	0	0	0
18	42808890	M4709	0	0.4926	0.1672	0	0	0	0	0.127	0	0
8	124852987	M3088	0	0	0	0	0	0	0	0	0.3088	0
7	119976547	M3403	0	0	0	0	0	0	0	0	0.2155	0
22	18318414	M3272	0	0.2481	0.1159	0.1239	0.1741	0	0	0.0955	0	0
20	61750322	M3219	0	0	0.1077	0.1618	0	0	0	0.0755	0.0706	0
21	9036049	M4713	0	0	0	0	0	0	0	0	0.141	0
1	142635510	M3931	0	0	0	0	0.1457	0	0	0	0.141	0
23	39522967	M3063	0	0.4926	0.1477	0.1697	0.2653	0	0	0.1115	0	0.4791
2	80830679	M5669	0	0	0.1672	0	0	0	0	0.127	0	0
2	45375041	M5278	0	0	0	0	0	0.4151	0	0	0	0
11	97588005	M6108	0	0	0.0142	0	0.0262	0	0	0	0	0
10	63290826	M6323	0	0	0	0	0	0	0	0	0	0.1353
18	41740479	M5421	0	0	0	0	0	0	0	0.1093	0	0
7	88145894	M6438	0	0	0	0	0	0	0	0	0	0.1802
8	6250706	M2973	0	0	0.0142	0	0.1719	0	0	0	0.141	0
21	36947383	M3981	0	0	0	0	0	0	0	0.1093	0	0.1205
16	63845087	M3253	0	0	0	0	0	0	0	0	0	0.3163
7	98539408	M5529	0	0	0.1298	0	0	0	0	0	0	0
13	58986514	M3022	0	0.4926	0.1672	0.1914	0.2671	0	0	0.127	0	0.3163
5	118763375	M2855	0	0	0.0142	0	0.1719	0	0	0.1093	0.141	0.1205
20	32709012	M4133	0	0	0	0	0	0	0	0	0.0861	0
5	108803026	M6273	0	0.4926	0	0	0	0	0	0	0	0
11	80085179	M4083	0	0	0.0142	0	0.0262	0	0	0	0	0
21	50522268	M4889	0	0	0	0	0	0	0	0	0.0835	0
12	52006824	M3400	0	0	0.0122	0	0.1719	0	0	0	0.141	0
22	53825708	M5444	0	0	0	0	0	0	0	0	0	0.1353
10	66960585	M2876	0	0	0.0142	0	0.1719	0	0	0.1093	0.141	0.1205
5	95984968	M6009	0	0	0	0	0	0	0	0	0	0.1809
5	12162265	M5446	0	0	0	0	0	0	0	0	0.065	0
3	46344028	M6526	0	0	0	0.1096	0	0	0	0	0	0
15	18622409	M5287	0	0	0	0	0	0	0	0.1093	0	0.1205
20	29650834	M5455	0	0	0	0	0	0	0	0.1389	0	0
14	82334461	M5294	0	0.4926	0.1648	0	0	0	0	0.127	0	0
12	50784146	M3330	0	0	0.0122	0	0.1719	0	0	0	0.141	0
14	71259772	M3955	0	0	0	0	0	0	0	0	0	0.3163
1	150721612	M3643	0	0	0	0	0	0	0	0	0.0807	0
22	44238577	M2917	0	0.4926	0.2749	0.3532	0.2671	0	0	0.2024	0.0835	0.3163
15	68658135	M2904	0	0.4926	0.2749	0.3532	0.2671	0	0	0.2024	0.0771	0.3163
17	87844626	M3362	0	0	0	0	0	0	0	0	0	0.3163
7	86768991	M4868	0	0	0	0	0.2279	0	0	0	0	0
21	10229181	M3567	0	0	0	0	0	0	0	0	0.1019	0
17	43527435	M5103	0	0	0	0	0	0	0	0	0	0.1809
16	89229188	M2858	0	0	0	0	0	0	0	0	0.1826	0
16	82047292	M3504	0	0	0.1077	0.1435	0	0	0	0.0755	0.0835	0
22	28172812	M3380	0	0	0.0913	0.0825	0.0044	0.4151	0.4181	0.1044	0	0.0024
12	6560166	M3758	0	0	0	0	0	0	0	0	0.0807	0
16	6342066	M4270	0	0	0	0.1274	0	0	0	0	0	0
23	34306082	M5848	0	0	0	0	0.1447	0	0	0	0	0
12	75555403	M4359	0	0	0	0.226	0	0	0	0	0	0
2	47429725	M4416	0	0	0.1316	0	0.0068	0.4151	0.4181	0.1389	0	0.004
3	173738369	M5307	0	0	0	0	0	0	0	0	0.0835	0
15	91949700	M4038	0	0	0	0	0	0	0	0	0.0745	0
16	72939449	M3766	0	0	0.1316	0	0.0068	0.4151	0.4181	0.1389	0	0.004
21	57250220	M5613	0	0	0	0	0	0	0	0	0	0.004
3	57284106	M6569	0	0	0.0142	0	0	0	0	0	0	0
9	118794865	M4004	0	0	0	0	0	0	0	0	0.0745	0
21	6992772	M3864	0	0	0	0.1914	0.2603	0	0	0	0	0
3	31057193	M6016	0	0	0.0142	0	0.0262	0	0	0	0	0
17	4155973	M5703	0	0	0	0	0	0	0	0	0.1019	0
21	21065962	M5558	0	0	0	0.1618	0	0	0	0.0755	0	0
1	41651831	M4203	0	0	0	0	0	0	0	0.1093	0	0.1205
10	39658369	M5815	0	0	0	0	0	0	0	0	0.0807	0
13	45800875	M5139	0	0	0	0	0	0	0	0.1093	0	0.1205
15	20836799	M5513	0	0	0	0	0	0	0	0.1093	0	0
6	158801469	M5188	0	0	0	0	0.2671	0	0	0	0	0
22	23949639	M5497	0	0	0	0	0	0.4151	0	0	0	0
4	15751641	M5576	0	0	0	0	0	0.4151	0	0	0	0
18	18052067	M2935	0	0	0.0142	0	0.1719	0	0	0	0.141	0
12	78779486	M5472	0	0	0	0.113	0	0	0	0	0	0
2	87176931	M3065	0	0	0.1077	0.1618	0	0	0	0.0755	0.0835	0
9	59531089	M2929	0	0	0	0	0	0	0	0	0.1826	0
11	54757191	M4616	0	0.4926	0.1648	0	0	0	0	0.1145	0	0
10	85916222	M4967	0	0	0.0142	0	0.0262	0	0	0	0	0
7	1512535	M6260	0	0	0	0	0	0	0	0.1093	0	0
8	107631000	M4782	0	0	0	0	0.2671	0	0	0	0	0
23	37215027	M5932	0	0	0	0	0	0	0.2948	0	0	0
17	16644083	M3097	0	0	0.1316	0.1274	0.0068	0.4151	0.4181	0.1389	0	0.004
6	59114262	M5540	0	0.4926	0.1672	0	0	0	0	0.127	0	0
19	6700750	M2851	0	0	0	0	0	0	0	0	0.1826	0
9	7908977	M6097	0	0	0	0	0	0	0.2948	0	0	0
19	44263588	M4938	0	0	0	0	0	0	0	0.1219	0	0.004
10	4841228	M3339	0	0	0	0	0	0	0	0	0.1826	0
14	56970842	M2897	0	0	0	0	0	0	0	0	0.1826	0
14	10018353	M4468	0	0	0.1077	0.1618	0	0	0	0.0755	0	0
8	42839832	M4479	0	0	0	0.1274	0	0	0	0	0	0
17	47006476	M5684	0	0	0.1077	0	0	0	0	0	0	0
2	116790451	M5816	0	0	0	0.1274	0	0	0	0	0	0
14	82178105	M5973	0	0	0	0	0.0066	0	0	0	0	0
4	25639268	M3102	0	0	0	0	0	0	0	0.1093	0	0.1205
19	37342787	M5827	0	0	0	0	0	0	0	0	0.1019	0
13	26033523	M3009	0	0.4926	0.1672	0.1914	0.2671	0	0	0.127	0	0.3163
11	74030114	M6507	0	0	0	0	0	0	0	0.1389	0	0
16	42717526	M5674	0	0	0	0	0	0.4151	0	0	0	0
1	231305819	M5034	0	0	0	0	0	0	0	0	0.0835	0
21	34099071	M4229	0	0	0.1316	0	0.0068	0.4151	0.4181	0.1389	0	0.004
13	42840583	M6032	0	0	0	0	0	0	0	0	0	0.1353
22	44815899	M5517	0	0	0	0	0	0	0	0	0	0.1353
20	28515872	M6538	0	0	0.1672	0	0	0	0	0.127	0	0
9	21160515	M5788	0	0	0.1477	0	0	0	0	0.1115	0	0
11	100574466	M3084	0	0	0.0142	0	0.1719	0	0	0	0.141	0
18	20516032	M4746	0	0	0.1077	0.1618	0	0	0	0.0755	0	0
23	37816860	M5776	0	0	0	0	0	0	0	0	0.141	0
19	65833675	M5326	0	0	0.0126	0	0.026	0	0	0	0	0
5	32402526	M5416	0	0	0	0	0	0	0	0	0.0793	0
14	100361043	M4384	0	0	0	0	0.142	0	0	0	0.1192	0
5	115015322	M6391	0	0	0	0	0	0	0	0.1389	0	0
11	112837582	M3805	0	0.4926	0.1672	0.1914	0.2671	0	0	0.127	0	0
13	27125522	M5972	0	0	0	0	0.1457	0	0	0	0	0
16	82426296	M3777	0	0	0	0	0	0	0	0	0.0835	0
8	53503601	M5850	0	0	0	0	0.0068	0	0	0	0	0
22	9082449	M6085	0	0	0.1159	0	0	0	0	0.0955	0	0
7	86409694	M4562	0	0.4926	0.1648	0	0	0	0	0.127	0	0
6	130884036	M6487	0	0	0	0.1618	0	0	0	0	0	0
1	31519051	M4555	0	0	0	0.1069	0	0	0	0	0	0
10	25359335	M2828	0	0	0	0	0	0	0	0	0.1826	0
9	84536069	M4033	0	0	0	0	0.1457	0	0	0	0.1301	0
10	831489	M5758	0	0	0	0	0	0.4151	0	0	0	0
21	24965697	M2976	0	0	0.1316	0.1274	0.0066	0.4151	0.4181	0.1389	0	0.004
12	130082014	M3494	0	0	0.1128	0.113	0.0068	0.4151	0.4181	0.1123	0	0.0036
10	15201935	M2916	0	0	0	0	0	0	0	0	0.1826	0
3	94932703	M4228	0	0	0	0	0	0	0	0	0	0.3163
11	134723119	M6405	0	0	0	0	0	0	0.4181	0	0	0
5	41280759	M3936	0	0	0	0	0	0	0	0	0.0629	0
14	90856249	M6242	0	0	0	0	0.0255	0	0	0	0	0
23	1175049	M5450	0	0	0	0	0.0068	0	0	0	0	0
22	9413552	M5051	0	0	0	0	0	0	0	0	0.1208	0
17	55901847	M3335	0	0	0.1316	0.1274	0.0068	0.4151	0.4181	0.1389	0	0.004
9	42961914	M4470	0	0	0	0	0	0	0	0	0.0835	0
5	142242914	M5856	0	0	0	0	0	0	0	0	0	0.1809
10	91430101	M3340	0	0	0.1077	0.1618	0	0	0	0.0755	0.0835	0
6	78008220	M3035	0	0	0.1077	0.1618	0	0	0	0.0755	0.0835	0
6	82191720	M4507	0	0	0	0	0.1457	0	0	0	0.141	0
23	7822660	M3980	0	0	0.0973	0.1393	0	0	0	0.0702	0	0
21	958675	M3436	0	0	0	0	0	0	0	0	0.1826	0
18	25452302	M4573	0	0	0.1316	0	0.0068	0.4151	0.4181	0.1389	0	0.004
17	10172478	M5228	0	0.4926	0.1672	0	0	0	0	0.127	0	0
16	56062709	M6626	0	0	0	0	0.0262	0	0	0	0	0
15	66107764	M4303	0	0	0.0142	0	0.0262	0	0	0	0	0
21	39742009	M3301	0	0	0.1077	0.1618	0	0	0	0.0755	0.0835	0
6	114644205	M4657	0	0	0	0	0	0	0	0	0	0.1809
20	48777257	M3198	0	0	0	0	0	0	0	0	0	0.3163
3	159615269	M4858	0	0	0.0142	0	0.0262	0	0	0	0	0
17	62199205	M5233	0	0	0.1077	0.1618	0	0	0	0.0755	0	0
8	20994788	M2866	0	0	0.0142	0	0.1719	0	0	0.1093	0.141	0.1205
13	102819389	M5509	0	0	0.0142	0	0.0262	0	0	0	0	0
1	37279473	M2846	0	0	0	0	0	0	0	0	0.1826	0
11	51586078	M5604	0	0	0	0	0.0058	0	0	0	0	0
23	11658495	M4822	0	0	0	0	0.1457	0	0	0	0	0
6	139297485	M3888	0	0	0	0	0	0	0	0.1093	0	0.1205
14	10571543	M3181	0	0	0	0	0	0	0	0.1093	0	0.1205
19	43624667	M5929	0	0	0	0	0	0	0	0.0663	0	0
4	92674794	M2854	0	0	0	0	0	0	0	0	0.2582	0
3	163413804	M3775	0	0	0	0	0	0	0	0	0.1019	0
12	93136257	M5854	0	0	0	0.1435	0	0	0	0	0	0
1	57855660	M3895	0	0	0	0	0.115	0	0	0	0.141	0
13	34322260	M4916	0	0	0	0	0	0.4151	0	0	0	0
12	123718334	M4791	0	0	0.1128	0	0	0	0.4181	0	0	0
17	86588271	M3611	0	0	0	0	0	0	0	0.1093	0	0.1205
13	76009776	M3988	0	0	0	0	0	0	0	0	0	0.3163
9	27557425	M5343	0	0	0	0	0	0	0	0	0.0807	0
3	96188254	M5193	0	0.4926	0.1672	0	0	0	0	0.127	0	0
23	50092524	M3692	0	0	0	0.113	0	0	0	0	0	0
11	98951977	M3663	0	0	0	0	0	0	0	0.1093	0	0.1061
12	90287088	M5802	0	0	0	0	0	0	0.4181	0	0	0
3	682404	M5498	0	0	0	0	0	0	0	0	0.141	0
7	48460579	M3278	0	0	0.0126	0	0.1719	0	0	0	0.141	0
21	1532256	M4723	0	0	0.0142	0	0.051	0	0	0	0	0
5	111667653	M3356	0	0	0	0	0	0	0	0.1093	0	0.1205
1	155705775	M3709	0	0	0	0	0	0	0	0	0	0.3163
6	164806421	M6522	0	0	0	0	0	0	0	0	0	0.004
10	88251820	M3991	0	0	0.1316	0	0.0068	0.4151	0.4181	0.1389	0	0.004
21	27144344	M6413	0	0	0	0	0	0	0	0.1093	0	0
8	30645725	M5360	0	0	0	0	0	0	0	0.1093	0	0
13	103904761	M4682	0	0	0	0	0.1457	0	0	0	0.141	0
5	75059984	M6180	0	0	0	0	0	0.4151	0	0	0	0
15	67030418	M3614	0	0	0	0.1274	0	0	0	0	0	0
17	51736182	M3302	0	0	0	0	0	0	0	0	0	0.3163
3	33019163	M3408	0	0.4926	0.1672	0.1647	0.2671	0	0	0.127	0	0
17	11992920	M6575	0	0	0	0	0	0	0	0	0	0.1809
3	171254837	M5282	0	0	0	0	0	0	0	0	0.141	0
21	40157240	M4838	0	0	0	0	0	0	0	0	0	0.1353
1	87742440	M5412	0	0	0.0142	0	0.0206	0	0	0	0	0
4	19185478	M5780	0	0	0	0	0	0	0	0.0755	0	0
13	56993906	M3045	0	0	0	0	0	0	0	0.1093	0	0.1205
13	49132894	M2990	0	0	0.1077	0.1618	0	0	0	0.0755	0.0758	0
10	115937924	M4553	0	0	0.0142	0	0.0262	0	0	0	0	0
7	62889221	M3952	0	0	0	0.1274	0	0	0	0	0	0
5	149489961	M4878	0	0	0	0	0	0.4151	0	0.1389	0	0.004
1	38677915	M3938	0	0	0.1316	0	0.0054	0.4151	0.4181	0.1389	0	0.004
22	43080523	M5521	0	0	0	0.1914	0	0	0	0	0	0
2	1506131	M4374	0	0	0	0	0	0	0	0	0	0.1809
16	3406441	M6404	0	0	0.1672	0	0	0	0	0.127	0	0
22	2041819	M6598	0	0	0	0	0	0	0	0.0568	0	0
3	62433177	M4357	0	0	0.1316	0	0.0068	0.4151	0.4181	0.1389	0	0.004
18	21277169	M6102	0	0	0	0.1618	0	0	0	0	0	0
10	16535385	M6629	0	0	0	0.1274	0	0	0	0	0	0
7	100526351	M5128	0	0	0	0	0	0	0	0	0	0.1348
12	10391184	M3670	0	0	0.0122	0	0.1719	0	0	0	0.141	0
15	42725543	M4043	0	0	0	0	0	0	0	0	0.0835	0
20	45598402	M5076	0	0	0	0	0	0	0	0	0.0861	0
19	44250947	M5640	0	0	0	0	0.0068	0	0	0	0	0
18	24361785	M3570	0	0	0.1316	0	0.0068	0.4151	0.4181	0.1389	0	0.004
3	115864882	M3337	0	0	0	0	0	0	0	0.1093	0	0.1205
13	121262721	M6599	0	0	0.1077	0	0	0	0	0	0	0
14	31145939	M6327	0	0	0.0142	0	0	0	0	0	0	0
11	79869710	M5586	0	0	0	0	0.1457	0	0	0	0	0
16	81292150	M2958	0	0.4926	0.1672	0.1697	0.2671	0	0	0.127	0	0.3163
1	180234106	M5708	0	0	0	0.1618	0	0	0	0	0	0
18	78690065	M4829	0	0	0	0	0	0	0	0	0	0.1809
4	135720995	M5370	0	0	0	0.1069	0	0	0	0	0	0
2	110648576	M6223	0	0	0	0	0	0	0	0	0	0.1205
21	58482770	M4147	0	0	0	0	0	0	0	0.1093	0	0.1205
16	83221527	M4648	0	0.4926	0.1672	0	0	0	0	0.127	0	0
1	219271061	M3612	0	0	0	0	0	0	0	0	0.0807	0
18	65369863	M5617	0	0	0	0	0.2671	0	0	0	0	0
11	134358115	M2933	0	0.4926	0.2749	0.3532	0.2671	0	0	0.2024	0.0835	0.3978
9	46660391	M5578	0	0	0.1163	0	0	0	0	0	0	0
1	190357100	M5468	0	0	0	0	0	0	0	0	0.0807	0
6	134982782	M4179	0	0	0.0142	0	0.0262	0	0	0	0	0
3	144754764	M4758	0	0	0	0	0	0	0	0.1093	0	0.1205
