#chrom	pos	desc	normal	sample1	sample2	sample3	sample4	sample5	sample6	sample7	sample8	sample9
2	83507367	M5687	0	0	0.001	0	0	0	0	0.001	0.001	0.119
13	12092968	M4962	0	0.508	0.162	0	0	0	0	0.119	0.001	0.001
8	151519418	M5884	0	0	0	0	0.001	0.001	0	0	0.001	0.115
13	38833634	M3207	0	0.51	0.167	0.202	0.286	0	0	0.132	0	0.001
15	67817361	M3441	0	0.001	0.106	0.167	0.001	0	0.001	0.088	0.076	0
7	139141659	M5961	0	0.001	0.085	0	0.001	0.001	0.001	0	0.001	0
20	19255863	M3243	0	0	0.094	0.16	0	0	0	0.072	0.096	0
4	23718575	M4607	0	0	0.114	0.141	0	0	0	0.075	0	0.001
6	153821777	M6475	0	0.002	0	0.001	0	0.001	0	0	0.106	0
17	28477031	M5302	0	0	0.119	0.001	0.001	0	0	0	0	0
11	35263006	M4771	0	0	0.002	0.001	0	0	0.001	0.001	0	0.167
19	25481036	M2891	0	0	0.013	0	0.18	0	0.001	0.117	0.148	0.123
12	41707131	M5014	0	0	0.013	0	0.029	0	0	0	0	0
13	75251129	M3633	0	0	0	0	0	0	0.001	0	0.117	0
10	102216418	M4533	0	0.473	0.167	0	0.002	0	0.001	0.143	0	0.001
23	50314512	M5269	0	0	0.096	0	0	0.001	0	0	0.001	0.001
11	95749775	M5337	0	0.001	0	0	0	0.001	0	0	0.1	0.001
1	217274454	M5726	0	0.001	0	0	0	0	0	0	0	0.172
11	119358236	M5379	0	0	0	0.001	0	0	0	0	0	0.123
9	69737953	M4814	0	0	0	0.001	0.001	0.001	0	0.001	0.091	0.001
3	110117789	M3668	0	0.001	0	0	0	0	0	0.001	0.083	0
7	36317455	M4113	0	0	0.002	0.001	0	0	0.002	0	0.093	0
10	34361197	M5408	0	0.489	0.171	0	0	0.001	0.001	0.15	0	0
4	185850660	M3755	0	0	0.002	0	0	0	0	0	0.101	0
22	9355676	M2899	0	0.239	0.168	0.243	0.18	0	0	0.154	0.068	0.194
7	129626837	M3104	0	0.001	0.104	0.168	0	0	0	0.079	0.088	0
18	80315596	M6220	0	0	0.001	0.135	0	0	0	0	0	0
21	3198709	M6480	0	0.001	0	0	0.139	0	0.001	0	0.001	0
10	785898	M4992	0	0	0.001	0	0.001	0.001	0	0	0.002	0.142
14	66651911	M2937	0	0	0	0.001	0	0.002	0	0	0.293	0
7	75595769	M4076	0	0	0	0	0	0	0	0	0.097	0
13	124063158	M4608	0	0.001	0	0	0.001	0	0	0	0.078	0
22	41132906	M2883	0	0	0	0	0.001	0	0	0	0.2	0
23	6359690	M6354	0	0	0.001	0	0.265	0	0	0	0	0
18	42808890	M4709	0	0.49	0.16	0	0	0	0	0.111	0	0
8	124852987	M3088	0	0.002	0.001	0.001	0	0	0	0	0.306	0
7	119976547	M3403	0	0	0	0	0.001	0.001	0	0	0.199	0
22	18318414	M3272	0	0.252	0.113	0.127	0.175	0	0	0.099	0	0
20	61750322	M3219	0	0.001	0.114	0.171	0	0	0.002	0.073	0.061	0
21	9036049	M4713	0	0	0	0.001	0	0	0.003	0	0.152	0.002
1	142635510	M3931	0	0.001	0	0.001	0.143	0	0.001	0	0.161	0
23	39522967	M3063	0	0.497	0.166	0.171	0.262	0	0	0.106	0	0.488
2	80830679	M5669	0	0	0.157	0.001	0.001	0	0	0.118	0.001	0
2	45375041	M5278	0	0	0.001	0	0	0.42	0	0	0.001	0
11	97588005	M6108	0	0.001	0.017	0	0.028	0	0.001	0	0	0
10	63290826	M6323	0	0	0.001	0	0	0	0	0	0	0.131
18	41740479	M5421	0	0	0.001	0	0	0	0	0.1	0	0
7	88145894	M6438	0	0	0.001	0	0	0	0	0	0	0.175
8	6250706	M2973	0	0	0.011	0	0.171	0	0.001	0	0.145	0.001
21	36947383	M3981	0	0	0	0	0	0	0	0.1	0.001	0.124
16	63845087	M3253	0	0.001	0	0	0	0.001	0	0.003	0.001	0.327
7	98539408	M5529	0	0.001	0.114	0	0	0	0	0	0.002	0.002
13	58986514	M3022	0	0.491	0.16	0.212	0.252	0	0.001	0.129	0	0.305
5	118763375	M2855	0	0	0.018	0	0.183	0.001	0	0.093	0.142	0.116
20	32709012	M4133	0	0	0	0.002	0	0.001	0	0	0.082	0
5	108803026	M6273	0	0.491	0	0	0	0	0	0.002	0.001	0
11	80085179	M4083	0	0	0.013	0	0.032	0	0	0.001	0	0
21	50522268	M4889	0	0	0	0	0	0.001	0.001	0.001	0.079	0.001
12	52006824	M3400	0	0	0.008	0	0.157	0.001	0	0	0.166	0
22	53825708	M5444	0	0.001	0.001	0	0	0	0	0	0	0.125
10	66960585	M2876	0	0	0.014	0.001	0.184	0.001	0	0.105	0.135	0.106
5	95984968	M6009	0	0	0	0	0	0.001	0	0	0	0.175
5	12162265	M5446	0	0.001	0.002	0	0	0	0	0	0.072	0
3	46344028	M6526	0	0	0.001	0.117	0.002	0	0	0	0.001	0
15	18622409	M5287	0	0	0	0	0	0	0	0.105	0	0.108
20	29650834	M5455	0	0	0	0	0	0.001	0	0.146	0	0.001
14	82334461	M5294	0	0.497	0.171	0.001	0	0	0.001	0.135	0	0
12	50784146	M3330	0	0	0.015	0	0.169	0	0.001	0.001	0.13	0
14	71259772	M3955	0	0	0	0	0	0	0.003	0.001	0	0.311
1	150721612	M3643	0	0.001	0	0	0	0	0	0.002	0.094	0.001
22	44238577	M2917	0	0.483	0.283	0.345	0.26	0	0	0.186	0.075	0.319
15	68658135	M2904	0	0.502	0.28	0.359	0.283	0	0.001	0.191	0.068	0.337
17	87844626	M3362	0	0	0	0	0	0.002	0	0.001	0	0.317
7	86768991	M4868	0	0	0	0.001	0.217	0.001	0.002	0	0	0.001
21	10229181	M3567	0	0	0	0	0	0	0	0	0.1	0.001
17	43527435	M5103	0	0.001	0.002	0	0	0.001	0	0	0	0.187
16	89229188	M2858	0	0	0	0	0	0	0	0	0.179	0
16	82047292	M3504	0	0.001	0.105	0.155	0	0	0	0.082	0.088	0
22	28172812	M3380	0	0	0.102	0.076	0.006	0.424	0.42	0.095	0	0.002
12	6560166	M3758	0	0	0	0	0.002	0	0	0	0.069	0
16	6342066	M4270	0	0.001	0	0.134	0	0.002	0	0	0.001	0
23	34306082	M5848	0	0	0	0	0.15	0	0	0.001	0	0
12	75555403	M4359	0	0	0	0.225	0	0	0	0.001	0	0
2	47429725	M4416	0	0	0.144	0	0.001	0.404	0.409	0.142	0	0.002
3	173738369	M5307	0	0	0	0	0.001	0.001	0	0	0.081	0
15	91949700	M4038	0	0	0	0.001	0	0	0.002	0	0.082	0
16	72939449	M3766	0	0	0.116	0	0.008	0.436	0.425	0.149	0	0.006
21	57250220	M5613	0	0	0	0.002	0	0	0.001	0	0.001	0.003
3	57284106	M6569	0	0	0.01	0	0	0	0.001	0	0.001	0.001
9	118794865	M4004	0	0.001	0	0	0	0	0	0	0.085	0.001
21	6992772	M3864	0	0	0	0.195	0.27	0	0	0.001	0	0
3	31057193	M6016	0	0	0.008	0	0.03	0	0.001	0	0	0
17	4155973	M5703	0	0	0	0	0.001	0	0	0	0.11	0.001
21	21065962	M5558	0	0	0	0.169	0.001	0	0	0.08	0	0
1	41651831	M4203	0	0	0.001	0	0.001	0.001	0	0.109	0	0.11
10	39658369	M5815	0	0	0	0	0	0	0	0	0.064	0
13	45800875	M5139	0	0	0	0	0	0	0	0.116	0.001	0.125
15	20836799	M5513	0	0	0	0	0	0	0	0.101	0.002	0
6	158801469	M5188	0	0.001	0	0.001	0.268	0	0.001	0	0	0
22	23949639	M5497	0	0.001	0.001	0	0	0.413	0	0	0	0
4	15751641	M5576	0	0	0	0	0	0.396	0.001	0.001	0	0
18	18052067	M2935	0	0.001	0.013	0.001	0.183	0.001	0	0.001	0.146	0
12	78779486	M5472	0	0.001	0	0.105	0.001	0.001	0	0	0	0
2	87176931	M3065	0	0.001	0.123	0.162	0.001	0	0.001	0.083	0.091	0
9	59531089	M2929	0	0.001	0	0	0.001	0	0	0	0.192	0
11	54757191	M4616	0	0.462	0.163	0.001	0	0.003	0	0.102	0	0.001
10	85916222	M4967	0	0	0.013	0	0.015	0.002	0	0	0.001	0
7	1512535	M6260	0	0	0.001	0.002	0	0	0	0.114	0	0
8	107631000	M4782	0	0	0.001	0	0.308	0.002	0	0	0	0
23	37215027	M5932	0	0	0	0	0	0	0.281	0	0	0.001
17	16644083	M3097	0	0	0.112	0.134	0.008	0.412	0.418	0.144	0.001	0.008
6	59114262	M5540	0	0.48	0.142	0	0.001	0.001	0	0.126	0.001	0
19	6700750	M2851	0	0	0	0	0.001	0	0	0.001	0.186	0
9	7908977	M6097	0	0.002	0	0	0	0	0.293	0.002	0	0
19	44263588	M4938	0	0	0	0	0	0	0	0.127	0.001	0.002
10	4841228	M3339	0	0	0	0	0	0	0.001	0	0.188	0
14	56970842	M2897	0	0	0.001	0	0.001	0.001	0.001	0	0.175	0
14	10018353	M4468	0	0	0.103	0.151	0.001	0	0	0.083	0.001	0
8	42839832	M4479	0	0.002	0.001	0.133	0.002	0	0.001	0	0	0
17	47006476	M5684	0	0	0.109	0.001	0	0	0.002	0	0	0
2	116790451	M5816	0	0	0	0.129	0	0	0	0	0	0
14	82178105	M5973	0	0	0	0.001	0.006	0	0	0	0.002	0
4	25639268	M3102	0	0	0.001	0	0	0	0	0.107	0	0.139
19	37342787	M5827	0	0	0	0	0	0	0	0	0.086	0.001
13	26033523	M3009	0	0.462	0.173	0.197	0.264	0.001	0	0.151	0.001	0.294
11	74030114	M6507	0	0	0	0	0	0	0.001	0.151	0	0.001
16	42717526	M5674	0	0	0.001	0	0	0.431	0	0	0	0
1	231305819	M5034	0	0.001	0	0.001	0	0	0	0	0.096	0
21	34099071	M4229	0	0.001	0.133	0	0.006	0.385	0.416	0.133	0.001	0.007
13	42840583	M6032	0	0.001	0	0.001	0.001	0	0	0	0	0.126
22	44815899	M5517	0	0	0.001	0	0.001	0	0.001	0.001	0	0.155
20	28515872	M6538	0	0.001	0.174	0.001	0	0.003	0.001	0.119	0	0
9	21160515	M5788	0	0.001	0.149	0	0	0	0	0.115	0	0
11	100574466	M3084	0	0	0.003	0.001	0.171	0	0	0	0.144	0
18	20516032	M4746	0	0	0.113	0.138	0	0	0.001	0.065	0	0
23	37816860	M5776	0	0.001	0	0	0	0.001	0.001	0	0.152	0
19	65833675	M5326	0	0	0.02	0	0.028	0	0	0.001	0	0
5	32402526	M5416	0	0	0.001	0	0	0	0	0	0.099	0.001
14	100361043	M4384	0	0.002	0	0	0.137	0	0.002	0	0.129	0.001
5	115015322	M6391	0	0	0	0	0	0	0	0.174	0	0
11	112837582	M3805	0	0.485	0.173	0.2	0.265	0	0	0.101	0	0
13	27125522	M5972	0	0.001	0	0	0.153	0	0	0	0	0
16	82426296	M3777	0	0.001	0.001	0.001	0	0	0	0	0.094	0
8	53503601	M5850	0	0.001	0.002	0	0.011	0.001	0	0	0.001	0.001
22	9082449	M6085	0	0	0.118	0	0	0	0	0.092	0	0.001
7	86409694	M4562	0	0.505	0.177	0	0.001	0	0.001	0.12	0	0.001
6	130884036	M6487	0	0	0	0.156	0.001	0.001	0	0	0	0
1	31519051	M4555	0	0	0	0.1	0	0	0	0	0	0
10	25359335	M2828	0	0	0	0.001	0	0.001	0.001	0.001	0.175	0.002
9	84536069	M4033	0	0.001	0.001	0	0.164	0	0.001	0	0.14	0
10	831489	M5758	0	0	0	0	0.001	0.412	0	0.001	0.001	0.001
21	24965697	M2976	0	0.001	0.163	0.137	0.009	0.411	0.424	0.156	0	0.007
12	130082014	M3494	0	0.001	0.139	0.11	0.006	0.408	0.429	0.113	0	0.004
10	15201935	M2916	0	0	0.001	0	0	0	0	0.002	0.168	0
3	94932703	M4228	0	0.001	0.002	0	0	0	0.002	0	0	0.304
11	134723119	M6405	0	0	0.002	0.001	0	0.001	0.402	0	0	0
5	41280759	M3936	0	0.001	0	0	0.001	0	0	0.001	0.049	0
14	90856249	M6242	0	0	0	0.001	0.022	0.001	0	0	0.001	0
23	1175049	M5450	0	0	0.001	0.001	0.012	0	0	0	0.001	0
22	9413552	M5051	0	0	0	0.001	0.001	0.002	0	0	0.121	0
17	55901847	M3335	0	0.001	0.134	0.132	0.006	0.425	0.407	0.14	0	0.003
9	42961914	M4470	0	0	0	0	0	0.002	0.001	0	0.094	0
5	142242914	M5856	0	0.001	0	0	0.001	0	0.001	0.001	0.001	0.16
10	91430101	M3340	0	0	0.11	0.171	0.001	0	0	0.081	0.082	0
6	78008220	M3035	0	0	0.105	0.152	0.002	0	0.001	0.068	0.099	0
6	82191720	M4507	0	0	0	0	0.147	0	0	0	0.146	0
23	7822660	M3980	0	0	0.088	0.148	0	0	0.001	0.078	0.001	0
21	958675	M3436	0	0.002	0.001	0	0	0.001	0.001	0.001	0.19	0
18	25452302	M4573	0	0	0.132	0	0.009	0.436	0.417	0.171	0	0.003
17	10172478	M5228	0	0.484	0.171	0.001	0	0	0	0.13	0	0
16	56062709	M6626	0	0	0	0	0.023	0	0	0	0	0
15	66107764	M4303	0	0.001	0.019	0.002	0.034	0	0	0	0.001	0
21	39742009	M3301	0	0	0.104	0.152	0.001	0	0	0.058	0.069	0.001
6	114644205	M4657	0	0	0	0	0	0	0	0	0	0.182
20	48777257	M3198	0	0	0	0	0	0.001	0	0	0	0.318
3	159615269	M4858	0	0	0.014	0	0.027	0	0	0.001	0	0
17	62199205	M5233	0	0	0.102	0.169	0	0.001	0	0.074	0	0
8	20994788	M2866	0	0.001	0.019	0.001	0.155	0	0.001	0.113	0.121	0.123
13	102819389	M5509	0	0	0.019	0	0.03	0	0	0	0	0.002
1	37279473	M2846	0	0.001	0.001	0	0	0.001	0	0	0.163	0
11	51586078	M5604	0	0	0	0	0.006	0	0	0.001	0	0
23	11658495	M4822	0	0	0	0	0.132	0	0	0	0	0.001
6	139297485	M3888	0	0	0	0	0	0	0	0.13	0	0.11
14	10571543	M3181	0	0.001	0	0	0	0.001	0	0.124	0	0.112
19	43624667	M5929	0	0	0	0	0.001	0.001	0	0.067	0	0
4	92674794	M2854	0	0	0	0	0.001	0	0.001	0	0.261	0.001
3	163413804	M3775	0	0	0	0	0	0	0	0	0.089	0
12	93136257	M5854	0	0	0	0.122	0	0	0	0	0	0
1	57855660	M3895	0	0	0.001	0	0.097	0	0	0	0.137	0
13	34322260	M4916	0	0	0	0	0.001	0.389	0	0	0.001	0
12	123718334	M4791	0	0.001	0.12	0.001	0.001	0	0.431	0	0.001	0
17	86588271	M3611	0	0	0	0	0	0	0	0.103	0	0.113
13	76009776	M3988	0	0	0.001	0	0	0	0	0	0.001	0.317
9	27557425	M5343	0	0	0	0.001	0	0.001	0	0	0.083	0
3	96188254	M5193	0	0.494	0.154	0	0	0	0	0.121	0.001	0
23	50092524	M3692	0	0	0	0.109	0	0.001	0	0	0	0.001
11	98951977	M3663	0	0	0	0	0	0	0.001	0.101	0.001	0.093
12	90287088	M5802	0	0	0	0	0	0	0.447	0	0	0
3	682404	M5498	0	0	0	0	0	0	0.001	0.001	0.153	0
7	48460579	M3278	0	0.001	0.013	0	0.177	0	0	0	0.122	0
21	1532256	M4723	0	0.001	0.012	0.002	0.058	0	0	0.001	0	0.001
5	111667653	M3356	0	0	0	0	0	0	0	0.112	0	0.136
1	155705775	M3709	0	0	0	0	0.001	0	0	0.001	0	0.314
6	164806421	M6522	0	0	0	0.001	0.001	0	0	0	0.001	0.005
10	88251820	M3991	0	0	0.146	0.001	0.008	0.428	0.449	0.144	0.002	0.003
21	27144344	M6413	0	0	0	0.001	0.003	0	0	0.119	0.001	0
8	30645725	M5360	0	0	0	0	0	0	0	0.109	0	0
13	103904761	M4682	0	0.001	0	0.002	0.138	0	0	0.001	0.147	0
5	75059984	M6180	0	0	0	0	0	0.445	0	0.001	0	0.001
15	67030418	M3614	0	0	0.001	0.114	0.001	0	0.001	0	0	0
17	51736182	M3302	0	0	0	0	0	0.001	0	0	0	0.312
3	33019163	M3408	0	0.515	0.179	0.151	0.281	0.001	0.001	0.132	0	0
17	11992920	M6575	0	0	0.001	0	0.001	0	0	0.001	0	0.181
3	171254837	M5282	0	0	0	0	0	0	0	0	0.139	0.001
21	40157240	M4838	0	0.001	0	0.001	0.001	0	0	0	0	0.156
1	87742440	M5412	0	0	0.016	0	0.019	0.001	0	0.001	0	0
4	19185478	M5780	0	0.001	0.001	0	0	0.001	0	0.071	0	0.001
13	56993906	M3045	0	0	0	0.001	0	0	0	0.121	0	0.13
13	49132894	M2990	0	0	0.111	0.158	0.001	0	0	0.084	0.074	0
10	115937924	M4553	0	0	0.018	0.002	0.029	0	0	0.001	0.001	0
7	62889221	M3952	0	0	0	0.135	0	0	0	0	0	0
5	149489961	M4878	0	0	0	0	0	0.416	0.001	0.128	0	0.007
1	38677915	M3938	0	0	0.116	0.001	0.007	0.418	0.388	0.137	0	0.005
22	43080523	M5521	0	0	0	0.181	0	0	0	0	0	0
2	1506131	M4374	0	0	0	0.001	0	0.001	0	0.001	0.002	0.181
16	3406441	M6404	0	0	0.161	0.001	0.002	0	0	0.128	0	0
22	2041819	M6598	0	0	0	0	0.001	0	0	0.048	0.002	0.001
3	62433177	M4357	0	0	0.114	0	0.004	0.421	0.394	0.132	0	0
18	21277169	M6102	0	0	0.001	0.168	0	0	0	0.001	0	0.001
10	16535385	M6629	0	0	0	0.139	0.001	0	0	0.001	0	0
7	100526351	M5128	0	0.001	0.001	0	0.002	0	0	0	0.002	0.129
12	10391184	M3670	0	0	0.013	0	0.17	0	0	0	0.137	0
15	42725543	M4043	0	0	0	0.001	0.002	0	0	0	0.075	0.001
20	45598402	M5076	0	0	0	0	0.001	0.002	0	0.001	0.079	0.001
19	44250947	M5640	0	0	0.001	0	0.007	0	0	0	0.001	0
18	24361785	M3570	0	0	0.131	0	0.009	0.424	0.423	0.121	0	0.005
3	115864882	M3337	0	0.001	0	0	0	0	0	0.127	0.001	0.111
13	121262721	M6599	0	0	0.12	0	0	0	0.001	0.001	0.001	0.001
14	31145939	M6327	0	0	0.017	0.001	0.001	0	0	0.001	0	0.001
11	79869710	M5586	0	0	0	0	0.16	0	0.001	0.001	0	0
16	81292150	M2958	0	0.487	0.168	0.172	0.247	0	0	0.125	0.001	0.314
1	180234106	M5708	0	0	0.001	0.162	0	0.002	0.001	0	0	0
18	78690065	M4829	0	0	0	0	0	0	0	0	0	0.173
4	135720995	M5370	0	0	0	0.11	0.001	0	0.001	0	0	0
2	110648576	M6223	0	0	0	0	0	0	0	0	0	0.121
21	58482770	M4147	0	0.001	0	0	0	0.001	0	0.117	0.001	0.122
16	83221527	M4648	0	0.468	0.17	0.001	0.001	0	0	0.125	0.001	0.001
1	219271061	M3612	0	0	0	0	0	0	0	0	0.076	0
18	65369863	M5617	0	0	0	0	0.266	0.001	0	0.001	0	0.001
11	134358115	M2933	0	0.494	0.288	0.38	0.269	0	0	0.187	0.073	0.38
9	46660391	M5578	0	0	0.119	0.001	0	0.001	0	0.001	0	0
1	190357100	M5468	0	0.001	0	0	0	0.001	0.002	0.001	0.087	0
6	134982782	M4179	0	0	0.014	0.002	0.015	0	0	0	0.001	0
3	144754764	M4758	0	0	0	0.001	0	0.001	0	0.097	0.001	0.134
