#chrom	pos	desc	normal	sample1	sample2	sample3	sample4	sample5	sample6	sample7	sample8	sample9
20	14567079	M2243	0	0.173	0	0.4011	0	0	0.1625	0	0.2429	0
4	41584248	M2239	0	0	0	0	0.4137	0	0	0.2139	0	0.4876
3	95418037	M2242	0	0	0	0	0	0	0	0.1548	0	0
2	105209281	M2238	0	0	0.4043	0	0	0.2575	0	0.0315	0	0
19	51790312	M2244	0	0	0	0	0	0	0	0.1388	0	0.316
20	49300285	M2245	0	0.3046	0	0	0	0	0.2877	0	0	0
2	17676763	M2236	0	0	0	0	0	0	0	0.1548	0	0
5	49817317	M2249	0	0	0	0	0	0.2575	0	0	0	0
10	5576772	M2247	0	0	0	0	0	0.0741	0	0	0	0
