#chrom	pos	desc	normal	sample1	sample2	sample3	sample4	sample5	sample6	sample7	sample8	sample9
20	14567079	M2243	0	0.194	0	0.415	0	0	0.152	0.001	0.24	0.001
4	41584248	M2239	0	0	0	0	0.4	0	0.002	0.218	0	0.494
3	95418037	M2242	0	0	0.001	0	0	0	0.001	0.152	0	0.001
2	105209281	M2238	0	0	0.407	0	0.002	0.264	0	0.023	0	0.001
19	51790312	M2244	0	0	0	0	0	0	0	0.135	0	0.329
20	49300285	M2245	0	0.287	0	0	0	0.002	0.282	0	0	0.001
2	17676763	M2236	0	0	0	0	0	0	0	0.139	0	0.001
5	49817317	M2249	0	0	0	0	0	0.263	0	0.001	0	0
10	5576772	M2247	0	0	0	0	0	0.072	0	0.001	0.002	0
