#chrom	pos	desc	normal	sample1	sample2	sample3	sample4	sample5	sample6	sample7	sample8	sample9
2	181185957	M2810	0	0	0	0	0.002	0.001	0.294	0	0.001	0.001
5	100869171	M2716	0	0.001	0.084	0.146	0	0	0.001	0	0	0.001
23	38502815	M2259	0	0.199	0.101	0.156	0.001	0.436	0.082	0.306	0.488	0.443
10	16084105	M2818	0	0.191	0.001	0.001	0	0.001	0.001	0	0.001	0
18	50610893	M3003	0	0.001	0	0.126	0.001	0	0.001	0	0	0
17	82525708	M2936	0	0.02	0	0	0	0	0	0	0.001	0
5	140175644	M2277	0	0.18	0.078	0.117	0	0.413	0.091	0.29	0.47	0.429
3	60948384	M2826	0	0.015	0.388	0.001	0	0	0	0.001	0	0.001
6	155603963	M2257	0	0.202	0.088	0.184	0.001	0.448	0.07	0.327	0.471	0.44
14	26551077	M2771	0	0	0	0	0	0	0	0	0	0.025
12	79356345	M2373	0	0.214	0.001	0.267	0.475	0	0.074	0.144	0.001	0.001
20	15486207	M2833	0	0.192	0.001	0	0	0	0	0.001	0	0.129
19	11989771	M2460	0	0.001	0.087	0.152	0	0	0	0	0	0.001
7	41957331	M2877	0	0	0.001	0.111	0	0	0	0.098	0.001	0
7	124652705	M2824	0	0	0	0	0	0	0.255	0	0	0
21	26648992	M2427	0	0.222	0	0.08	0	0	0.072	0	0	0
21	25379616	M2388	0	0.21	0	0.266	0.457	0	0.058	0.181	0	0
4	66102493	M2262	0	0.189	0.093	0.16	0.001	0.421	0.149	0.332	0.486	0.434
17	74223262	M2668	0	0	0	0.001	0	0	0	0.001	0.001	0.193
16	48251225	M2989	0	0	0.001	0	0.001	0.001	0	0.052	0	0
5	38309341	M2733	0	0	0	0	0.002	0	0	0.001	0	0.027
15	33489668	M2304	0	0.182	0.078	0.152	0.001	0.44	0.07	0.332	0.465	0.41
20	59050886	M2361	0	0.175	0.082	0.142	0	0.425	0.059	0.326	0.48	0.424
16	47508795	M2375	0	0.014	0.417	0	0	0	0.298	0	0	0.001
17	1126058	M2683	0	0.013	0.389	0	0	0.005	0.277	0	0	0.001
11	134388446	M2807	0	0	0.001	0	0	0	0.001	0.112	0.475	0.055
20	30631514	M2329	0	0.169	0.079	0.149	0.001	0.388	0.058	0.311	0.455	0.46
13	112335823	M2770	0	0.216	0.001	0.062	0	0	0.07	0	0	0
9	97163832	M2876	0	0.012	0.421	0	0	0	0	0	0	0.001
9	87400030	M2623	0	0.015	0.401	0	0	0	0.271	0	0	0
8	14168195	M2888	0	0.001	0	0	0	0.002	0	0	0	0.025
1	31927299	M2253	0	0.327	0.179	0.253	0	0.607	0.135	0.487	0.649	0.588
7	133415863	M2707	0	0.012	0.399	0.001	0.001	0.001	0.001	0	0	0
10	43045755	M2744	0	0.191	0	0	0.001	0.001	0.07	0.312	0.498	0.204
15	38799777	M2328	0	0.016	0.408	0	0	0	0.273	0	0	0
22	30829698	M2685	0	0	0.001	0.001	0	0	0	0	0	0.021
16	41397780	M2767	0	0.001	0.001	0.001	0	0	0.303	0	0.001	0
5	44990767	M2515	0	0	0.001	0.144	0.489	0	0	0.163	0.001	0
20	52937989	M3013	0	0	0	0.163	0	0.003	0.001	0	0	0
11	88091163	M2862	0	0.014	0.417	0	0	0	0.001	0	0	0
5	144796819	M2687	0	0.002	0	0.108	0	0	0	0.168	0	0
19	54447041	M2261	0	0.2	0.086	0.168	0	0.42	0.07	0.342	0.478	0.424
10	58110696	M2492	0	0	0.084	0.16	0	0	0	0	0	0
15	48810922	M2864	0	0.176	0	0.001	0.001	0.001	0	0	0	0.143
19	27223059	M2406	0	0	0.087	0.132	0	0	0	0	0.001	0.001
23	38714762	M2433	0	0.013	0.381	0	0	0	0.263	0	0	0
14	41543128	M2421	0	0	0.086	0.16	0	0	0	0	0.001	0
5	93304829	M2542	0	0	0	0.064	0	0	0	0.001	0.001	0
21	28703564	M2997	0	0	0	0	0	0.001	0	0	0	0.026
6	62449425	M2922	0	0	0.001	0.07	0	0	0.058	0.002	0	0
15	27877123	M3021	0	0	0.389	0.001	0	0.001	0	0	0	0
7	39892175	M2434	0	0	0.067	0.134	0.001	0.002	0	0	0.003	0
15	35164910	M2466	0	0	0	0	0	0.002	0	0	0	0.182
15	11940582	M2736	0	0	0	0	0	0	0.001	0	0	0.178
14	8368053	M2822	0	0.001	0	0	0	0.001	0	0.116	0.48	0.074
6	132110794	M2796	0	0.181	0.001	0.001	0	0.002	0	0.113	0.483	0.237
4	139421216	M2340	0	0.008	0.394	0.001	0	0.001	0.27	0	0.001	0
3	96109641	M2846	0	0.22	0	0	0	0	0	0	0.001	0
15	91569167	M2865	0	0	0.001	0.001	0	0	0.071	0.216	0	0
23	6581504	M2954	0	0.001	0.387	0.001	0	0	0.001	0	0.002	0.001
2	170908505	M2971	0	0	0.1	0	0.001	0.001	0.002	0	0	0
22	21123732	M2598	0	0	0.001	0.133	0.499	0	0.001	0.177	0.001	0.003
20	48529330	M2448	0	0.185	0	0	0.001	0.458	0.075	0.302	0.498	0.25
15	58028727	M2924	0	0	0	0	0	0	0	0	0	0.029
3	79827218	M2849	0	0.001	0.001	0	0.001	0	0.065	0.213	0	0
19	33083565	M3007	0	0.018	0	0.001	0	0	0	0	0	0
21	41517780	M2354	0	0.192	0.085	0.15	0.001	0.305	0.079	0.344	0.51	0.408
1	220289291	M2869	0	0.001	0	0	0.002	0	0.001	0.043	0.001	0.001
19	55358181	M2935	0	0.001	0.001	0	0.001	0	0.001	0.001	0.001	0.148
23	3395402	M2883	0	0.001	0	0	0.002	0	0	0.059	0	0.001
6	170343928	M2690	0	0.18	0	0	0	0	0.082	0.301	0.487	0.225
8	13700827	M2423	0	0.206	0	0	0.001	0.443	0.072	0.329	0.479	0.414
20	25168059	M2458	0	0	0	0.07	0.001	0	0	0	0	0
3	188930729	M2894	0	0.001	0	0.001	0	0.418	0	0.001	0	0
8	80972530	M2987	0	0	0	0.001	0	0.002	0.187	0	0.001	0
16	36917677	M2489	0	0.015	0.388	0.001	0	0	0.267	0	0.001	0
19	36320076	M2561	0	0	0	0.131	0.517	0	0.001	0.153	0.001	0
15	105296192	M2953	0	0	0.001	0.001	0	0.001	0.08	0.001	0	0
13	54054046	M2426	0	0.192	0	0.001	0	0.442	0.076	0.291	0.476	0.427
3	97851102	M2751	0	0	0.002	0.053	0	0	0	0	0	0
1	25905903	M2996	0	0	0	0	0	0	0	0.075	0.337	0.047
3	90703399	M3025	0	0.001	0.001	0	0.001	0	0.174	0.001	0.001	0
21	53994198	M2839	0	0	0	0	0	0	0.258	0	0.001	0
9	128704304	M2673	0	0.156	0.001	0	0.001	0	0.068	0.33	0.489	0.188
23	29519156	M2618	0	0.001	0	0	0	0	0.001	0.001	0	0.207
22	40363910	M2908	0	0	0	0	0	0.001	0	0.103	0.481	0.077
6	3323649	M2479	0	0.002	0.086	0.149	0.001	0	0.001	0	0.003	0
18	54591971	M2988	0	0	0.002	0	0	0	0.001	0.142	0	0
18	960864	M2856	0	0	0.004	0.074	0.002	0	0.056	0	0	0
2	63485138	M2674	0	0.013	0.262	0	0	0	0.281	0	0	0.001
19	47821582	M2575	0	0.198	0.001	0.068	0.001	0	0.081	0	0.001	0
9	124134331	M2379	0	0.338	0	0	0	0.427	0.063	0.305	0.483	0.513
3	12642867	M2755	0	0	0	0.14	0	0	0	0.156	0	0
4	55734720	M2295	0	0.179	0.082	0.177	0.002	0.461	0.061	0.294	0.484	0.423
19	18902077	M2921	0	0	0	0	0.514	0	0	0.001	0	0
19	64800191	M3028	0	0	0	0	0	0	0	0	0.001	0.032
2	207677797	M2315	0	0.17	0.104	0.176	0	0.447	0.075	0.277	0.498	0.422
12	116007442	M2419	0	0.012	0.402	0	0.001	0.002	0.289	0.002	0	0
23	16374045	M3027	0	0	0	0.001	0	0	0	0.104	0	0.067
1	63445284	M2254	0	0.34	0.15	0.297	0.001	0.605	0.139	0.471	0.661	0.605
18	63781121	M2966	0	0.001	0.001	0	0	0	0.001	0.132	0	0
6	48846794	M2967	0	0.001	0	0.001	0	0	0	0.047	0	0.001
14	38022565	M2265	0	0.208	0.088	0.16	0	0.411	0.072	0.315	0.49	0.434
4	120720770	M3026	0	0	0.001	0	0	0	0	0.132	0	0
9	125311923	M2732	0	0.177	0.002	0.071	0.001	0	0.066	0	0.001	0
2	14618909	M2392	0	0	0.069	0.145	0	0	0.001	0	0	0
4	141988021	M2477	0	0.197	0	0	0	0.441	0.077	0.301	0.473	0.266
23	8218368	M2874	0	0.001	0	0.001	0	0	0.281	0	0	0.001
4	126507155	M2939	0	0	0	0.065	0.001	0	0.07	0	0	0
