#chrom	pos	desc	normal	sample1	sample2	sample3	sample4	sample5	sample6	sample7	sample8	sample9	sample10	sample11	sample12	sample13	sample14
6	82453528	M8314	0	0	0	0	0	0	0	0	0	0	0	0	0	0	0.0358
20	16920976	M7973	0	0	0	0	0	0	0	0	0	0	0	0	0.218	0	0
23	26530317	M8255	0	0	0	0	0	0.1685	0	0	0	0	0	0	0	0	0
3	142215755	M8084	0	0	0	0	0	0	0.1001	0	0.2702	0	0	0	0	0	0
23	38037867	M8040	0	0	0	0.4956	0	0	0	0	0	0	0	0	0	0	0
1	121092541	M7866	0	0.2043	0.4096	0	0	0.1709	0.0999	0.2714	0	0	0	0	0.218	0.0404	0.1596
20	44776928	M8005	0	0	0	0	0	0	0	0	0	0	0	0	0	0	0.0371
23	22460830	M8029	0	0	0	0	0	0	0	0	0	0.1828	0	0	0	0	0
10	83716203	M7863	0	0.282	0	0	0.2488	0	0.0751	0	0	0.0171	0	0	0	0.3705	0.0358
21	29544326	M8099	0	0	0	0	0	0	0.1834	0	0	0	0	0	0	0	0
23	9148545	M7887	0	0.0322	0	0	0	0	0	0.2714	0	0	0	0	0	0.0404	0.1596
22	49819990	M8270	0	0	0	0	0	0	0	0	0	0	0	0	0	0	0.1784
20	28684849	M8299	0	0	0	0	0	0.0024	0	0	0	0	0	0	0	0	0
5	50225193	M8192	0	0	0	0	0	0	0.0999	0	0	0	0	0	0	0	0
13	39868847	M8326	0	0	0	0	0	0	0	0	0	0	0	0	0	0	0.1784
8	73987114	M8012	0	0	0	0	0	0	0.0751	0	0	0	0	0	0	0	0
16	40190488	M8071	0	0	0.4096	0	0	0.0024	0	0	0	0	0	0	0	0	0
9	37447838	M7892	0	0.1721	0.4096	0	0	0.0024	0	0	0	0	0	0	0	0	0
17	65783356	M7901	0	0	0	0	0	0.0699	0	0	0.1845	0	0	0	0	0	0
18	67540702	M8112	0	0	0	0	0	0	0	0	0	0	0	0	0.218	0	0
10	60088209	M8278	0	0	0	0	0	0	0	0	0	0.015	0	0	0	0	0
10	25050728	M7954	0	0.1721	0.4096	0	0	0.0024	0	0	0	0	0	0	0	0	0
7	139216886	M8075	0	0	0	0	0	0	0	0.239	0	0	0	0	0	0	0
13	62386835	M8070	0	0	0	0	0	0	0	0.222	0	0	0	0	0	0	0
2	156247385	M7857	0	0.4863	0.4096	0	0.2488	0.1709	0.1751	0.2714	0	0.0171	0	0	0.218	0.411	0.1954
12	11748507	M8108	0	0	0	0	0.0143	0	0	0	0	0	0	0	0	0	0
2	118913771	M7942	0	0	0	0	0	0.1681	0.0999	0	0	0	0	0	0	0	0
6	120967271	M7859	0	0.2043	0.4096	0	0	0.1709	0.0999	0.2714	0	0	0	0	0.218	0.0404	0.1596
21	33576203	M7907	0	0	0	0	0	0	0	0.239	0	0	0	0	0	0	0
15	100623426	M7874	0	0	0	0	0.1351	0.0699	0	0	0.1845	0.3424	0	0	0	0	0.1784
10	1861154	M8208	0	0	0	0	0	0.1739	0	0	0	0	0	0	0	0	0
8	104867671	M7971	0	0	0	0	0	0	0	0	0	0	0	0	0	0	0.0358
9	30364811	M7939	0	0.1721	0.4096	0	0	0.0024	0	0	0	0	0	0	0	0	0
4	10636632	M8116	0	0	0	0	0	0	0.0751	0	0	0	0	0	0	0	0
22	16468199	M8158	0	0	0	0	0	0	0	0	0	0	0	0	0	0	0.0358
9	46224608	M7966	0	0	0	0	0	0.0699	0	0	0.1845	0	0	0	0	0	0
11	130413788	M8298	0	0	0	0	0	0	0	0	0.1845	0	0	0	0	0	0
19	4918901	M7860	0	0	0	0.6628	0.1351	0.0699	0	0.222	0.1845	0.4822	0	0	0.2512	0	0.1784
9	44782378	M8103	0	0	0	0	0	0.0699	0	0	0	0	0	0	0	0	0
9	91004242	M8233	0	0	0	0	0	0	0	0	0	0.0171	0	0	0	0	0
21	32786867	M7930	0	0	0	0	0	0	0	0	0	0.1828	0	0	0	0	0
11	92093129	M7947	0	0	0	0	0	0	0	0	0	0	0	0.4075	0	0	0
20	37853028	M7970	0	0.1721	0.4096	0	0	0.0024	0	0	0	0	0	0	0	0	0
15	57167598	M7884	0	0	0	0	0.1351	0	0	0	0	0.1828	0	0	0	0	0.1784
12	107578910	M8020	0	0	0	0	0	0	0	0.239	0	0	0	0	0	0	0
13	93940180	M8243	0	0	0	0	0	0.0699	0	0	0	0	0	0	0	0	0
7	148040277	M7955	0	0	0	0	0	0	0	0	0	0	0	0	0	0.3705	0.0358
12	41066117	M7869	0	0.2043	0.4096	0	0	0.1709	0.0999	0.2714	0	0	0	0	0.218	0.0404	0.1596
20	19106718	M7922	0	0	0	0	0	0	0	0	0	0.1828	0	0	0	0	0
11	74853759	M7963	0	0	0	0.4956	0	0	0	0.222	0	0	0	0	0	0	0
10	119425397	M7981	0	0	0	0	0	0	0	0.0324	0	0	0	0	0	0	0
9	33287836	M8201	0	0	0	0	0	0	0	0	0	0	0	0	0	0	0.0358
6	153888971	M7920	0	0.0322	0	0	0	0	0	0.0324	0	0	0	0	0	0	0
22	47309899	M8123	0	0	0	0	0	0	0	0	0	0.0171	0	0	0	0	0
21	7309664	M7873	0	0	0	0	0.0909	0.1739	0.1223	0	0.2702	0	0	0.4075	0	0	0.0371
21	40334777	M7877	0	0	0	0	0	0	0	0	0	0.0171	0	0	0	0	0
11	118829006	M8301	0	0	0	0	0.0143	0	0	0	0	0	0	0	0	0	0
7	136246269	M7899	0	0.282	0	0	0.2488	0	0.0751	0	0	0	0	0	0	0.3705	0.0358
14	107680987	M7944	0	0.0322	0	0	0	0	0	0	0	0	0	0	0	0	0
23	7243624	M8172	0	0	0	0	0	0.0699	0	0	0	0	0	0	0	0	0
9	45054478	M7881	0	0.1721	0.4096	0	0	0.0024	0	0	0	0	0	0	0	0	0
14	7018386	M8041	0	0	0	0	0	0	0	0	0	0	0	0	0	0	0.0371
17	11954133	M7861	0	0	0	0.4956	0.1351	0.0699	0	0.222	0.1845	0.4822	0	0	0.2512	0	0.1784
17	67744598	M7946	0	0	0	0	0	0	0	0	0	0	0.4451	0	0	0	0
3	135608934	M8260	0	0	0	0	0	0	0	0	0.2702	0	0	0	0	0	0
13	50234621	M7890	0	0	0	0	0	0	0.1223	0	0.2702	0	0	0	0	0	0
4	81197251	M8185	0	0.282	0	0	0	0	0	0	0	0	0	0	0	0	0
9	113112311	M7910	0	0	0	0	0	0	0	0	0	0.1828	0	0	0	0	0
4	96103388	M8014	0	0	0	0	0	0	0	0	0	0	0	0.4075	0	0	0
23	11109231	M7957	0	0	0	0	0.0143	0	0	0	0	0	0	0	0	0	0
18	2337899	M7888	0	0	0	0	0	0	0	0	0	0.1596	0	0	0	0	0
18	77259838	M8321	0	0	0	0	0.0766	0	0	0	0	0	0	0	0	0	0
12	75424392	M8036	0	0	0	0	0	0	0	0.0324	0	0	0	0	0	0	0
8	18736753	M8101	0	0	0.4096	0	0	0.0024	0	0	0	0	0	0	0	0	0
2	76310436	M8049	0	0	0	0	0	0.0697	0	0	0.1845	0	0	0	0	0	0
20	50515643	M8254	0	0	0	0	0	0	0	0	0	0	0	0	0	0	0.0371
11	43140400	M7994	0	0	0	0	0	0	0.1834	0	0	0	0	0	0	0	0
3	173760871	M8175	0	0	0	0	0	0	0	0.239	0	0	0	0	0	0	0
1	37642153	M7905	0	0	0	0.6628	0	0	0	0.222	0	0.1398	0	0	0	0	0
15	39469342	M7903	0	0	0	0	0	0	0	0	0	0.1828	0	0	0	0	0
19	32320657	M7958	0	0	0	0	0	0	0	0	0	0	0	0	0	0.0404	0.1596
19	74810872	M7858	0	0.5993	0.4096	0	0.3984	0.1709	0.2327	0.2714	0	0.0171	0	0	0.218	0.5702	0.2233
21	15078565	M8247	0	0	0	0	0.0766	0	0	0	0	0	0	0	0	0	0
21	45727367	M7889	0	0	0	0	0	0.1685	0.0999	0	0	0	0	0	0	0	0
16	83135092	M7990	0	0	0	0	0	0	0	0.239	0	0	0	0	0	0	0
13	29768770	M8076	0	0	0	0	0.2488	0	0	0	0	0	0	0	0	0	0
10	110756819	M8226	0	0	0	0	0	0	0	0.0324	0	0	0	0	0	0	0
11	41020287	M8013	0	0	0	0	0	0	0	0	0	0	0.4451	0	0	0	0
11	36399609	M7943	0	0	0	0	0	0	0.0751	0	0	0	0	0	0	0.3705	0.0358
7	509186	M7921	0	0	0	0	0	0.0699	0	0	0.1845	0	0	0	0	0	0
10	83824633	M7870	0	0	0	0	0.0909	0.1739	0.1223	0	0.2702	0	0	0.4075	0	0	0.0371
11	12495591	M8026	0	0	0	0	0.2488	0	0	0	0	0	0	0	0	0	0
21	49661350	M7962	0	0	0	0	0.1351	0	0	0	0	0	0	0	0	0	0
23	13629797	M7935	0	0	0	0	0	0	0.1834	0	0	0	0	0	0	0	0
2	81608142	M8200	0	0	0	0	0	0	0	0	0	0	0	0	0	0.3705	0
21	19625652	M8209	0	0	0	0	0	0	0	0	0	0	0	0	0	0	0.1784
22	37473745	M8137	0	0	0	0	0	0	0	0	0	0	0	0	0	0.3705	0
1	138075741	M7897	0	0	0	0	0	0	0.1223	0	0.2702	0	0	0	0	0	0
12	120676766	M7896	0	0	0	0	0.1351	0	0	0	0	0	0	0	0	0	0
16	12451658	M8323	0	0	0	0	0	0	0	0	0	0	0	0	0	0.0404	0
16	95547320	M8125	0	0	0	0	0	0	0	0.239	0	0	0	0	0	0	0
