#chrom	pos	desc	normal	sample1	sample2	sample3	sample4	sample5	sample6	sample7	sample8	sample9	sample10	sample11	sample12	sample13	sample14
6	82453528	M8314	0	0	0.002	0	0.001	0.001	0	0	0	0	0.001	0	0.002	0.001	0.043
20	16920976	M7973	0	0	0	0	0	0	0	0.002	0	0.001	0.001	0	0.211	0	0
23	26530317	M8255	0	0	0	0	0	0.165	0	0	0	0.001	0	0	0	0	0
3	142215755	M8084	0	0	0	0.001	0	0	0.109	0	0.294	0.001	0	0	0	0.001	0.001
23	38037867	M8040	0	0	0.001	0.484	0	0	0	0.001	0	0	0	0.001	0	0	0
1	121092541	M7866	0	0.214	0.404	0	0	0.175	0.094	0.269	0.001	0	0	0.001	0.213	0.028	0.161
20	44776928	M8005	0	0	0	0	0.001	0	0.001	0.001	0	0.001	0	0	0.001	0	0.039
23	22460830	M8029	0	0	0	0.002	0.001	0	0	0	0.002	0.178	0	0	0	0	0
10	83716203	M7863	0	0.29	0	0	0.254	0.001	0.074	0	0.001	0.017	0	0.001	0	0.364	0.039
21	29544326	M8099	0	0.001	0	0	0	0	0.186	0	0.001	0	0	0.001	0.001	0.001	0.001
23	9148545	M7887	0	0.026	0.001	0.001	0	0	0	0.269	0	0	0	0.001	0	0.038	0.165
22	49819990	M8270	0	0	0.001	0.002	0	0	0	0	0.001	0	0.001	0	0	0	0.167
20	28684849	M8299	0	0.002	0	0.001	0.001	0.003	0	0.002	0.001	0	0	0	0.002	0	0
5	50225193	M8192	0	0	0	0.002	0	0	0.093	0	0	0	0	0	0	0	0
13	39868847	M8326	0	0	0	0	0	0	0.001	0	0	0	0	0	0.001	0	0.157
8	73987114	M8012	0	0	0.002	0	0.001	0	0.079	0	0.001	0	0.001	0.001	0.001	0	0
16	40190488	M8071	0	0	0.413	0	0	0.001	0	0.001	0	0	0.001	0.001	0	0	0
9	37447838	M7892	0	0.176	0.455	0	0	0.004	0	0.002	0.001	0	0	0	0	0.001	0.001
17	65783356	M7901	0	0.001	0	0	0.001	0.057	0	0	0.188	0	0	0	0.002	0	0
18	67540702	M8112	0	0	0	0	0	0.001	0.002	0.002	0	0	0	0	0.221	0	0
10	60088209	M8278	0	0	0	0	0.001	0	0	0	0	0.027	0	0	0	0	0
10	25050728	M7954	0	0.161	0.395	0	0	0.004	0	0	0	0	0	0	0	0	0
7	139216886	M8075	0	0.001	0.001	0	0	0	0	0.235	0	0	0	0.001	0	0	0.001
13	62386835	M8070	0	0	0	0	0.001	0	0	0.217	0	0	0	0	0.001	0	0.002
2	156247385	M7857	0	0.497	0.401	0	0.249	0.17	0.186	0.262	0	0.017	0.001	0	0.217	0.416	0.213
12	11748507	M8108	0	0	0	0.001	0.019	0	0	0.001	0	0	0	0	0.001	0	0.001
2	118913771	M7942	0	0.001	0	0.001	0	0.151	0.092	0	0.001	0.001	0.002	0.001	0	0.001	0
6	120967271	M7859	0	0.213	0.407	0	0	0.172	0.097	0.259	0	0.001	0	0.002	0.238	0.029	0.16
21	33576203	M7907	0	0	0	0	0	0	0.001	0.25	0	0	0.001	0.001	0.001	0	0
15	100623426	M7874	0	0	0	0	0.155	0.064	0.002	0	0.187	0.299	0	0.002	0	0.001	0.179
10	1861154	M8208	0	0	0	0.001	0	0.185	0	0	0	0.001	0.001	0	0.001	0	0
8	104867671	M7971	0	0.001	0	0	0	0	0	0	0	0.001	0	0	0.002	0.002	0.032
9	30364811	M7939	0	0.19	0.42	0	0	0.004	0	0	0.001	0	0.001	0	0	0	0
4	10636632	M8116	0	0	0	0.001	0	0.001	0.085	0.001	0	0	0.001	0.001	0.001	0	0
22	16468199	M8158	0	0	0	0	0	0.002	0	0	0.002	0	0	0	0	0	0.038
9	46224608	M7966	0	0.001	0	0	0.001	0.082	0	0.002	0.197	0	0	0.001	0	0.001	0.001
11	130413788	M8298	0	0	0.001	0	0.001	0	0	0	0.204	0.001	0	0	0.001	0	0
19	4918901	M7860	0	0.001	0.001	0.635	0.134	0.068	0	0.21	0.183	0.473	0	0	0.246	0.001	0.171
9	44782378	M8103	0	0.002	0	0.001	0.001	0.087	0.001	0.001	0.002	0	0	0	0.001	0.001	0
9	91004242	M8233	0	0	0.001	0.001	0.001	0.001	0	0.001	0.001	0.011	0.001	0.001	0.001	0	0.001
21	32786867	M7930	0	0	0	0.001	0	0	0.001	0	0.001	0.173	0.001	0.001	0	0.001	0
11	92093129	M7947	0	0	0.001	0	0	0	0	0	0	0.001	0.001	0.407	0	0.001	0.001
20	37853028	M7970	0	0.164	0.436	0	0.001	0.003	0	0	0	0	0	0	0.001	0	0
15	57167598	M7884	0	0.001	0	0	0.134	0	0	0.003	0.002	0.194	0	0	0	0	0.171
12	107578910	M8020	0	0	0.002	0	0	0.001	0.001	0.23	0	0.001	0	0	0	0.003	0
13	93940180	M8243	0	0.001	0	0	0	0.074	0	0	0	0	0	0	0	0	0
7	148040277	M7955	0	0.001	0.001	0	0	0.001	0	0	0.001	0.002	0	0	0.001	0.388	0.034
12	41066117	M7869	0	0.201	0.39	0	0	0.182	0.105	0.25	0	0.001	0	0	0.207	0.041	0.167
20	19106718	M7922	0	0	0	0.001	0	0.001	0	0	0.001	0.166	0.002	0	0	0	0.002
11	74853759	M7963	0	0	0	0.505	0.001	0	0.001	0.218	0.001	0.001	0	0	0	0.001	0
10	119425397	M7981	0	0.001	0	0	0	0.001	0	0.031	0	0	0.002	0	0.003	0	0
9	33287836	M8201	0	0.001	0.001	0	0	0	0.001	0	0	0	0	0	0.001	0.001	0.025
6	153888971	M7920	0	0.039	0.001	0	0.001	0	0.001	0.028	0	0	0.001	0.001	0	0.001	0
22	47309899	M8123	0	0.001	0	0	0.001	0	0.001	0.001	0	0.021	0	0	0.001	0.001	0.001
21	7309664	M7873	0	0	0	0	0.098	0.177	0.116	0	0.285	0.001	0	0.385	0	0.001	0.047
21	40334777	M7877	0	0	0	0.001	0	0	0.001	0.001	0.001	0.013	0	0.001	0.001	0	0
11	118829006	M8301	0	0	0	0	0.015	0	0.001	0	0	0.001	0.001	0	0.001	0.001	0
7	136246269	M7899	0	0.304	0	0	0.243	0	0.07	0	0.001	0.002	0	0	0.001	0.361	0.031
14	107680987	M7944	0	0.036	0.001	0	0	0.001	0	0	0.001	0	0	0	0	0	0
23	7243624	M8172	0	0	0	0	0	0.064	0.001	0	0	0.001	0.002	0	0	0.001	0
9	45054478	M7881	0	0.177	0.388	0	0	0.004	0	0	0.001	0.001	0	0.002	0	0.001	0
14	7018386	M8041	0	0	0.001	0.001	0.001	0	0.001	0.001	0	0.001	0	0	0	0.003	0.039
17	11954133	M7861	0	0	0	0.492	0.13	0.088	0.001	0.206	0.208	0.498	0.001	0	0.254	0	0.208
17	67744598	M7946	0	0	0	0	0.001	0	0	0.001	0	0	0.466	0	0.001	0	0.002
3	135608934	M8260	0	0	0.001	0	0	0	0.002	0	0.288	0.001	0	0	0	0	0
13	50234621	M7890	0	0	0.001	0.002	0.001	0	0.121	0	0.275	0	0.001	0	0	0	0.001
4	81197251	M8185	0	0.258	0	0	0	0	0.001	0.002	0	0	0.001	0.001	0.001	0.001	0
9	113112311	M7910	0	0	0	0	0	0	0	0	0.002	0.183	0	0	0.001	0	0
4	96103388	M8014	0	0	0.001	0	0	0	0	0	0	0	0	0.425	0.001	0	0.001
23	11109231	M7957	0	0.002	0	0	0.018	0	0	0	0	0	0	0	0.002	0	0
18	2337899	M7888	0	0	0	0.001	0	0.001	0	0.002	0.002	0.156	0.001	0	0	0	0
18	77259838	M8321	0	0	0	0.002	0.076	0	0.001	0.001	0.002	0	0	0	0	0.001	0
12	75424392	M8036	0	0	0.001	0	0.001	0.003	0	0.025	0	0	0	0	0	0	0
8	18736753	M8101	0	0	0.377	0.001	0	0.002	0	0	0	0.001	0	0.001	0	0	0
2	76310436	M8049	0	0	0	0.001	0	0.076	0	0	0.194	0	0	0	0	0	0
20	50515643	M8254	0	0.001	0	0	0	0	0	0	0	0	0.001	0	0	0	0.037
11	43140400	M7994	0	0	0	0	0.001	0.002	0.177	0	0	0	0	0.001	0.001	0	0
3	173760871	M8175	0	0	0	0	0	0	0	0.252	0.001	0	0.001	0	0	0.001	0
1	37642153	M7905	0	0.001	0	0.679	0.001	0	0.001	0.235	0.001	0.135	0	0	0.001	0.001	0
15	39469342	M7903	0	0.001	0	0	0	0	0.001	0	0	0.191	0	0	0	0	0
19	32320657	M7958	0	0	0.001	0.001	0	0	0.002	0	0.002	0	0	0	0	0.036	0.151
19	74810872	M7858	0	0.591	0.398	0	0.397	0.203	0.261	0.291	0.001	0.023	0	0.001	0.204	0.577	0.234
21	15078565	M8247	0	0	0.001	0	0.079	0	0	0	0.001	0	0	0	0.001	0.001	0.001
21	45727367	M7889	0	0	0	0.001	0	0.178	0.104	0	0.001	0.001	0	0	0	0	0.001
16	83135092	M7990	0	0.001	0	0	0	0.001	0	0.252	0.001	0	0.002	0	0	0	0
13	29768770	M8076	0	0	0	0	0.25	0	0	0	0	0	0	0	0.001	0.001	0.001
10	110756819	M8226	0	0	0	0.001	0	0.001	0	0.03	0.001	0	0	0	0.001	0	0
11	41020287	M8013	0	0.002	0	0	0	0	0	0	0.001	0	0.418	0	0	0	0.002
11	36399609	M7943	0	0	0.001	0	0.001	0	0.071	0	0	0.002	0	0	0.001	0.387	0.033
7	509186	M7921	0	0	0.001	0	0	0.062	0	0.001	0.165	0.002	0	0.002	0	0	0
10	83824633	M7870	0	0	0	0	0.105	0.16	0.11	0	0.263	0	0.001	0.399	0	0.001	0.029
11	12495591	M8026	0	0	0	0	0.22	0	0	0.001	0	0.001	0	0.001	0	0	0
21	49661350	M7962	0	0	0	0.001	0.135	0	0	0	0	0	0	0	0.001	0.002	0
23	13629797	M7935	0	0	0.001	0	0	0	0.202	0.001	0.001	0	0	0	0	0	0
2	81608142	M8200	0	0.001	0.001	0	0.002	0	0	0	0.001	0	0	0	0.001	0.382	0.002
21	19625652	M8209	0	0.001	0	0.001	0	0.002	0	0.001	0.002	0	0	0	0	0	0.181
22	37473745	M8137	0	0	0	0	0	0	0	0	0	0.002	0.001	0.001	0.001	0.385	0
1	138075741	M7897	0	0	0	0.002	0	0	0.114	0	0.272	0.002	0.001	0	0	0	0.001
12	120676766	M7896	0	0	0	0	0.12	0.001	0	0.001	0.001	0.002	0	0	0	0	0
16	12451658	M8323	0	0	0	0	0	0.002	0	0.001	0	0	0.001	0	0	0.037	0
16	95547320	M8125	0	0	0	0.003	0	0.001	0	0.226	0.001	0	0.001	0	0	0.001	0.001
