#chrom	pos	desc	normal	sample1	sample2	sample3	sample4	sample5	sample6	sample7	sample8	sample9
20	16920976	M7973	0	0	0.001	0	0.001	0	0	0.001	0	0.447
12	37669646	M7999	0	0	0	0.001	0	0	0	0	0.058	0.001
6	153888971	M7920	0	0	0.001	0	0.127	0	0	0.001	0.001	0
1	72600967	M8145	0	0	0	0	0	0.045	0	0	0	0
7	157742156	M7894	0	0	0.437	0.002	0	0.001	0	0.001	0	0
19	28463506	M7978	0	0	0.001	0.001	0	0.19	0	0	0	0.001
21	7309664	M7873	0	0	0	0	0.207	0.172	0	0	0.001	0
10	63622460	M8193	0	0	0.001	0.002	0	0.173	0.001	0	0	0
23	32331903	M8266	0	0	0.403	0.002	0	0.002	0.002	0.001	0	0
7	136246269	M7899	0	0	0	0	0	0.1	0.442	0	0.001	0.002
1	121092541	M7866	0	0	0	0.436	0.278	0.03	0.002	0.268	0.43	0.49
7	74060544	M8217	0	0	0.001	0	0.18	0	0	0.002	0.001	0.001
22	33438588	M7961	0	0	0.433	0	0	0	0	0	0	0.001
9	45054478	M7881	0	0	0	0	0	0.04	0	0	0.001	0
10	8252841	M7969	0	0.001	0	0	0	0	0	0.177	0	0
17	11954133	M7861	0	0.418	0.438	0	0	0	0	0.188	0.048	0
18	60857804	M8225	0	0	0	0.491	0	0	0	0	0.001	0.001
10	83716203	M7863	0	0	0	0.001	0	0.118	0.408	0	0	0.001
23	9148545	M7887	0	0	0	0.452	0.295	0.001	0	0.275	0.44	0
13	50234621	M7890	0	0.001	0	0	0.185	0	0.001	0	0	0.001
9	113112311	M7910	0	0	0	0	0	0	0.001	0.178	0.001	0
9	37447838	M7892	0	0	0.001	0	0	0.026	0	0	0	0.001
15	98506064	M8128	0	0	0.428	0	0.001	0	0.001	0	0	0
8	46131914	M7895	0	0.001	0.001	0	0	0.19	0	0	0	0
17	55517006	M8027	0	0	0	0	0	0	0	0	0.439	0
16	75972284	M8083	0	0	0	0	0	0.03	0	0	0	0
6	80975841	M7951	0	0	0.001	0	0	0.001	0	0.209	0	0.001
10	61224019	M7929	0	0	0	0	0	0.168	0	0	0	0
2	156247385	M7857	0	0.001	0	0.47	0.305	0.153	0.44	0.257	0.431	0.472
1	37642153	M7905	0	0.437	0	0	0	0	0	0	0	0
15	39469342	M7903	0	0	0	0	0	0.001	0	0.178	0.001	0.001
6	120967271	M7859	0	0	0	0.481	0.291	0.037	0	0.277	0.4	0.468
18	67564465	M8188	0	0	0	0	0.124	0.002	0	0	0	0
21	33576203	M7907	0	0.001	0	0.469	0.174	0	0.001	0	0.37	0.001
19	32320657	M7958	0	0	0.001	0	0.001	0	0	0.252	0.001	0.001
10	5004005	M8161	0	0.002	0.001	0.003	0	0	0	0	0.06	0
15	100623426	M7874	0	0	0	0.001	0.001	0	0	0.212	0.067	0.001
19	74810872	M7858	0	0.001	0.001	0.479	0.31	0.24	0.626	0.288	0.405	0.484
21	15078565	M8247	0	0	0	0	0	0.174	0.001	0	0.002	0
17	37819221	M8273	0	0	0	0	0.17	0	0.002	0	0	0
16	83135092	M7990	0	0	0	0.513	0	0	0	0	0	0
13	29768770	M8076	0	0	0	0	0	0.105	0.451	0.001	0	0
19	4918901	M7860	0	0.431	0.433	0	0	0	0	0.178	0.065	0.001
16	71699014	M8177	0	0	0.421	0.001	0.001	0	0	0	0	0
18	20309774	M8169	0	0	0	0	0.001	0.12	0.439	0	0.001	0.001
10	83824633	M7870	0	0	0	0	0.196	0.175	0	0	0.001	0
21	32786867	M7930	0	0	0	0	0	0	0.001	0.193	0	0
11	12495591	M8026	0	0	0.001	0	0	0.13	0.424	0	0	0.001
15	57167598	M7884	0	0	0.001	0.001	0	0	0	0.196	0.064	0
12	107578910	M8020	0	0	0	0.46	0	0	0	0.001	0.001	0
21	49661350	M7962	0	0	0	0	0	0.001	0	0	0.052	0
20	17396104	M8088	0	0.001	0.434	0	0	0	0	0	0	0.001
16	25223239	M8001	0	0	0.001	0	0	0.001	0	0	0	0.492
22	49025266	M7916	0	0.001	0	0	0.001	0.152	0	0	0	0
12	41066117	M7869	0	0	0	0.444	0.284	0.031	0.003	0.284	0.417	0.48
20	19106718	M7922	0	0	0	0	0	0	0.001	0.185	0	0
2	89307155	M8197	0	0	0.001	0	0.186	0	0.002	0	0.002	0
11	74853759	M7963	0	0.442	0	0	0	0.001	0	0	0.001	0
13	34287573	M8288	0	0	0	0	0	0.001	0.001	0.165	0	0.001
10	119425397	M7981	0	0	0	0	0.131	0	0	0	0	0
7	124527249	M8284	0	0	0.002	0	0	0.001	0.001	0.274	0	0
12	120676766	M7896	0	0	0	0	0	0	0	0	0.056	0.001
21	42998932	M7964	0	0	0.001	0	0.152	0	0.001	0	0	0
7	34691338	M7865	0	0	0.001	0	0	0.17	0	0	0.001	0
7	16719538	M8291	0	0.001	0.001	0.001	0	0	0	0	0.421	0
