#chrom	pos	desc	normal	sample1	sample2	sample3	sample4	sample5	sample6	sample7	sample8	sample9
20	16920976	M7973	0	0.0001	0	0.0005	0.0003	0.0001	0.0006	0.0001	0.0005	0.4844
12	37669646	M7999	0	0.0002	0.0003	0.0005	0.0002	0.0002	0.0001	0.0005	0.0608	0
6	153888971	M7920	0	0.0003	0.0001	0.0002	0.1279	0.0004	0.0001	0.0003	0.0006	0.0002
1	72600967	M8145	0	0.0003	0.0006	0.0001	0.0005	0.035	0.0004	0.0003	0.0003	0.0002
7	157742156	M7894	0	0.0005	0.4333	0.0003	0.0001	0.0011	0.0005	0.0006	0.0004	0.0004
19	28463506	M7978	0	0.0004	0.0002	0.0003	0.0001	0.1728	0.0007	0.0001	0.0005	0.0004
21	7309664	M7873	0	0.0003	0.0005	0.0002	0.1941	0.1704	0.0001	0.0002	0.0003	0.0002
10	63622460	M8193	0	0.0002	0.0006	0	0.0002	0.1793	0.0001	0.0003	0.0001	0
23	32331903	M8266	0	0.0003	0.4375	0.0005	0	0.0004	0.0004	0.0003	0.0007	0.0002
7	136246269	M7899	0	0.0005	0.0001	0.0004	0.0002	0.1108	0.4475	0.0003	0.0001	0.0003
1	121092541	M7866	0	0.0004	0.0002	0.4756	0.2957	0.0333	0.0005	0.2495	0.4206	0.4815
7	74060544	M8217	0	0.0002	0.0003	0.0002	0.1668	0.0003	0.0006	0.0004	0.0001	0.0005
22	33438588	M7961	0	0.0001	0.4204	0.0001	0.0005	0.0004	0.0002	0.0003	0.0006	0.0003
9	45054478	M7881	0	0.0003	0.0003	0.0005	0.0004	0.033	0.0004	0.0004	0.0001	0.0006
10	8252841	M7969	0	0.0003	0.0002	0.0003	0.0004	0.0004	0.0003	0.1868	0.0002	0.0001
17	11954133	M7861	0	0.4295	0.4266	0.0004	0.0002	0.0001	0.0004	0.1878	0.0607	0.0007
18	60857804	M8225	0	0.0005	0.0003	0.471	0.0003	0.0003	0.0006	0	0.0004	0.0003
10	83716203	M7863	0	0.0006	0.0004	0.0004	0.0007	0.1096	0.4308	0.0002	0.0006	0.0001
23	9148545	M7887	0	0.0004	0.0002	0.4657	0.2902	0.0005	0.0004	0.2609	0.4181	0.0005
13	50234621	M7890	0	0.0001	0.0001	0.0003	0.195	0.0002	0.0003	0.0003	0.0003	0.0007
9	113112311	M7910	0	0.0003	0.0003	0.0005	0.0001	0.0002	0	0.1867	0.0005	0.0003
9	37447838	M7892	0	0.0002	0.0003	0.0002	0.0005	0.0364	0.0004	0.0005	0.0002	0.0003
15	98506064	M8128	0	0.0001	0.4212	0.0004	0.0004	0.0001	0.0007	0.0005	0.0003	0.0003
8	46131914	M7895	0	0.0002	0.0004	0.0003	0.0002	0.1712	0.0004	0.0003	0.0003	0.0005
17	55517006	M8027	0	0.0002	0.0003	0.0003	0.0006	0.0005	0.0004	0.0005	0.4221	0
16	75972284	M8083	0	0.0003	0.0001	0.0005	0.0004	0.0367	0.0002	0.0001	0.0003	0.0004
6	80975841	M7951	0	0.0002	0.0001	0	0.0002	0.0001	0	0.1867	0.0001	0.0001
10	61224019	M7929	0	0	0.0001	0.0006	0.0001	0.1786	0.0003	0.0003	0.0002	0.0008
2	156247385	M7857	0	0.0004	0.0005	0.4614	0.2916	0.1515	0.4358	0.2564	0.4259	0.4809
1	37642153	M7905	0	0.4276	0.0005	0.0007	0.0002	0.0004	0.0004	0.0004	0.0004	0
15	39469342	M7903	0	0.0002	0.0003	0.0002	0.0002	0.0001	0.0003	0.1905	0.0006	0.0005
6	120967271	M7859	0	0.0005	0	0.4709	0.2943	0.0341	0.0001	0.2612	0.4178	0.4712
18	67564465	M8188	0	0.0005	0.0005	0.0007	0.13	0.0009	0.0005	0.0008	0.0003	0.0002
21	33576203	M7907	0	0.0001	0.0002	0.4715	0.1605	0.0003	0.0002	0.0005	0.4148	0.0003
19	32320657	M7958	0	0.0004	0.0006	0.0004	0.0002	0.0004	0.0003	0.2578	0	0.0005
10	5004005	M8161	0	0.0004	0.0003	0.0003	0.0004	0.0007	0.0003	0.0004	0.0602	0.0005
15	100623426	M7874	0	0.0003	0.0006	0.0001	0.0004	0.0001	0.0004	0.1971	0.0636	0.0002
19	74810872	M7858	0	0.0003	0.0004	0.4739	0.2966	0.2345	0.6021	0.2662	0.4247	0.4771
21	15078565	M8247	0	0.0001	0.0003	0.0003	0.0002	0.174	0.0002	0.0005	0.0005	0.0001
17	37819221	M8273	0	0.0004	0.0004	0.0001	0.159	0.0005	0.0007	0.0002	0.0001	0.0001
16	83135092	M7990	0	0.0007	0.0002	0.473	0.0003	0.0005	0.0007	0.0003	0.0005	0.0004
13	29768770	M8076	0	0.0002	0.0004	0.0004	0.0001	0.1146	0.4437	0.0001	0.0004	0
19	4918901	M7860	0	0.4422	0.4259	0.0002	0.0004	0.0002	0.0005	0.1843	0.0643	0.0004
16	71699014	M8177	0	0.0002	0.4294	0.0002	0.0003	0.0006	0.0003	0.0002	0.0001	0.0003
18	20309774	M8169	0	0.0003	0.0005	0.0006	0.0001	0.1143	0.4417	0.0008	0.0003	0.0002
10	83824633	M7870	0	0.0004	0.0003	0.0002	0.1895	0.1714	0.0001	0.0005	0.0008	0.0005
21	32786867	M7930	0	0.0001	0.0003	0.0005	0.0003	0.0002	0.0005	0.192	0.0001	0.0004
11	12495591	M8026	0	0.0001	0.0002	0.0002	0.0005	0.1139	0.4432	0.0005	0.0003	0.0003
15	57167598	M7884	0	0.0003	0.0004	0.0005	0.0002	0.0002	0.0004	0.1916	0.06	0.0006
12	107578910	M8020	0	0.0002	0.0004	0.4728	0.0001	0.0006	0.0005	0	0.0002	0.0004
21	49661350	M7962	0	0.0004	0.0004	0.0002	0.0003	0.0002	0.0004	0.0009	0.0621	0.0004
20	17396104	M8088	0	0.0001	0.4187	0.0004	0.0004	0.0004	0.0001	0.0003	0.0003	0.0003
16	25223239	M8001	0	0.0004	0.0005	0.0005	0.0005	0.0003	0.0001	0.0005	0.0003	0.4762
22	49025266	M7916	0	0.0001	0.0003	0.0003	0.0004	0.1462	0.0002	0.0002	0.0003	0.0004
12	41066117	M7869	0	0.0004	0.0001	0.4733	0.295	0.0303	0.0007	0.2584	0.4255	0.4905
20	19106718	M7922	0	0.0004	0.0004	0.0002	0.0003	0.0001	0.0003	0.1911	0.0003	0.0002
2	89307155	M8197	0	0.0005	0.0003	0.0003	0.1893	0.0003	0.0004	0	0.0002	0.0003
11	74853759	M7963	0	0.4364	0.0003	0.0005	0.0002	0	0.0003	0.0004	0.0001	0.0005
13	34287573	M8288	0	0.0004	0.0001	0.0002	0.0001	0.0006	0.0002	0.1917	0.0003	0.0006
10	119425397	M7981	0	0.0006	0.0007	0.0004	0.128	0.0003	0.0004	0.0003	0.0004	0.0004
7	124527249	M8284	0	0.0003	0.0001	0.0003	0.0005	0.0002	0.0003	0.2595	0.0002	0.0004
12	120676766	M7896	0	0.0004	0.0004	0.0003	0.0001	0.0004	0.0004	0.0006	0.06	0.0001
21	42998932	M7964	0	0.0001	0.0003	0.0001	0.1648	0.0002	0.0006	0.0005	0.0005	0.0004
7	34691338	M7865	0	0	0.0003	0.0007	0.0006	0.1723	0.0003	0.0005	0.0005	0.0003
7	16719538	M8291	0	0.0003	0.0007	0.0001	0.0003	0.0003	0.0006	0.0002	0.4285	0.0001
