#chrom	pos	desc	normal	sample1	sample2	sample3	sample4	sample5	sample6	sample7	sample8	sample9
17	3867354	M9452	0	0.2171	0.4528	0.4733	0.423	0.4351	0.4023	0.3446	0.0932	0.0886
21	45630833	M9528	0	0.126	0.0005	0.0001	0.0002	0.0005	0.0001	0.0728	0.0007	0.0005
4	190629587	M9456	0	0.0993	0.0258	0.4661	0.4207	0.3599	0.4121	0.141	0.0968	0.0892
18	14493771	M9524	0	0.0002	0.0003	0.0006	0.134	0.0001	0.0004	0.0004	0.0004	0.0003
13	111864252	M9474	0	0	0.0004	0.0004	0.0007	0.0003	0.0001	0.1337	0.0001	0.0002
22	16421600	M9682	0	0.0003	0.0005	0.0005	0.0001	0.0004	0.0004	0.0004	0.062	0.0005
10	32732311	M9461	0	0.0004	0.0007	0.0006	0.0005	0.0003	0.4036	0.0004	0.0002	0.0001
7	147637339	M9490	0	0.0007	0.0003	0.0007	0.0002	0.0003	0.0003	0.0001	0.0002	0.088
8	134927682	M9556	0	0.0003	0.0004	0.0003	0.0002	0.0003	0.0004	0.0001	0.093	0.0004
13	61788305	M9534	0	0.0008	0.0003	0.0003	0.1402	0.0003	0.0002	0.0005	0.0005	0.0006
20	21853090	M9652	0	0.0922	0.0004	0.0005	0.0004	0	0.0008	0.1488	0.0003	0.0005
1	82157765	M9695	0	0.1302	0.0004	0.0004	0.0002	0.0002	0.0002	0.0003	0.0003	0.0005
20	14706509	M9508	0	0.109	0.0003	0.0008	0.0006	0.0005	0.0001	0.0003	0.1032	0.0919
6	127201751	M9608	0	0.0003	0.0004	0.0006	0.0004	0.0002	0.0002	0.0003	0.1425	0.0003
13	37638791	M9563	0	0.0002	0.0001	0.0002	0.0002	0.0003	0.0002	0.0008	0.0006	0.0909
13	42587810	M9579	0	0.0004	0.0001	0.0002	0.0001	0.0006	0.0002	0.1525	0.0006	0.0005
8	125129756	M9634	0	0.0002	0.0005	0.0002	0.0005	0.0002	0.0007	0.0005	0.1519	0.0002
5	27635927	M9455	0	0.0004	0.0003	0	0.0004	0.0003	0.0002	0.1507	0.2063	0.0005
18	80955496	M9459	0	0.1537	0.0005	0.0002	0.0002	0.0004	0	0.0004	0.001	0.1447
20	28361062	M9462	0	0.1251	0.4306	0.0007	0.0003	0.0806	0.0003	0.0641	0.0003	0.0003
18	16422589	M9533	0	0.0003	0.0006	0.0007	0.1452	0.0001	0.0004	0.0003	0.0006	0.0003
23	31407566	M9619	0	0.083	0.0003	0.0004	0.0003	0.0007	0.0003	0.1437	0.0003	0.0007
7	45245949	M9482	0	0.0004	0.0002	0.0004	0	0.366	0.0008	0	0.0004	0.0878
3	117789920	M9629	0	0.0005	0.0003	0.0007	0.0004	0.0002	0.0003	0.0002	0	0.093
6	63222253	M9495	0	0.0002	0.4352	0.0002	0.0001	0.0779	0.0001	0.0002	0.0005	0
16	44523844	M9496	0	0.0006	0.0004	0.0001	0.14	0.0002	0.0005	0.0006	0.0004	0.0005
17	5478383	M9538	0	0.0004	0.0001	0.0006	0.0004	0.0003	0.0007	0.1535	0.0001	0.0003
9	99220734	M9594	0	0.0006	0.0005	0.0004	0.138	0.0003	0	0.0004	0.0003	0.0005
14	76742292	M9510	0	0.0006	0.0004	0.0005	0.0006	0.3589	0.0003	0.0004	0.0001	0.0005
10	52203905	M9498	0	0.0002	0.0001	0.0007	0	0.0002	0.0003	0.0008	0.095	0.0006
2	159582038	M9562	0	0.0007	0.0234	0.0001	0.0003	0.0002	0.0004	0.0002	0.0005	0.0004
4	113566418	M9463	0	0.0005	0.0003	0.0002	0.1429	0.3575	0.0001	0.0004	0.0854	0.0962
18	20755381	M9543	0	0.0002	0.4276	0.0008	0.0003	0.0775	0.0002	0.0005	0.0006	0.0003
11	64062967	M9708	0	0.0001	0.0239	0.0004	0.0003	0.0004	0.0003	0.0001	0.0001	0.0003
19	3260352	M9465	0	0.0003	0.0002	0.0004	0.1448	0.0002	0.0003	0.0002	0.0001	0.0003
9	120631541	M9611	0	0.0004	0.0005	0.0004	0.0002	0.0824	0.0002	0.0001	0.0002	0.0002
13	60607043	M9457	0	0.0967	0.0261	0.1458	0.2814	0.3652	0.0002	0.1418	0.0943	0.0896
6	70470212	M9689	0	0.0006	0.0003	0.0003	0.0004	0.0005	0.0002	0.1551	0.0003	0.0006
14	21968333	M9631	0	0.1515	0.0005	0.0002	0.0001	0.0003	0.0004	0.0003	0.0003	0.0003
21	23840856	M9517	0	0.0007	0.0004	0.0005	0.145	0.0001	0.0002	0.0002	0.0003	0.0004
5	47203644	M9494	0	0.1054	0.0003	0.0005	0.0004	0.0003	0.0002	0.0001	0.1061	0.0997
1	139469818	M9479	0	0.0001	0.0244	0.0001	0.0004	0.0003	0.0003	0.0001	0.0006	0
20	31889661	M9523	0	0.0003	0.0003	0.0007	0.0002	0.0002	0.0006	0.0002	0.2062	0.0003
7	114097483	M9464	0	0.0006	0.0001	0.1514	0.0001	0.0003	0.0007	0.0003	0.0004	0.0002
10	10060050	M9641	0	0.0004	0.0003	0.1525	0.0003	0.0005	0.0001	0.0003	0.0003	0.0004
2	232828244	M9587	0	0.0005	0.0003	0.0003	0.0005	0.0002	0.0003	0.0004	0.0003	0.0882
11	128923485	M9518	0	0.0006	0.0001	0.0003	0.1385	0.0004	0.0004	0.0002	0.0004	0.0006
6	9722878	M9574	0	0	0.0002	0.3159	0.0006	0.0004	0.0001	0.0003	0.0003	0.0005
15	51205730	M9511	0	0.0006	0.0004	0.1454	0.0005	0.0004	0.0001	0.0002	0.0004	0.0004
18	48582467	M9460	0	0.0955	0.0004	0.0003	0.1453	0.0002	0.0001	0.1507	0.0009	0.0002
12	65156603	M9673	0	0.0006	0.0005	0.1496	0.0006	0.0003	0.0002	0.0003	0.0004	0.0004
10	24870627	M9586	0	0.1491	0	0.0004	0.0004	0.0005	0	0.0003	0.0005	0.1469
10	7531998	M9642	0	0.1236	0.0005	0.0004	0.0004	0.0001	0.0005	0.0005	0.0004	0.0002
3	143417071	M9466	0	0.0001	0.0004	0.0002	0.1468	0.0006	0.0004	0.0001	0.0004	0.0006
11	86883737	M9472	0	0	0.0003	0.0005	0.1307	0.0002	0.0006	0.0003	0.096	0.0002
9	108386768	M9454	0	0.1247	0.439	0.0004	0.0003	0.0799	0.0003	0.1995	0.0002	0.0001
23	18351661	M9509	0	0.0002	0.0002	0.0002	0.0004	0	0.0003	0.128	0.0006	0.0001
