#chrom	pos	desc	normal	sample1	sample2	sample3	sample4	sample5	sample6	sample7	sample8	sample9
17	3867354	M9452	0	0.235	0.449	0.461	0.405	0.41	0.406	0.357	0.086	0.079
21	45630833	M9528	0	0.122	0	0	0	0	0.002	0.07	0	0
4	190629587	M9456	0	0.091	0.03	0.449	0.408	0.342	0.406	0.149	0.091	0.093
18	14493771	M9524	0	0.001	0	0	0.14	0	0	0	0	0
13	111864252	M9474	0	0	0	0.001	0.001	0.001	0.001	0.139	0.001	0
22	16421600	M9682	0	0	0	0.001	0	0	0	0	0.081	0
10	32732311	M9461	0	0	0	0	0	0.001	0.404	0	0	0.001
7	147637339	M9490	0	0.001	0	0.001	0	0	0.001	0	0.001	0.085
8	134927682	M9556	0	0	0	0	0	0	0	0.001	0.081	0
13	61788305	M9534	0	0	0.001	0	0.115	0	0	0	0	0
20	21853090	M9652	0	0.09	0	0	0	0	0	0.171	0	0
1	82157765	M9695	0	0.128	0	0	0	0	0.001	0.001	0	0.001
20	14706509	M9508	0	0.091	0	0	0	0	0	0	0.108	0.103
6	127201751	M9608	0	0	0.001	0	0	0.001	0	0	0.15	0.001
13	37638791	M9563	0	0	0	0	0.001	0	0	0	0	0.078
13	42587810	M9579	0	0.001	0.001	0.001	0	0	0	0.155	0.002	0.001
8	125129756	M9634	0	0	0	0	0.001	0.001	0.002	0	0.14	0
5	27635927	M9455	0	0	0.001	0.001	0.001	0	0.001	0.148	0.193	0.003
18	80955496	M9459	0	0.138	0	0.001	0.001	0.001	0	0	0.002	0.138
20	28361062	M9462	0	0.114	0.427	0	0	0.085	0.001	0.068	0	0.001
18	16422589	M9533	0	0	0	0.001	0.13	0.001	0.001	0.002	0	0
23	31407566	M9619	0	0.091	0.001	0	0	0	0	0.137	0	0
7	45245949	M9482	0	0	0	0.001	0	0.37	0	0	0	0.078
3	117789920	M9629	0	0	0	0	0.001	0	0	0.001	0	0.099
6	63222253	M9495	0	0	0.413	0	0	0.081	0.001	0	0.001	0.001
16	44523844	M9496	0	0	0	0	0.135	0	0	0.001	0.001	0.002
17	5478383	M9538	0	0.001	0	0	0	0.001	0	0.177	0	0
9	99220734	M9594	0	0	0	0	0.133	0	0	0.002	0.001	0
14	76742292	M9510	0	0.002	0	0	0	0.346	0	0.001	0	0
10	52203905	M9498	0	0.001	0	0.002	0	0.001	0	0	0.083	0.001
2	159582038	M9562	0	0.002	0.02	0	0	0	0	0	0	0
4	113566418	M9463	0	0	0	0.001	0.147	0.332	0	0.001	0.084	0.099
18	20755381	M9543	0	0	0.425	0.002	0	0.093	0.002	0	0	0
11	64062967	M9708	0	0	0.02	0.001	0	0.001	0	0	0	0
19	3260352	M9465	0	0	0	0	0.128	0.001	0.002	0	0	0
9	120631541	M9611	0	0	0	0	0.001	0.082	0.001	0	0.001	0
13	60607043	M9457	0	0.082	0.024	0.159	0.288	0.36	0.001	0.146	0.086	0.077
6	70470212	M9689	0	0	0	0	0.001	0	0.001	0.175	0	0
14	21968333	M9631	0	0.157	0	0.001	0	0	0	0	0	0.001
21	23840856	M9517	0	0.001	0	0.001	0.141	0	0	0	0.001	0.001
5	47203644	M9494	0	0.1	0	0	0.001	0	0	0	0.101	0.097
1	139469818	M9479	0	0	0.027	0.001	0	0	0.001	0	0.001	0
20	31889661	M9523	0	0	0	0	0.001	0	0	0	0.206	0.001
7	114097483	M9464	0	0.001	0	0.142	0.001	0	0	0	0	0.001
10	10060050	M9641	0	0	0	0.148	0.001	0	0	0.001	0.001	0
2	232828244	M9587	0	0.001	0	0	0	0	0.002	0	0	0.084
11	128923485	M9518	0	0	0	0.001	0.143	0	0	0	0	0.001
6	9722878	M9574	0	0	0	0.319	0.001	0.002	0	0	0	0
15	51205730	M9511	0	0.002	0.001	0.117	0	0.001	0	0	0	0.001
18	48582467	M9460	0	0.092	0.001	0	0.133	0	0	0.146	0	0
12	65156603	M9673	0	0.001	0	0.136	0	0	0.001	0	0	0
10	24870627	M9586	0	0.135	0	0	0	0	0	0.001	0	0.137
10	7531998	M9642	0	0.132	0	0	0	0	0.001	0	0.001	0
3	143417071	M9466	0	0	0.001	0	0.141	0.002	0	0.001	0	0
11	86883737	M9472	0	0.001	0	0	0.129	0	0	0.002	0.1	0.001
9	108386768	M9454	0	0.137	0.448	0	0.001	0.063	0	0.181	0.001	0
23	18351661	M9509	0	0	0	0	0	0	0.001	0.127	0.002	0.001
