#chrom	pos	desc	normal	sample1	sample2	sample3	sample4	sample5	sample6	sample7	sample8	sample9	sample10	sample11	sample12	sample13	sample14
6	136271845	M9620	0	0.0003	0.0004	0	0.1562	0.0004	0.4136	0.0003	0.0004	0.0004	0	0.0003	0.0003	0.0003	0.0001
17	3867354	M9452	0	0.2371	0.4169	0.0002	0.3392	0.0001	0.419	0.3704	0.3061	0.4607	0.2727	0.4567	0.4291	0.0004	0.4683
21	45630833	M9528	0	0.0757	0.0004	0.0002	0.0004	0.0001	0.001	0.0003	0.0008	0.0002	0.0002	0.0004	0.0002	0.0003	0.4802
4	190629587	M9456	0	0.1605	0.4151	0.0002	0.3136	0.0002	0.4231	0.4215	0.2003	0.4605	0.2708	0.1507	0.0004	0.0001	0.0005
5	77408444	M9532	0	0.1525	0.0002	0.0007	0.0003	0.0004	0.0006	0.1252	0.0003	0.0001	0.0004	0.0004	0.0004	0.0003	0.0002
13	111864252	M9474	0	0.0007	0.0004	0.0003	0.0163	0.0002	0.0004	0.0001	0.1142	0.0004	0.0005	0.3041	0.4246	0.0002	0.0005
19	9154496	M9646	0	0.0002	0.0006	0.0002	0.0003	0.0003	0.0006	0.0005	0.0005	0.0002	0.1919	0.0001	0.0003	0.0003	0.0003
3	31246468	M9698	0	0.0004	0.0002	0.0001	0.0003	0.0657	0.0002	0.0004	0.0001	0.0003	0.0005	0.0005	0.0004	0.0003	0.0002
21	53040935	M9553	0	0.0006	0.0002	0.0003	0	0.0003	0.0001	0.0005	0.0006	0.0006	0.0002	0.3077	0.4228	0.0001	0.0004
22	58221813	M9654	0	0.0001	0.0001	0.0006	0.1519	0.0003	0.0004	0.0001	0.0006	0.0006	0.0005	0.0004	0.0007	0.0001	0.0002
23	17143414	M9650	0	0.0003	0.0001	0.0006	0.0004	0.0803	0.0003	0.0003	0.0005	0.0216	0.0006	0.0005	0.0001	0.0007	0.0003
8	134927682	M9556	0	0.0002	0.0004	0.0004	0.0004	0.0003	0.0006	0.1392	0.0004	0.0003	0.0003	0.1426	0.0001	0.0007	0.0005
3	14065794	M9603	0	0.0002	0.0002	0.0005	0.0005	0.0005	0.0002	0.0002	0.2046	0.0005	0.0004	0.0003	0.0003	0.0004	0.0002
20	14706509	M9508	0	0.0006	0.0005	0.0004	0.0008	0.2123	0.0003	0.0002	0.0003	0.0005	0.0002	0.0003	0.0004	0.0005	0.0006
23	14864054	M9643	0	0.0002	0.0005	0.0005	0.0002	0.0003	0.0006	0.0006	0.0002	0.0004	0.0889	0.0004	0.0003	0.0004	0.0002
6	127201751	M9608	0	0.2589	0.0003	0.0006	0.0001	0.0005	0.0008	0.0003	0.1787	0.0005	0.0002	0.0003	0.0003	0.0003	0.0001
12	42820111	M9645	0	0.0004	0.0003	0.0004	0.0005	0.2227	0.0002	0.0006	0.0004	0.0005	0.0004	0.0004	0.0003	0.0002	0.0004
7	36432444	M9625	0	0.0002	0.0002	0	0.0002	0.0007	0.0004	0.0004	0.0001	0.4544	0.0001	0.0003	0.0001	0.0003	0.0001
16	78357412	M9668	0	0.0003	0.0003	0.0007	0.0003	0.0001	0.0003	0.0005	0.0002	0.0004	0.0001	0.1514	0.0002	0.0005	0.0003
2	78815053	M9505	0	0.0003	0.0008	0.0001	0.0007	0.0005	0.0001	0.1543	0.0004	0.0003	0.0003	0.0006	0.0002	0.0003	0.0001
9	86663733	M9526	0	0.0002	0.0003	0.0003	0.1597	0.0003	0.0001	0.0004	0.0001	0.0001	0.0004	0	0.0004	0	0.0001
5	14874558	M9493	0	0.0004	0.0004	0.0002	0.0163	0.0002	0.0006	0.0003	0.0005	0.0003	0.0003	0.0004	0.0004	0.0001	0.0004
8	125129756	M9634	0	0.2641	0.0002	0.0005	0.0005	0.0004	0.0003	0.0005	0.0001	0.0002	0.0002	0.0005	0.0001	0.0006	0.0002
22	28266344	M9588	0	0.0004	0.0005	0.0004	0.0163	0.0005	0.0001	0.0004	0.0009	0.0005	0.0006	0.0003	0.0001	0.0002	0.0005
5	27635927	M9455	0	0.2495	0.0005	0.4113	0.0005	0.0833	0	0.0002	0.1449	0.0175	0.0003	0.0002	0.0006	0.0003	0.0003
10	98324632	M9605	0	0.1566	0.0001	0.0004	0.0001	0	0.0003	0.1257	0.0001	0.0003	0.0002	0.0002	0.0003	0.0001	0.0003
18	80955496	M9459	0	0.0004	0.0007	0.0004	0.1505	0.1669	0	0.0003	0.0003	0.0001	0.1295	0.0004	0.0004	0.4563	0.0002
10	111859132	M9609	0	0.0002	0.0008	0.0002	0.0005	0.0847	0.0002	0.0003	0.0002	0.0205	0.0002	0.0004	0.0004	0.0002	0.0007
20	28361062	M9462	0	0.0794	0.0002	0.0001	0.0005	0.0002	0.0005	0.0003	0	0.0002	0.0002	0.0002	0.0001	0.0005	0.471
9	133542217	M9584	0	0.0002	0.0002	0.0005	0.0002	0.0002	0.0003	0.0002	0.0003	0.0004	0.1836	0.0003	0.0007	0.0003	0.0005
17	45957267	M9537	0	0.0001	0.0004	0.0005	0.0001	0.0003	0.0003	0.1552	0.0001	0.0002	0.0004	0.0005	0.0008	0.0002	0.0003
1	64894362	M9568	0	0.0002	0.0005	0.0002	0.001	0.2261	0.0006	0.0003	0.0006	0.0001	0.0002	0.0002	0.0005	0.0004	0.0003
19	75354029	M9647	0	0.0003	0.0002	0.0003	0.0154	0.0005	0.0002	0.0006	0.0003	0.0005	0.0003	0.0003	0.0002	0.0005	0.0002
20	9140898	M9477	0	0.0001	0.4145	0.0001	0.0002	0.0006	0.0006	0.0002	0.0004	0.0001	0.0007	0.0001	0.0007	0.0005	0.0005
7	45245949	M9482	0	0.0004	0.0003	0.0004	0.0004	0.0005	0.0004	0.1545	0.0005	0.0004	0.0006	0.0002	0.0003	0.0002	0.0003
10	52203905	M9498	0	0.0003	0.0003	0.0005	0.0004	0.0004	0.0003	0.1386	0.0003	0.0006	0.0005	0.1394	0.0005	0.0004	0.0005
5	80031105	M9473	0	0.0003	0.4148	0.0006	0.0003	0.0006	0.0003	0.0005	0.0003	0.0004	0.0004	0.0004	0.0006	0.0002	0.0004
4	113566418	M9463	0	0.0005	0.0004	0.0004	0.0005	0.0001	0.0005	0.2859	0.0006	0.0003	0.0003	0.1452	0.0002	0.0007	0.0001
3	55262220	M9688	0	0.0002	0.0003	0.0004	0.0002	0.0004	0.0005	0.0003	0.0003	0.0001	0.0003	0.3116	0.0003	0.0003	0.0003
11	46184928	M9581	0	0.0002	0.0004	0.0003	0.0001	0.0003	0.0005	0.1378	0.0001	0.0001	0.0002	0.0002	0.0001	0.0002	0.0004
4	36604149	M9712	0	0.0002	0.0002	0.0003	0.1591	0.0003	0.0004	0.0003	0.0006	0.0002	0.0001	0	0.0007	0	0.0005
7	80684741	M9497	0	0.0004	0.0004	0.0002	0.0002	0.1619	0.0003	0.0003	0.0002	0.0003	0.0004	0.0004	0.0003	0.4519	0.0007
13	60607043	M9457	0	0.1607	0.4129	0.0002	0.3213	0.0007	0.4267	0.411	0.1983	0.4569	0.1874	0.1456	0.0005	0.0003	0.0001
21	24259530	M9720	0	0.0006	0.0001	0.0003	0.0002	0.2232	0.0006	0.0003	0.0005	0.0006	0.0003	0.0005	0	0.0002	0.0001
14	21968333	M9631	0	0.0003	0.0003	0.0001	0.1514	0.0003	0.0005	0.0005	0.0004	0.0004	0.1328	0.0003	0.0007	0.0004	0.0002
21	23840856	M9517	0	0.0002	0.0001	0.0003	0.1564	0.0001	0.0005	0.0002	0.0005	0.0004	0.0003	0.0006	0.0003	0.0001	0.0003
5	99577237	M9471	0	0.0002	0.0007	0.0003	0.0003	0.1703	0.0005	0.0006	0.0002	0.0003	0.0003	0.0003	0.0002	0.4555	0.0006
13	102695689	M9513	0	0.0004	0.0002	0.0002	0.0002	0.0001	0.0003	0.1516	0.0001	0.0004	0.0004	0.0001	0.0001	0.0007	0
5	47203644	M9494	0	0.0003	0.0006	0.0003	0.0005	0.231	0.0006	0.0003	0.0006	0.0003	0.0001	0.0003	0.0003	0.0002	0.0002
19	9779459	M9684	0	0.0007	0.0006	0.4231	0.0001	0.0001	0.0005	0.0001	0.0002	0.0001	0.0004	0.0002	0.0001	0.0001	0.0002
1	139469818	M9479	0	0.0003	0.0003	0.0007	0.1582	0.0002	0.4126	0.0005	0.0001	0.0004	0.0003	0.0001	0.0006	0.0007	0.0001
17	32616227	M9551	0	0.0002	0.0005	0.0003	0.0005	0.0002	0.0002	0.0004	0.0002	0.0005	0.0923	0.0005	0.0002	0.0001	0.0002
20	31889661	M9523	0	0.2604	0.0004	0.0001	0.0001	0.0004	0.0005	0.0001	0.1794	0.0005	0.0002	0.0003	0.0004	0.0004	0.0004
7	114097483	M9464	0	0.1575	0.0003	0.0002	0.0003	0.0005	0.0004	0.1236	0.1929	0.4624	0.1896	0.0004	0.0005	0.0002	0.0007
15	55166568	M9525	0	0.0002	0.0003	0.0002	0.0004	0.0005	0.0003	0.1474	0.0003	0.0004	0.0002	0.0002	0.0004	0.0002	0.0004
15	51205730	M9511	0	0.1639	0.0006	0.0001	0.0006	0.0003	0.0003	0.1308	0.1954	0.4545	0.1833	0.0005	0.0001	0.0006	0.0002
18	48582467	M9460	0	0.0003	0.4155	0.0002	0.1672	0.0003	0.0001	0.0008	0.0003	0	0.0004	0.0001	0.0005	0.0002	0.0002
23	15079877	M9550	0	0.0003	0.0003	0.0005	0.0002	0.0003	0.0005	0.0004	0.1083	0.0003	0.0003	0.0007	0.0002	0.0002	0.0005
7	134537746	M9648	0	0.0005	0.0004	0.0007	0.0004	0.0001	0.0001	0.0003	0.1927	0.0003	0.0004	0.0002	0.0005	0.0004	0.0002
4	143083125	M9704	0	0.0001	0.0003	0.0003	0.0004	0.0003	0.0003	0.0001	0.0005	0.0003	0.0002	0.0002	0.0001	0.0004	0.4825
4	78865120	M9578	0	0.1553	0.0004	0.0003	0.0005	0.0002	0.0005	0.1259	0.0003	0.0002	0.0006	0.0003	0.0004	0	0.0001
10	24870627	M9586	0	0.0003	0.0001	0.0005	0.135	0.0002	0.0006	0.0005	0.0002	0.0008	0.1288	0.0003	0.0002	0.0003	0.0001
3	143417071	M9466	0	0.0004	0.4151	0.0006	0.1594	0.0001	0.0002	0.0003	0.0003	0.0004	0	0.0003	0.0003	0.0005	0.0007
11	86883737	M9472	0	0.0003	0.0004	0.0004	0.0002	0.0001	0.0001	0.1327	0.0007	0.0007	0.0002	0.1465	0.0003	0.0005	0.0002
16	54338299	M9589	0	0.0006	0.0003	0.0004	0.0004	0.1606	0.0002	0.0006	0.0003	0.0003	0.0008	0.0004	0	0.0006	0.0003
9	108386768	M9454	0	0.0759	0.0003	0.0004	0.0175	0.0003	0.0003	0.0006	0.112	0.0009	0.0003	0.3132	0.427	0.0003	0.4718
23	18351661	M9509	0	0.0003	0.0005	0.0004	0.0002	0.0005	0.0002	0.0005	0.1168	0.0004	0.0004	0.0006	0.0003	0.0002	0.0004
