#chrom	pos	desc	normal	sample1	sample2	sample3	sample4	sample5	sample6	sample7	sample8	sample9	sample10	sample11	sample12	sample13	sample14
6	136271845	M9620	0	0	0	0	0.158	0	0.4192	0	0	0	0	0	0	0	0
17	3867354	M9452	0	0.2322	0.4158	0	0.335	0	0.4192	0.3667	0.3087	0.4562	0.2757	0.4522	0.4289	0	0.4772
21	45630833	M9528	0	0.076	0	0	0	0	0	0	0	0	0	0	0	0	0.4772
4	190629587	M9456	0	0.1562	0.4158	0	0.319	0	0.4192	0.4178	0.1964	0.4562	0.2757	0.1438	0	0	0
5	77408444	M9532	0	0.1562	0	0	0	0	0	0.127	0	0	0	0	0	0	0
13	111864252	M9474	0	0	0	0	0.016	0	0	0	0.1124	0	0	0.3084	0.4289	0	0
19	9154496	M9646	0	0	0	0	0	0	0	0	0	0	0.1842	0	0	0	0
3	31246468	M9698	0	0	0	0	0	0.0663	0	0	0	0	0	0	0	0	0
21	53040935	M9553	0	0	0	0	0	0	0	0	0	0	0	0.3084	0.4289	0	0
22	58221813	M9654	0	0	0	0	0.1513	0	0	0	0	0	0	0	0	0	0
23	17143414	M9650	0	0	0	0	0	0.0812	0	0	0	0.0211	0	0	0	0	0
8	134927682	M9556	0	0	0	0	0	0	0	0.1391	0	0	0	0.1438	0	0	0
3	14065794	M9603	0	0	0	0	0	0	0	0	0.1964	0	0	0	0	0	0
20	14706509	M9508	0	0	0	0	0	0.2091	0	0	0	0	0	0	0	0	0
23	14864054	M9643	0	0	0	0	0	0	0	0	0	0	0.0915	0	0	0	0
6	127201751	M9608	0	0.2614	0	0	0	0	0	0	0.1776	0	0	0	0	0	0
12	42820111	M9645	0	0	0	0	0	0.2261	0	0	0	0	0	0	0	0	0
7	36432444	M9625	0	0	0	0	0	0	0	0	0	0.4562	0	0	0	0	0
16	78357412	M9668	0	0	0	0	0	0	0	0	0	0	0	0.1438	0	0	0
2	78815053	M9505	0	0	0	0	0	0	0	0.1517	0	0	0	0	0	0	0
9	86663733	M9526	0	0	0	0	0.1609	0	0	0	0	0	0	0	0	0	0
5	14874558	M9493	0	0	0	0	0.016	0	0	0	0	0	0	0	0	0	0
8	125129756	M9634	0	0.2614	0	0	0	0	0	0	0	0	0	0	0	0	0
22	28266344	M9588	0	0	0	0	0.016	0	0	0	0	0	0	0	0	0	0
5	27635927	M9455	0	0.2614	0	0.4229	0	0.0812	0	0	0.1484	0.0211	0	0	0	0	0
10	98324632	M9605	0	0.1562	0	0	0	0	0	0.127	0	0	0	0	0	0	0
18	80955496	M9459	0	0	0	0	0.1513	0.1601	0	0	0	0	0.1312	0	0	0.4554	0
10	111859132	M9609	0	0	0	0	0	0.0812	0	0	0	0.0211	0	0	0	0	0
20	28361062	M9462	0	0.076	0	0	0	0	0	0	0	0	0	0	0	0	0.4772
9	133542217	M9584	0	0	0	0	0	0	0	0	0	0	0.1842	0	0	0	0
17	45957267	M9537	0	0	0	0	0	0	0	0.1517	0	0	0	0	0	0	0
1	64894362	M9568	0	0	0	0	0	0.2261	0	0	0	0	0	0	0	0	0
19	75354029	M9647	0	0	0	0	0.016	0	0	0	0	0	0	0	0	0	0
20	9140898	M9477	0	0	0.4158	0	0	0	0	0	0	0	0	0	0	0	0
7	45245949	M9482	0	0	0	0	0	0	0	0.1517	0	0	0	0	0	0	0
10	52203905	M9498	0	0	0	0	0	0	0	0.1391	0	0	0	0.1438	0	0	0
5	80031105	M9473	0	0	0.4158	0	0	0	0	0	0	0	0	0	0	0	0
4	113566418	M9463	0	0	0	0	0	0	0	0.2908	0	0	0	0.1438	0	0	0
3	55262220	M9688	0	0	0	0	0	0	0	0	0	0	0	0.3084	0	0	0
11	46184928	M9581	0	0	0	0	0	0	0	0.1391	0	0	0	0	0	0	0
4	36604149	M9712	0	0	0	0	0.158	0	0	0	0	0	0	0	0	0	0
7	80684741	M9497	0	0	0	0	0	0.1601	0	0	0	0	0	0	0	0.4554	0
13	60607043	M9457	0	0.1562	0.4158	0	0.319	0	0.4192	0.4178	0.1964	0.4562	0.1842	0.1438	0	0	0
21	24259530	M9720	0	0	0	0	0	0.2261	0	0	0	0	0	0	0	0	0
14	21968333	M9631	0	0	0	0	0.1513	0	0	0	0	0	0.1312	0	0	0	0
21	23840856	M9517	0	0	0	0	0.1609	0	0	0	0	0	0	0	0	0	0
5	99577237	M9471	0	0	0	0	0	0.1601	0	0	0	0	0	0	0	0.4554	0
13	102695689	M9513	0	0	0	0	0	0	0	0.1517	0	0	0	0	0	0	0
5	47203644	M9494	0	0	0	0	0	0.2261	0	0	0	0	0	0	0	0	0
19	9779459	M9684	0	0	0	0.4229	0	0	0	0	0	0	0	0	0	0	0
1	139469818	M9479	0	0	0	0	0.158	0	0.4192	0	0	0	0	0	0	0	0
17	32616227	M9551	0	0	0	0	0	0	0	0	0	0	0.0915	0	0	0	0
20	31889661	M9523	0	0.2614	0	0	0	0	0	0	0.1776	0	0	0	0	0	0
7	114097483	M9464	0	0.1562	0	0	0	0	0	0.127	0.1964	0.4562	0.1842	0	0	0	0
15	55166568	M9525	0	0	0	0	0	0	0	0.1517	0	0	0	0	0	0	0
15	51205730	M9511	0	0.1562	0	0	0	0	0	0.127	0.1964	0.4562	0.1842	0	0	0	0
18	48582467	M9460	0	0	0.4158	0	0.1609	0	0	0	0	0	0	0	0	0	0
23	15079877	M9550	0	0	0	0	0	0	0	0	0.1124	0	0	0	0	0	0
7	134537746	M9648	0	0	0	0	0	0	0	0	0.1964	0	0	0	0	0	0
4	143083125	M9704	0	0	0	0	0	0	0	0	0	0	0	0	0	0	0.4772
4	78865120	M9578	0	0.1562	0	0	0	0	0	0.127	0	0	0	0	0	0	0
10	24870627	M9586	0	0	0	0	0.1303	0	0	0	0	0	0.1312	0	0	0	0
3	143417071	M9466	0	0	0.4158	0	0.1609	0	0	0	0	0	0	0	0	0	0
11	86883737	M9472	0	0	0	0	0	0	0	0.1391	0	0	0	0.1438	0	0	0
16	54338299	M9589	0	0	0	0	0	0.1601	0	0	0	0	0	0	0	0	0
9	108386768	M9454	0	0.076	0	0	0.016	0	0	0	0.1124	0	0	0.3084	0.4289	0	0.4772
23	18351661	M9509	0	0	0	0	0	0	0	0	0.1124	0	0	0	0	0	0
