#chrom	pos	desc	normal	sample1	sample2	sample3	sample4	sample5	sample6	sample7	sample8	sample9
10	3718659	M13607	0	0.001	0.001	0	0	0	0	0	0.001	0.209
17	6362147	M12501	0	0.464	0	0	0.001	0.001	0.001	0	0	0
15	45241223	M12823	0	0	0	0	0	0	0	0.083	0	0
4	91093834	M12468	0	0	0.001	0.001	0	0	0	0	0	0.176
6	6331795	M13224	0	0	0.001	0	0	0	0.001	0.08	0	0
7	64450634	M12618	0	0	0.001	0.285	0	0.002	0	0.001	0	0
17	39356261	M13014	0	0.001	0	0	0	0.386	0	0	0	0.001
7	139814186	M12559	0	0	0.001	0.001	0.304	0.001	0.002	0.001	0	0
6	170663770	M12452	0	0	0	0	0	0.393	0	0.001	0	0
20	41337312	M12843	0	0	0	0.001	0	0	0	0.001	0.002	0.154
6	102027309	M12445	0	0.001	0	0.001	0	0.365	0	0.002	0	0
17	5504628	M12922	0	0	0.002	0	0.001	0.034	0.001	0	0	0
8	26058892	M12450	0	0.001	0.002	0	0.066	0.001	0	0.249	0	0.067
18	39217052	M12640	0	0.001	0.454	0	0	0	0	0	0	0.001
15	31879882	M12520	0	0	0.001	0	0	0.002	0.184	0	0	0
2	123141297	M12473	0	0	0	0.298	0.001	0	0	0.002	0	0.001
15	10694842	M12444	0	0.601	0.445	0.413	0.374	0.029	0.28	0.255	0.42	0.254
7	73293319	M12547	0	0	0	0	0.096	0	0.001	0	0	0
19	387556	M12883	0	0	0	0	0.002	0	0.196	0	0.001	0
16	31134964	M12669	0	0.001	0.001	0	0.001	0	0.001	0.001	0	0.071
11	89047679	M12586	0	0.003	0.001	0	0	0	0	0.075	0	0.001
9	62998137	M13235	0	0	0.001	0	0	0	0	0.08	0	0
21	36926155	M12516	0	0	0.001	0	0.001	0.033	0.001	0	0.001	0
23	13576334	M12456	0	0.425	0	0.121	0	0	0	0.076	0	0
17	46045505	M12479	0	0.001	0	0.124	0	0	0	0.085	0	0
4	88923256	M12446	0	0.443	0.464	0.407	0.309	0	0.051	0.176	0.437	0.251
7	107911548	M12474	0	0.002	0.008	0	0.061	0.001	0.001	0	0	0
15	98390350	M12614	0	0	0	0	0	0	0	0.001	0	0.151
8	115204807	M12833	0	0	0.001	0	0	0	0	0.22	0	0
19	54690011	M12609	0	0	0	0	0	0	0	0.001	0	0.188
1	204479495	M13298	0	0	0.001	0.001	0.001	0	0	0.073	0	0
17	83596528	M13140	0	0	0.006	0	0	0	0.001	0	0	0
19	41520598	M12449	0	0.454	0	0.367	0.292	0	0.001	0.099	0	0.19
23	20150317	M13942	0	0	0	0	0	0.001	0.198	0.001	0.001	0.001
7	96216686	M12850	0	0	0	0.259	0	0	0.001	0.001	0	0.002
21	42498789	M12585	0	0	0	0.001	0	0.028	0	0	0	0.001
15	7291377	M13469	0	0	0	0	0	0	0	0	0	0.06
14	109817655	M13799	0	0.452	0.001	0	0	0	0.001	0	0	0
21	36926901	M12709	0	0	0	0	0	0.032	0.002	0.001	0	0.001
23	14631764	M12842	0	0	0.002	0.001	0	0	0	0.087	0	0
17	57675659	M13185	0	0	0.001	0.125	0	0.001	0	0	0.001	0.001
5	18648848	M12907	0	0.001	0.001	0	0.296	0	0	0	0.001	0
1	225384754	M13117	0	0	0	0.001	0.001	0	0	0	0.392	0
18	14286122	M13671	0	0	0	0	0	0.001	0.07	0	0	0
22	58754160	M13953	0	0	0	0	0.315	0.001	0.001	0	0	0
11	68108987	M12773	0	0.001	0	0.118	0	0	0	0	0	0.001
4	103634367	M12495	0	0.001	0	0.001	0	0.001	0	0	0	0.063
12	58511862	M12461	0	0	0	0.001	0	0	0.188	0.085	0.001	0
5	119510276	M12598	0	0	0	0	0	0	0.001	0.203	0.001	0.002
9	72434265	M12465	0	0	0.001	0	0	0.001	0	0	0.446	0.002
21	28081103	M12930	0	0.001	0	0.001	0	0	0.076	0.001	0.001	0.002
22	29937560	M12581	0	0	0.003	0.001	0	0	0	0	0.001	0
10	78625098	M12683	0	0.001	0	0.001	0.049	0.001	0.001	0	0	0
6	164277471	M13172	0	0	0	0.001	0	0.002	0.001	0	0.002	0.054
1	53845956	M13239	0	0	0	0.001	0.001	0	0	0.001	0	0.178
14	7349692	M13087	0	0.443	0.001	0.001	0	0	0	0	0	0
10	21813717	M12679	0	0	0.001	0.001	0	0	0	0	0.406	0
5	121689535	M12448	0	0	0	0	0.001	0.032	0.188	0.07	0	0
13	81991589	M12545	0	0	0.001	0	0	0.001	0	0	0.437	0
