#chrom	pos	desc	normal	sample1	sample2	sample3	sample4	sample5	sample6	sample7	sample8	sample9	sample10	sample11	sample12	sample13	sample14
2	162513336	M7604	0	0.0005	0.0003	0.0006	0.0002	0.0006	0.0001	0.0006	0.0005	0.0003	0.0005	0.0002	0.0004	0.0003	0.0663
5	58443725	M7437	0	0.0003	0.0004	0.0004	0.1408	0.0176	0.0002	0.0003	0.0003	0.0004	0.0003	0.0003	0.1837	0.0005	0.0002
5	51165853	M7526	0	0.0002	0	0	0.0001	0.2239	0.0005	0.0003	0.0003	0.0003	0.0002	0.0005	0.0003	0.0002	0.0001
4	129834417	M7594	0	0.0002	0.0006	0.0005	0.0007	0.0004	0.0003	0.1553	0	0.0004	0.0001	0.0004	0.0004	0.0004	0.0005
18	1737327	M7491	0	0.0004	0.0004	0.0001	0.0002	0.0003	0.0004	0.0005	0.0003	0.1597	0.0002	0.0004	0.0003	0.4518	0.0005
22	40451823	M7503	0	0.0004	0.0002	0.1986	0.0003	0.2229	0.0003	0.0008	0.0005	0	0.0002	0.0005	0.0004	0.0003	0.0003
5	157018882	M7611	0	0.0002	0.0002	0.0007	0.0004	0.0002	0.0003	0.109	0.0002	0.0009	0.0002	0.0005	0.0005	0.0008	0
17	52558545	M7477	0	0.0004	0.0004	0.0002	0.0004	0.0003	0.0005	0.0004	0.0001	0.1572	0.0003	0.0003	0.0002	0.445	0.0005
2	236249052	M7626	0	0.0004	0.0002	0.0005	0.0003	0.0004	0.0003	0.0002	0.0003	0.1585	0.0002	0.0003	0.0004	0.447	0.0007
17	43852833	M7579	0	0.0003	0.0008	0.0003	0.0009	0.0009	0.0002	0.0003	0.0003	0.0003	0.0009	0.0001	0.0004	0.0002	0.3466
20	38065160	M7542	0	0.0001	0.0002	0.0003	0.0002	0.0003	0.0003	0.2269	0.0003	0.0005	0.0002	0.0002	0.0005	0.0003	0.0002
5	133399492	M7593	0	0.0007	0.0003	0.0005	0.0001	0.0002	0	0.2191	0.0004	0.0005	0.0004	0.0002	0.0002	0.0001	0.0001
18	16955218	M7427	0	0.0003	0	0.0004	0.0003	0.0003	0.0004	0.0006	0.0005	0.0002	0.0005	0.0001	0.0003	0.0005	0.0694
13	115691215	M7396	0	0.1132	0.0003	0.1064	0.0005	0.0008	0.0005	0.0004	0.0003	0.0002	0.2611	0.0004	0.1651	0.0001	0.0505
19	33079002	M7410	0	0.1332	0.0005	0.0554	0.0004	0.0003	0.0006	0.0006	0.0004	0.0004	0.0001	0.0005	0.0002	0.0002	0.0715
15	23823893	M7584	0	0.0003	0.0003	0.0601	0.0002	0.0003	0.0005	0.0004	0.0003	0.0004	0.0005	0.0006	0.0005	0.0004	0
8	143709624	M7485	0	0.0004	0.0006	0.1681	0.0003	0.0002	0.0008	0.0007	0.0004	0.0007	0.0485	0.0002	0.0648	0.0006	0.0002
12	3025477	M7451	0	0.0002	0.0003	0.0003	0.0002	0.0006	0.0001	0.0005	0.0003	0.0001	0.0005	0.0002	0.2155	0.0001	0.0002
23	31040126	M7680	0	0.0005	0.0003	0.0005	0.0005	0.0002	0.0005	0.0001	0.0002	0.0005	0.0005	0.0004	0.0003	0.0003	0.0099
22	45298367	M7401	0	0.2875	0.0003	0.0003	0.0002	0.0004	0.0116	0.0004	0.4722	0.0003	0.0004	0.0001	0	0.0002	0.0004
12	71753758	M7469	0	0.0002	0	0.0002	0.0005	0.0196	0.0002	0.0003	0.0001	0.0006	0.0002	0.0002	0.0005	0.0002	0.0003
11	84707073	M7602	0	0.0004	0.0003	0.0005	0.0002	0.0005	0.1506	0.0003	0.0005	0.0002	0.0351	0.0007	0.0002	0.0002	0.0006
17	75628429	M7468	0	0.0003	0.0002	0.0001	0.0003	0.0004	0.0122	0.0003	0.0003	0.0004	0.0004	0.0001	0.0004	0	0.0002
17	58440945	M7580	0	0.0005	0.0003	0.0001	0.0002	0	0.0003	0.0004	0.0002	0.0004	0.0005	0.323	0.0004	0.0001	0.0002
7	106023571	M7514	0	0.0006	0.0004	0.1669	0.0003	0.0004	0.0003	0.0009	0.0003	0.0005	0.0003	0.0001	0.0003	0.0005	0.0001
9	38927401	M7528	0	0.0004	0.0001	0.0002	0.0001	0.0005	0.0924	0.0006	0.0002	0.0002	0.0004	0.0004	0.0004	0.0006	0.0003
21	44664766	M7700	0	0.0003	0.0005	0.0002	0.0003	0	0.1561	0.0003	0.0004	0.0007	0.0004	0.0004	0.0002	0.0004	0
8	26181058	M7560	0	0.0003	0.0002	0.0004	0.0002	0.0003	0.0142	0.0003	0.0003	0.0003	0.0006	0.0004	0.0004	0.0002	0.0005
4	50015573	M7454	0	0.0007	0.0002	0.0003	0.1517	0.0157	0.0002	0.0002	0.0004	0.0003	0.0003	0.0004	0.1844	0.0005	0.0001
19	46241146	M7411	0	0.0002	0.0003	0.0002	0.1451	0.0208	0.0002	0.0004	0.0002	0.0005	0.0004	0.0004	0.191	0.0004	0.342
7	7174876	M7673	0	0.0004	0.0001	0	0.0003	0.0006	0.0003	0.0003	0.0001	0.0002	0.0004	0.0003	0.2141	0.0002	0.0005
15	41857131	M7413	0	0.0002	0.0003	0.0002	0.0005	0.0002	0.0876	0.0003	0.0003	0.0001	0.0001	0.0004	0.0004	0.0001	0.0004
15	34304353	M7390	0	0.0004	0.0003	0.1866	0.0002	0.2325	0.0846	0.3948	0.0005	0.1592	0.1656	0.0003	0.0005	0.4442	0.0003
21	25846713	M7656	0	0.0001	0.0007	0.0005	0.0005	0.2175	0.0005	0.0002	0.0001	0.0002	0.0003	0.0002	0.0002	0.0004	0
4	6987377	M7548	0	0.0004	0.0003	0.0001	0.0002	0.0004	0.0001	0.1604	0.0004	0.0005	0.0002	0.0003	0.0003	0.0002	0.0002
22	18168875	M7400	0	0.0003	0.0002	0.0004	0.0007	0.0003	0.0002	0.0005	0.0002	0.0006	0.1733	0.0006	0.0001	0.0002	0.0004
11	100895752	M7407	0	0.0001	0	0.0005	0.0004	0.0003	0.2145	0.0002	0.0001	0.0005	0.0005	0.0006	0.0002	0.0003	0.0002
9	137498255	M7455	0	0.0001	0.2691	0.0004	0.0004	0.2128	0.144	0.0003	0.0004	0.0004	0.0381	0.3222	0.0003	0.0002	0.0098
22	57368839	M7444	0	0.0002	0.0004	0.0002	0.0005	0.0005	0.0005	0.0002	0.0003	0.0001	0.0003	0.0004	0.0002	0.0002	0.3569
21	39192634	M7423	0	0.0005	0.0002	0.0002	0.0002	0.0005	0.0008	0.1598	0.0003	0.0005	0.0004	0.0004	0.0005	0.0004	0.0001
14	98903015	M7422	0	0.0003	0.0003	0.0614	0.0003	0.0003	0.0007	0.0003	0.0005	0.0004	0.0001	0.0002	0.0004	0.0003	0.0004
3	122374299	M7417	0	0.0002	0.0002	0.0001	0.1375	0.0177	0.0003	0.0008	0.0004	0.0005	0.0002	0.0003	0.1896	0.0001	0.0004
21	35837334	M7521	0	0.0004	0.0004	0.0004	0.0005	0.0002	0.0001	0.2386	0.0003	0.0004	0.0003	0.0005	0.0003	0.0005	0.0003
7	149458239	M7663	0	0.0005	0.0004	0.0008	0.0002	0.0001	0.0002	0.1554	0.0002	0.0005	0.0002	0.0007	0.0005	0.0002	0.0003
3	72269668	M7551	0	0.0003	0.0002	0.0002	0.0002	0.0007	0.0003	0.0002	0.0007	0.0003	0.0003	0.0003	0.0004	0.0007	0.0093
15	36562714	M7460	0	0.0004	0.0002	0.1195	0.0004	0.0005	0.0004	0.0002	0.0003	0.0005	0.0003	0.0005	0.0002	0.0003	0.0001
15	21576980	M7453	0	0.0001	0.0004	0.0005	0.0002	0.0004	0.0122	0	0.0001	0.0005	0.0003	0.0002	0.0003	0.0002	0.0003
2	82628777	M7416	0	0.0004	0.0003	0.0007	0.0003	0.0011	0.0005	0.2302	0.0002	0.1554	0.0002	0.0004	0.0004	0.4477	0.0004
18	71173806	M7394	0	0.0003	0.0006	0.1947	0.0002	0.2316	0.0893	0.391	0.0005	0.1534	0.1689	0.0005	0.0001	0.4458	0.0002
7	140838428	M7574	0	0.0002	0.0002	0.0004	0.0005	0.0002	0.0004	0.0004	0.0005	0.0003	0.0004	0.1368	0.0002	0.0002	0.0004
12	17425329	M7535	0	0.1306	0.0002	0.0007	0	0.0005	0.0002	0.0002	0.0006	0.0008	0.0003	0.0005	0.0004	0.0004	0.0005
14	12238177	M7449	0	0.0003	0.0002	0.0001	0.0002	0.0003	0.0001	0.0004	0.0003	0.0002	0.0003	0.0003	0.0003	0.0007	0.0688
18	49850064	M7644	0	0.0004	0.0002	0.0001	0.0002	0.0002	0.2071	0.0004	0.0003	0.0003	0.0005	0.0003	0.0008	0.0002	0.0004
22	26836917	M7402	0	0.0002	0	0.0004	0.0002	0.0003	0.0874	0.0003	0.0003	0.0003	0.1719	0.0002	0.0004	0.0005	0.0005
3	63308417	M7470	0	0.1293	0.0003	0.0004	0.0007	0.0004	0.0005	0.0001	0.0002	0.0006	0.0004	0.0002	0.0005	0.0004	0.0002
1	178888967	M7694	0	0.0005	0.0002	0.0003	0.0004	0.0006	0.0893	0.0004	0.0003	0.0007	0.0001	0.0004	0.0002	0.0003	0.0003
21	55406917	M7414	0	0.0005	0.1837	0.0002	0.181	0.0002	0.0004	0.0001	0.0005	0.0002	0.0005	0.0002	0.0002	0.0001	0.0001
20	26325399	M7534	0	0.0002	0.0004	0.0004	0.0005	0.0188	0.0004	0.0007	0.0004	0.0003	0.0002	0.0003	0.0004	0.0002	0.0004
11	98102432	M7641	0	0.0001	0.0004	0.0004	0.0001	0.0006	0.0846	0.0002	0	0.0002	0.0001	0.0005	0.0005	0.0003	0.0004
10	6688423	M7458	0	0.0008	0.0005	0.1656	0.0003	0.0005	0.0004	0.0007	0.0003	0.0006	0.0483	0.0001	0.0599	0.0004	0.0001
9	123263040	M7408	0	0.0003	0.0005	0.0003	0.0006	0.0004	0.0002	0.2278	0.0001	0.155	0	0.0001	0.0003	0.4481	0.0002
15	19314624	M7418	0	0	0.0001	0.0007	0.0003	0.0002	0.0003	0.0005	0.0002	0.2876	0.0003	0.0003	0.0006	0.0005	0.0004
8	48689546	M7440	0	0.0005	0.2758	0.0001	0.0001	0.2233	0.1567	0.0005	0.0001	0.0002	0.0376	0.3284	0.0003	0.0003	0.0106
14	4840468	M7442	0	0.0004	0.0007	0.0002	0.0968	0.0008	0.0003	0.1119	0	0.0004	0.0003	0.0004	0.0006	0.0004	0.0002
2	13264555	M7640	0	0.0001	0.0001	0.0002	0.0002	0.0003	0.0002	0.0006	0.0005	0.0007	0.0005	0.0003	0.0005	0.0003	0.0671
14	79618023	M7406	0	0.1336	0.0003	0.0582	0.0004	0.0003	0.0001	0.0004	0.0005	0.0003	0.0002	0.0004	0.0001	0.0002	0.0704
3	88063837	M7583	0	0.0005	0.0003	0.0002	0.0005	0.0004	0.0002	0.0004	0.0006	0.0003	0.044	0.0003	0.0591	0.0003	0.0004
15	15711320	M7447	0	0.0002	0.0004	0.0002	0.0006	0.0004	0.0001	0.0003	0.0001	0.151	0.0003	0.0001	0.0004	0.444	0.0003
6	92658740	M7412	0	0.0001	0.0005	0.0003	0.0001	0.0005	0.0128	0.0001	0.4711	0.0008	0.0004	0.0008	0.0003	0.0003	0.0002
16	371563	M7554	0	0.0006	0.0003	0.0004	0.0006	0.0004	0.0003	0.0156	0.0005	0.0004	0.0003	0.0002	0.0003	0.0003	0.0005
21	42992721	M7603	0	0.0005	0.0003	0.0001	0.0002	0.0004	0.0004	0.0005	0.0004	0.2823	0.0003	0.0002	0.0007	0.0002	0.0003
9	140364340	M7671	0	0.0001	0.0002	0.0001	0.0002	0.0002	0.0131	0.0001	0.0001	0.0005	0.0005	0.0006	0.0005	0.0003	0.0002
10	135680751	M7573	0	0.0004	0.0002	0.1972	0.0003	0.2266	0.0005	0.0002	0.0005	0.0002	0.0001	0.0005	0.0004	0.0006	0.0004
8	98326780	M7397	0	0.0004	0.0003	0.0004	0.0006	0.0001	0.0882	0.1552	0.0003	0.0005	0.1699	0.0006	0.0003	0.0004	0.0003
18	9671545	M7635	0	0.0005	0.0002	0.0004	0.0004	0.0003	0.0133	0.0003	0.0006	0.0004	0.0004	0.0009	0.0003	0.0002	0.0002
19	8025981	M7494	0	0.0004	0.0006	0.0003	0.0002	0.0004	0.0004	0.001	0.0002	0.2902	0.0004	0.0009	0.0004	0.0001	0.0003
14	115077398	M7457	0	0.0002	0.0003	0.0005	0.0002	0.0004	0.0003	0.0005	0.0006	0.154	0.0006	0.0006	0.0006	0.447	0.0003
8	63489959	M7699	0	0.0002	0.0003	0.0003	0.0004	0.2201	0.0003	0	0.0002	0.0002	0.0005	0.0006	0	0.0001	0.0003
22	31367710	M7552	0	0.0005	0.0002	0.16	0.0007	0.0004	0.0002	0.0004	0.0006	0.0004	0.0005	0.0004	0.0001	0.0002	0.0002
2	18135143	M7483	0	0.0001	0.0004	0.0006	0.0001	0.0002	0.0003	0.0001	0.0004	0.0001	0.0002	0.0003	0.0003	0.0003	0.0704
10	55481338	M7665	0	0.0002	0.0005	0.0004	0.0004	0.0001	0.1574	0.0003	0.0003	0.0001	0	0.0002	0.0005	0.0004	0.0004
4	125356873	M7405	0	0.0003	0.0002	0.0004	0.0005	0.0003	0.0003	0.0004	0.0002	0.0001	0.1712	0.0001	0.0002	0	0.0001
19	2135105	M7502	0	0.0008	0	0.0003	0.0005	0.0001	0.0006	0.0002	0.0003	0.0003	0	0.0004	0.0002	0.0005	0.0712
1	114475069	M7622	0	0.0002	0.1833	0.0004	0.0002	0	0.0002	0.0003	0.0009	0.0003	0.0001	0.0002	0.0001	0.0005	0.0004
6	86798490	M7610	0	0.0003	0.0005	0.0005	0.0006	0.0004	0.0951	0.0003	0.0003	0	0.0003	0.0002	0.0004	0.0004	0.0005
1	98778905	M7436	0	0.0004	0.0008	0.0003	0.0006	0.0005	0.0003	0.224	0.0004	0	0.0002	0.0007	0.0007	0.0006	0.0003
3	34332750	M7531	0	0.0004	0.0002	0.0001	0.0006	0.0005	0.0002	0.1135	0.0004	0.0001	0.0002	0.0004	0	0.0003	0.0003
4	128697907	M7473	0	0.0001	0.0005	0.0006	0.0004	0.0003	0.0006	0.1567	0	0.0001	0.0002	0.0007	0.0002	0.0001	0.0002
2	112950039	M7395	0	0.0006	0.1852	0.168	0.27	0.0001	0.0001	0.1114	0.0002	0.0008	0.0454	0.0001	0.0599	0.0003	0.0003
20	9613358	M7571	0	0.1327	0.0002	0.0004	0.0002	0.0001	0.0005	0.0002	0.0005	0.0004	0.0003	0.0004	0.0002	0.0004	0.0002
17	43988935	M7420	0	0.0001	0.0001	0.0002	0.0004	0.0003	0.0003	0.0005	0.0001	0.0001	0.0006	0	0.0001	0.0001	0.0704
13	13311417	M7539	0	0.0001	0.0001	0.1905	0.0006	0.227	0.0002	0.0003	0	0.0004	0.0006	0.0008	0.0006	0.0004	0.0001
5	99099808	M7685	0	0.1302	0.0002	0.0004	0.0002	0.0001	0.0006	0.0002	0.0002	0.0005	0.0001	0.0001	0.0003	0.0005	0.0006
9	18095655	M7513	0	0.0004	0.0004	0.0006	0.0008	0.2153	0.0008	0.0005	0.0003	0.0004	0.0005	0.0006	0.0004	0.0005	0.0089
3	47472539	M7498	0	0.0002	0.0005	0.0002	0.0006	0.0005	0.0002	0.152	0.0006	0.0003	0.0003	0.0002	0.0005	0.0003	0.0003
17	71280858	M7439	0	0.0007	0.0003	0.0002	0.0003	0.0007	0	0.0007	0.4756	0.0003	0.0009	0.0002	0.0005	0.0003	0.0003
