#chrom	pos	desc	normal	sample1	sample2	sample3	sample4	sample5	sample6	sample7	sample8	sample9
2	162513336	M7604	0	0	0	0	0	0	0.1235	0.1678	0	0
18	1737327	M7491	0	0	0	0	0	0	0.1259	0	0	0
22	40451823	M7503	0	0	0	0.1765	0	0	0	0	0	0
17	52558545	M7477	0	0	0	0	0	0	0.1259	0	0	0
20	38065160	M7542	0	0	0.4437	0	0	0	0	0	0.1838	0
5	133399492	M7593	0	0	0.4437	0	0	0	0	0	0	0
18	16955218	M7427	0	0	0	0	0	0	0.2438	0.1678	0.1926	0
13	115691215	M7396	0	0	0	0	0	0	0.196	0.1437	0.1696	0
19	33079002	M7410	0	0	0	0	0	0	0.2438	0.1678	0.2042	0
21	24077612	M7687	0	0	0	0	0	0	0	0.1189	0	0.4172
8	143709624	M7485	0	0	0	0.1561	0	0	0	0.1189	0	0.4172
11	84707073	M7602	0	0.123	0	0	0	0	0	0	0	0
14	107871457	M7547	0	0.1007	0	0	0	0	0	0	0	0
21	44664766	M7700	0	0.123	0	0	0	0	0	0	0	0
7	106023571	M7514	0	0	0	0.1561	0	0	0	0.1189	0	0.4172
15	34304353	M7390	0	0	0.4437	0.2824	0.4789	0.461	0.1259	0.1842	0.2199	0
4	6987377	M7548	0	0	0	0.1059	0	0	0	0	0	0
20	7130023	M7487	0	0	0	0	0	0	0	0	0.036	0
9	137498255	M7455	0	0.3166	0	0	0	0	0.0697	0	0	0
21	39192634	M7423	0	0	0	0.1059	0	0	0	0	0	0
21	35837334	M7521	0	0	0.4437	0	0	0	0	0	0.1838	0
2	82628777	M7416	0	0	0.4437	0	0	0	0.1259	0.1842	0.2199	0
18	71173806	M7394	0	0	0.4437	0.2824	0.4789	0.461	0.1259	0.1842	0.2199	0
14	108520799	M7425	0	0	0	0	0.4789	0	0	0	0	0
12	17425329	M7535	0	0	0	0	0	0	0	0	0.0116	0
14	12238177	M7449	0	0	0	0	0	0	0.2438	0.1678	0.1926	0
4	127923757	M7537	0	0.1936	0	0	0	0	0	0	0	0
16	83238086	M7628	0	0	0	0	0	0	0.1203	0	0	0
22	26836917	M7402	0	0	0	0	0.4789	0	0	0	0	0
3	63308417	M7470	0	0	0	0	0	0	0	0	0.0116	0
10	6688423	M7458	0	0	0	0.1561	0	0	0	0.1189	0	0.4172
3	94579535	M7464	0	0	0	0	0	0	0	0	0.036	0
9	123263040	M7408	0	0	0.4437	0	0	0	0.1259	0.1842	0.2199	0
8	48689546	M7440	0	0.4173	0	0	0	0	0.0697	0	0	0
14	79618023	M7406	0	0	0	0	0	0	0.2438	0.1678	0.2042	0
15	15711320	M7447	0	0	0	0	0	0	0.1259	0	0	0
1	183065834	M7482	0	0.1007	0	0	0	0	0	0	0	0
8	98326780	M7397	0	0	0	0.1059	0.4789	0.461	0	0	0	0
7	106197857	M7590	0	0	0	0	0	0	0	0.1189	0	0.4172
20	31152391	M7591	0	0	0	0	0	0.461	0	0	0	0
14	115077398	M7457	0	0	0	0	0	0	0.1259	0	0	0
4	72629875	M7481	0	0	0	0	0	0	0	0.1842	0	0
5	6054338	M7518	0	0	0	0	0	0.461	0	0	0	0
22	31367710	M7552	0	0	0	0.1561	0	0	0	0	0	0
2	18135143	M7483	0	0	0	0	0	0	0.2438	0.1678	0.1926	0
10	55481338	M7665	0	0.123	0	0	0	0	0	0	0	0
19	2135105	M7502	0	0	0	0	0	0	0.2438	0.1678	0	0
21	32671747	M7613	0	0	0	0	0	0	0	0	0.1838	0
19	17864316	M7674	0	0	0	0	0	0	0.0697	0	0	0
1	98778905	M7436	0	0	0.4437	0	0	0	0	0.1842	0.2199	0
4	128697907	M7473	0	0	0	0.1059	0	0	0	0	0	0
2	112950039	M7395	0	0	0	0.1561	0	0	0	0.1189	0	0.4172
20	9613358	M7571	0	0	0	0	0	0	0	0	0.0116	0
17	43988935	M7420	0	0	0	0	0	0	0.2438	0.1678	0.1926	0
2	18261035	M7524	0	0	0	0	0	0	0	0.1842	0	0
17	31173393	M7666	0	0	0	0	0	0	0.1235	0	0	0
3	47472539	M7498	0	0	0	0.1059	0	0	0	0	0	0
