#chrom	pos	desc	normal	sample1	sample2	sample3	sample4	sample5	sample6	sample7	sample8	sample9	sample10	sample11	sample12	sample13	sample14
16	49895285	M4166	0	0.1834	0.081	0.0006	0.0184	0.0004	0.0304	0.0001	0	0.0002	0.0191	0.2382	0	0.0005	0.1829
20	51253821	M4202	0	0.0002	0.0002	0.0003	0.0002	0.1897	0.0002	0.0003	0.0002	0.0004	0.0003	0.1566	0.0002	0.0001	0.1085
5	65652767	M4167	0	0.2266	0.0003	0.1479	0.0003	0.0003	0.0007	0.3143	0.0003	0.0005	0.0003	0.0004	0.0001	0.1765	0.1118
22	19101391	M4168	0	0.0004	0.3986	0.0007	0.0003	0.0003	0.0007	0.1279	0.0002	0.0006	0.0002	0.0004	0.0003	0.0008	0.0003
9	121655857	M4195	0	0	0.0005	0.0006	0.0003	0.0004	0.0002	0.0006	0.0005	0.0004	0.0214	0.0004	0.0005	0.0002	0.0002
9	56505114	M4185	0	0.0005	0.0005	0.0004	0.0001	0.0002	0.0003	0.0002	0.0059	0.0002	0.0002	0.0004	0.0004	0.0003	0
21	36178832	M4213	0	0.0003	0	0.2579	0.0001	0.0005	0.1285	0.0002	0.1214	0.0003	0.0005	0.0006	0.0002	0.0002	0
14	3524771	M4206	0	0.0003	0.0004	0.0004	0.0008	0.0002	0.0003	0.0003	0.0008	0.502	0.0001	0.0003	0.0001	0.0002	0.0005
20	39532542	M4155	0	0.0005	0.4009	0.0002	0.0007	0.0002	0.0005	0.1326	0.0001	0.0004	0.0001	0.0003	0.0003	0.0002	0.0006
7	54100913	M4163	0	0.239	0.0003	0.4913	0.2923	0.394	0.4232	0.3079	0.3957	0.0002	0.4538	0.1857	0.0998	0.4692	0.2358
2	210846274	M4212	0	0.0002	0.0003	0.0004	0.0003	0.1772	0.0005	0	0.0005	0.0003	0.0003	0.0231	0.0004	0.0005	0.0003
19	1312043	M4201	0	0.0001	0.0005	0.0003	0.1097	0.0002	0.0006	0.0005	0.0001	0.0002	0.0006	0.0008	0.2167	0.0005	0.0004
23	23187336	M4170	0	0.0001	0.4089	0.0006	0.0003	0.0002	0.0005	0.1323	0.0003	0.0004	0.0005	0.0001	0.0005	0.0003	0.0006
23	10977525	M4157	0	0.1816	0.0784	0.0006	0.0194	0.0003	0.0319	0.0005	0.0003	0.0005	0.0203	0.2443	0.0004	0.0002	0.1805
13	69925675	M4220	0	0.0005	0.0008	0.0002	0.1006	0.0005	0.0002	0.0005	0.0003	0.0006	0.0003	0.0003	0.0006	0.0005	0.0003
20	12622295	M4222	0	0.0003	0.0002	0.0003	0.0004	0.0003	0.1448	0.0005	0.1439	0.0001	0.0005	0.0002	0.0004	0.0005	0.0005
10	26248995	M4217	0	0.0001	0.0005	0.0004	0.0004	0	0.0222	0.0003	0.0004	0.0005	0.0002	0.0004	0.0005	0	0.0004
3	43226695	M4176	0	0.0001	0.0004	0.0002	0.0003	0.0003	0.0002	0.0004	0.0005	0.0001	0.0004	0.0001	0.1103	0.0005	0.0005
10	117700048	M4196	0	0.0004	0.0004	0.0006	0.0002	0.0003	0.0005	0.0003	0.0206	0.0004	0.0001	0.0004	0.0001	0.0003	0.0003
15	86781404	M4171	0	0.0004	0.0002	0.0004	0.1195	0.0061	0.0004	0.0002	0.0058	0.5064	0.0004	0.0005	0.2229	0.0005	0.0003
15	90544260	M4198	0	0.1313	0.0002	0.0003	0.0004	0.0005	0.0003	0.0003	0.0006	0	0.0001	0.0002	0.0006	0.0003	0.0327
13	21975128	M4161	0	0.2288	0.0002	0.4927	0.4013	0.4149	0.424	0.3141	0.4116	0.4975	0.4484	0.1754	0.4445	0.4571	0.22
2	180754862	M4226	0	0.2299	0.0005	0.1428	0.0003	0.0004	0.0005	0.0003	0.0003	0.0002	0.0004	0.0001	0.0004	0.0003	0.0001
8	78554570	M4207	0	0.0002	0	0.0002	0.0191	0.0003	0.0004	0.0002	0.0006	0.0006	0.0006	0.0003	0.0006	0.0003	0.0003
13	79171421	M4156	0	0.0001	0.4024	0.0004	0.0006	0.0003	0.0002	0.1377	0.0004	0.0002	0.0003	0	0.0005	0.0002	0.0006
19	45820077	M4165	0	0.0005	0.0002	0.3573	0.0005	0.3919	0.1387	0.0002	0.1401	0.0002	0.1748	0.1724	0.0975	0.2787	0.1109
4	159181252	M4191	0	0.0002	0.0004	0.0002	0.0002	0.3704	0	0	0.0001	0.0002	0.0003	0.1819	0.0003	0.2893	0.1068
13	83410951	M4211	0	0.0003	0.0003	0.0006	0.0002	0.0252	0.0005	0.0005	0.0003	0.0007	0.0004	0.0002	0.0002	0.0004	0.0003
9	113120809	M4216	0	0.0002	0.0004	0.0002	0.0004	0.0003	0.0006	0.0003	0.0005	0.0004	0.0004	0.0004	0.1054	0.0003	0.0004
5	179113993	M4172	0	0.0007	0.0005	0.0005	0.2803	0.0001	0.2823	0.0002	0.0002	0.0008	0.0006	0.0005	0.0007	0.0003	0.0001
17	3439837	M4158	0	0.234	0.0005	0.5019	0.4013	0.4031	0.4176	0.31	0.4139	0.507	0.4429	0.1797	0.4379	0.4583	0.2156
15	65643703	M4169	0	0.0003	0.0005	0.3542	0.0002	0.0231	0.1488	0.0004	0.1505	0.0004	0.1784	0.0005	0.1028	0.0002	0.0004
8	102077891	M4184	0	0.0002	0.0001	0.0005	0.0006	0.0004	0.0004	0.0003	0.0001	0.0001	0.0007	0.0004	0.0003	0.0004	0.114
16	86415103	M4215	0	0	0.0002	0.0001	0.0003	0.0002	0.0003	0.3225	0.0004	0.0002	0.0003	0.0002	0.0002	0.178	0.0002
17	33202269	M4219	0	0.0002	0.4003	0.0002	0.0004	0.0003	0.0001	0.0001	0.0004	0.0003	0.0005	0.0002	0.0002	0.0002	0.0005
19	35604988	M4180	0	0.0002	0.0009	0.0005	0.1091	0.0006	0.0004	0.0004	0.0072	0.0001	0.0005	0.0002	0.2212	0.0001	0.0001
2	117942165	M4188	0	0.0005	0.4006	0.0006	0.0002	0.0004	0.0003	0.0002	0.0005	0.0001	0.0002	0.0004	0.0007	0.0003	0.0006
