#chrom	pos	desc	normal	sample1	sample2	sample3	sample4	sample5	sample6	sample7	sample8	sample9
16	49895285	M4166	0	0	0	0	0.3044	0	0	0	0.0201	0
20	51253821	M4202	0	0	0	0	0	0	0	0	0.1897	0
5	65652767	M4167	0	0	0	0	0	0	0.0283	0	0	0
22	19101391	M4168	0	0	0	0	0.1353	0	0.0686	0	0	0.2757
20	39532542	M4155	0	0	0	0	0.1353	0	0.0686	0	0	0.2757
7	54100913	M4163	0	0.4343	0.4458	0.4781	0.0252	0	0.3556	0	0.1897	0.2046
2	210846274	M4212	0	0.4343	0	0	0	0	0	0	0	0.2046
7	108978913	M4209	0	0	0	0	0	0	0	0.4235	0	0
19	1312043	M4201	0	0	0	0	0	0.407	0	0.4235	0.2898	0
23	23187336	M4170	0	0	0	0	0.1353	0	0.0686	0	0	0.2757
11	55441803	M4183	0	0	0	0	0.1244	0	0	0	0	0
9	75901097	M4214	0	0	0	0	0	0	0	0	0.1897	0
23	10977525	M4157	0	0	0	0	0.3044	0	0	0	0.0201	0
13	69925675	M4220	0	0	0	0	0	0.407	0	0	0	0
10	110556932	M4225	0	0	0	0.1666	0	0	0	0	0	0
10	117700048	M4196	0	0	0	0.1666	0	0	0.017	0	0	0
15	86781404	M4171	0	0	0	0	0	0.407	0	0.4235	0.2898	0.009
13	21975128	M4161	0	0.4343	0.4458	0.4781	0.0252	0.407	0.3556	0.4235	0.4795	0.2136
8	78554570	M4207	0	0	0	0	0	0	0	0	0.0201	0
19	45820077	M4165	0	0.4343	0.1983	0.3115	0	0	0	0	0.186	0.2046
4	159181252	M4191	0	0.4343	0.1983	0.3115	0	0	0	0	0.1897	0.2046
13	79171421	M4156	0	0	0	0	0.1353	0	0.0686	0	0	0.2757
10	112324475	M4177	0	0	0	0	0.0252	0	0	0	0	0
5	179113993	M4172	0	0	0	0	0.0252	0	0	0	0	0
17	3439837	M4158	0	0.4343	0.4458	0.4781	0.0252	0.407	0.3556	0.4235	0.4795	0.2136
20	1668934	M4182	0	0	0	0	0.0252	0	0	0	0	0
19	35604988	M4180	0	0	0	0	0	0.407	0	0.4235	0.2898	0
2	117942165	M4188	0	0	0	0	0.1353	0	0	0	0	0.2757
5	64509549	M4223	0	0	0	0	0.18	0	0	0	0	0
