#chrom	pos	desc	normal	sample1	sample2	sample3	sample4	sample5	sample6	sample7	sample8	sample9	sample10	sample11	sample12	sample13	sample14
16	49895285	M4166	0	0.1848	0.0783	0	0.0186	0	0.0302	0	0	0	0.0176	0.2391	0	0	0.1829
20	51253821	M4202	0	0	0	0	0	0.1932	0	0	0	0	0	0.1562	0	0	0.1083
5	65652767	M4167	0	0.2319	0	0.1415	0	0	0	0.316	0	0	0	0	0	0.1797	0.1137
22	19101391	M4168	0	0	0.4017	0	0	0	0	0.135	0	0	0	0	0	0	0
9	121655857	M4195	0	0	0	0	0	0	0	0	0	0	0.0176	0	0	0	0
9	56505114	M4185	0	0	0	0	0	0	0	0	0.0058	0	0	0	0	0	0
21	36178832	M4213	0	0	0	0.2617	0	0	0.1256	0	0.1244	0	0	0	0	0	0
14	3524771	M4206	0	0	0	0	0	0	0	0	0	0.498	0	0	0	0	0
20	39532542	M4155	0	0	0.4017	0	0	0	0	0.135	0	0	0	0	0	0	0
7	54100913	M4163	0	0.2319	0	0.496	0.2811	0.3984	0.4245	0.316	0.3997	0	0.4495	0.1787	0.0993	0.4629	0.2219
2	210846274	M4212	0	0	0	0	0	0.1809	0	0	0	0	0	0.0225	0	0	0
19	1312043	M4201	0	0	0	0	0.1076	0	0	0	0	0	0	0	0.2205	0	0
23	23187336	M4170	0	0	0.4017	0	0	0	0	0.135	0	0	0	0	0	0	0
23	10977525	M4157	0	0.1848	0.0783	0	0.0186	0	0.0302	0	0	0	0.0176	0.2391	0	0	0.1829
13	69925675	M4220	0	0	0	0	0.1076	0	0	0	0	0	0	0	0	0	0
20	12622295	M4222	0	0	0	0	0	0	0.1436	0	0.1421	0	0	0	0	0	0
10	26248995	M4217	0	0	0	0	0	0	0.0222	0	0	0	0	0	0	0	0
3	43226695	M4176	0	0	0	0	0	0	0	0	0	0	0	0	0.1157	0	0
10	117700048	M4196	0	0	0	0	0	0	0	0	0.0181	0	0	0	0	0	0
15	86781404	M4171	0	0	0	0	0.1163	0.0079	0	0	0.0058	0.498	0	0	0.2205	0	0
15	90544260	M4198	0	0.1257	0	0	0	0	0	0	0	0	0	0	0	0	0.0357
13	21975128	M4161	0	0.2319	0	0.496	0.3975	0.4062	0.4245	0.316	0.4055	0.498	0.4495	0.1787	0.4355	0.4629	0.2219
2	180754862	M4226	0	0.2319	0	0.1415	0	0	0	0	0	0	0	0	0	0	0
8	78554570	M4207	0	0	0	0	0.0186	0	0	0	0	0	0	0	0	0	0
13	79171421	M4156	0	0	0.4017	0	0	0	0	0.135	0	0	0	0	0	0	0
19	45820077	M4165	0	0	0	0.3544	0	0.3984	0.1394	0	0.1421	0	0.1759	0.1744	0.0993	0.2832	0.1083
4	159181252	M4191	0	0	0	0	0	0.3741	0	0	0	0	0	0.1787	0	0.2832	0.1083
13	83410951	M4211	0	0	0	0	0	0.0243	0	0	0	0	0	0	0	0	0
9	113120809	M4216	0	0	0	0	0	0	0	0	0	0	0	0	0.0993	0	0
5	179113993	M4172	0	0	0	0	0.2811	0	0.2809	0	0	0	0	0	0	0	0
17	3439837	M4158	0	0.2319	0	0.496	0.3975	0.4062	0.4245	0.316	0.4055	0.498	0.4495	0.1787	0.4355	0.4629	0.2219
15	65643703	M4169	0	0	0	0.3544	0	0.0243	0.1436	0	0.1421	0	0.179	0	0.0993	0	0
8	102077891	M4184	0	0	0	0	0	0	0	0	0	0	0	0	0	0	0.1137
16	86415103	M4215	0	0	0	0	0	0	0	0.316	0	0	0	0	0	0.1797	0
17	33202269	M4219	0	0	0.4017	0	0	0	0	0	0	0	0	0	0	0	0
19	35604988	M4180	0	0	0	0	0.1076	0	0	0	0.0058	0	0	0	0.2205	0	0
2	117942165	M4188	0	0	0.4017	0	0	0	0	0	0	0	0	0	0	0	0
