#chrom	pos	desc	normal	sample1	sample2	sample3	sample4	sample5	sample6	sample7	sample8	sample9
9	13374423	M4493	0	0.2691	0.0005	0.0006	0.0002	0.2328	0.0001	0.0005	0.0001	0.0001
11	65332288	M4499	0	0.0002	0.0755	0.0004	0.0003	0.0005	0.0006	0.0001	0.0004	0.0002
20	20394769	M4581	0	0.0004	0.0006	0.0003	0.0002	0.0005	0.0003	0.0003	0.0002	0.0384
22	37519172	M4465	0	0.0005	0.0005	0.1721	0	0.0006	0.0006	0.0003	0.0006	0.1976
3	52749435	M4792	0	0.0001	0.0003	0.0001	0.0005	0.0003	0.246	0.0004	0.0002	0.0008
2	81339460	M4498	0	0.0007	0.0002	0.0001	0.0002	0.0001	0.2434	0.0001	0.0006	0.0003
20	51250243	M4760	0	0.0008	0.0001	0.0005	0.0007	0.0006	0.0099	0.0003	0.0003	0.0004
5	46912056	M4973	0	0.0987	0.0005	0.0002	0.0003	0.0004	0.0001	0.0002	0.0001	0.0004
19	72448611	M4606	0	0.0004	0.3149	0.0002	0.0005	0.0005	0.0112	0.0003	0.0002	0.0004
16	10363335	M4614	0	0	0.0002	0.0001	0.0001	0.0003	0.252	0.0002	0.0004	0.0004
6	20872845	M4551	0	0.0004	0.0001	0.0002	0.0004	0.1082	0.0003	0.0006	0.0006	0.0001
12	62813783	M4819	0	0.0005	0.0002	0.0004	0.0352	0.0002	0.0004	0.0003	0.0002	0.0001
20	48988864	M4453	0	0.0003	0.0006	0.0002	0.0003	0.0003	0.0003	0.0004	0.0001	0.042
6	117201081	M4458	0	0.2686	0.0002	0.0003	0.0002	0.2269	0.2499	0.0001	0.0002	0.0003
20	33284291	M4682	0	0.0008	0.0005	0.0004	0.0002	0.0005	0.1745	0.0004	0.0003	0.0001
8	126429163	M4652	0	0.0004	0.0001	0.0001	0.0006	0.0003	0.0003	0.0403	0.2488	0.0004
14	112856993	M4460	0	0.0882	0.0005	0.0002	0.0004	0.0003	0.0004	0	0.0002	0.0005
15	87394570	M4882	0	0.0003	0.0008	0.1453	0.0003	0.0002	0.0005	0.0004	0.0002	0.0003
17	42334466	M4575	0	0.0001	0.0001	0.0003	0.0004	0.0003	0.172	0.0005	0.0002	0.0002
6	59163004	M4472	0	0.2703	0.0004	0.0003	0.0006	0.2232	0.2474	0.0007	0.0001	0.0004
5	83815305	M4470	0	0.0002	0.0003	0.2976	0.367	0.0004	0.0006	0.0005	0.0002	0.0005
10	30654380	M4528	0	0.0001	0.0006	0.0002	0.0003	0.0003	0.2456	0.0003	0.0005	0.0006
8	136388937	M4490	0	0.0002	0.0828	0.0005	0.0006	0.0001	0.0006	0.0006	0.0001	0.0004
4	5387936	M4450	0	0.0006	0.0001	0.2927	0.3722	0.2185	0.0003	0.1464	0.2565	0.2327
11	93514150	M4602	0	0.0006	0.0006	0.0001	0.0001	0.0002	0.0003	0.0004	0.0004	0.0392
14	40605044	M4446	0	0.0002	0.0777	0.0004	0.0008	0.0004	0.0004	0.0004	0.0002	0.0002
19	20910020	M4597	0	0.0004	0.0542	0.0002	0.0008	0.0004	0.0004	0.0005	0.0005	0.0002
7	35462368	M4541	0	0.0005	0.0004	0.1776	0.0002	0.0002	0.0004	0.0004	0.0002	0.0001
17	23886359	M4461	0	0.0003	0.0002	0.0002	0.0329	0.0003	0.0001	0.0007	0.1473	0.0005
6	142704699	M4822	0	0.0001	0.0006	0.1501	0.0005	0.0003	0.0003	0.0003	0.0003	0.0003
7	9049757	M4517	0	0.0004	0	0.0001	0.0352	0.0002	0.0001	0.0001	0.1494	0.0003
4	187721307	M4536	0	0.2648	0.0006	0.0003	0.0002	0.2235	0.0007	0.0006	0.0005	0.0003
11	78646312	M4456	0	0.0004	0.0002	0	0.0002	0.2326	0.0004	0.145	0.2454	0.2331
22	50384039	M4437	0	0.0003	0.3132	0.3009	0.3715	0.2266	0.0095	0.1402	0.2602	0.2362
22	35965568	M4883	0	0.0002	0.0393	0.0005	0.0008	0.0001	0.0002	0.0005	0.0004	0.0003
2	117321695	M4962	0	0.0003	0.0002	0.0001	0.0003	0	0.2447	0.0003	0.0004	0.0003
17	28106777	M4645	0	0.0002	0.0001	0.0004	0.0006	0.1479	0.0002	0.1009	0.0001	0.2403
11	45625308	M4925	0	0.0004	0.0001	0.1512	0.0006	0.0005	0.0005	0.0002	0.0001	0.0007
10	120256634	M4526	0	0.0003	0.0002	0.0006	0.0004	0.0002	0.0002	0.0394	0.2523	0.0004
9	117442185	M4444	0	0.096	0.0004	0.0002	0.0002	0.0006	0.0001	0.0005	0.0004	0.0003
22	8424254	M4542	0	0.0869	0.0002	0.0003	0.0005	0.0002	0.0005	0.0001	0.0002	0.0003
15	76866511	M4936	0	0.0005	0.0003	0.0005	0.0344	0.0005	0.0007	0.0003	0.0007	0.0004
21	51529985	M4504	0	0.0004	0.0403	0.0005	0.0005	0.0006	0.0002	0.0003	0.0004	0.0003
22	16818790	M4906	0	0.0001	0.0002	0.0001	0.0005	0.0005	0.0002	0.0004	0.2574	0.0007
15	57314627	M4615	0	0.0001	0.0499	0.0001	0.0004	0.0002	0.0004	0.0002	0.0005	0.0003
10	19298529	M4871	0	0.0002	0.3137	0	0.0004	0.0003	0.0001	0.0002	0.0009	0.0001
15	22037115	M4898	0	0.0001	0.0003	0.0002	0.0003	0.0003	0.0002	0.1232	0.0002	0.0005
20	42031103	M4982	0	0.0005	0.0002	0.1494	0.0003	0.0004	0.0003	0.0007	0.0003	0.0005
2	241911429	M4858	0	0.0001	0.0001	0.0002	0.0005	0	0.0003	0.0003	0.0003	0.1912
3	27336925	M4868	0	0.0001	0.0004	0.0002	0.0004	0.0003	0.0004	0.0367	0.0002	0.0003
3	134633123	M4594	0	0.0004	0.0405	0.0007	0.0004	0.0002	0.0005	0.0005	0.0008	0.0001
21	39095667	M4567	0	0.0002	0.0003	0.0007	0.0002	0.1489	0.0003	0.1085	0.0002	0.2375
16	32251679	M4432	0	0.2666	0.3244	0.2968	0.4011	0.45	0.255	0.4715	0.4017	0.2324
3	134525757	M4624	0	0.0005	0.0003	0.0005	0.0004	0.104	0.0003	0.0004	0.0001	0.0003
9	42137243	M4436	0	0.0944	0.0005	0.1736	0.0004	0.0004	0.0002	0.0002	0.0006	0.2273
4	158523280	M4507	0	0.0896	0.0001	0.0004	0.0002	0.0003	0.0005	0.0003	0.0007	0.0002
7	13867438	M4889	0	0.0002	0.0003	0.0004	0.0328	0.0008	0.0003	0.0003	0.0006	0.0002
9	63085429	M4582	0	0.0004	0.0003	0.0004	0.0003	0.0006	0.2438	0.0004	0	0.0005
8	124225173	M4501	0	0.0006	0.0003	0.0003	0.0008	0.0002	0.0005	0.3247	0.0006	0.0001
5	62174731	M4452	0	0.0008	0.0002	0.0003	0.035	0.0002	0.0005	0.3319	0.1474	0.0002
16	42790871	M4706	0	0.0007	0.0006	0.0004	0.0002	0.0003	0.0003	0.1025	0.0004	0.0004
15	103774074	M4532	0	0.0002	0.0005	0.0002	0.0012	0.0005	0.0003	0.124	0.0001	0.0007
10	53069613	M4434	0	0.2684	0.0003	0.0001	0.0363	0.2292	0.2463	0.3327	0.1456	0
2	241846991	M4500	0	0.0007	0.3086	0.0007	0.0004	0.0006	0.0108	0.0003	0.0001	0.0004
15	18465882	M4695	0	0.0003	0.0003	0.0002	0.0002	0.1152	0.0004	0.0006	0.0003	0
16	65653165	M4438	0	0.0005	0.0002	0.2981	0.3755	0.2264	0.0002	0.1466	0.2626	0.2416
22	11975224	M4680	0	0.0949	0.0003	0.0004	0.0007	0.0003	0.0002	0.0005	0.0005	0.0004
17	50240772	M4807	0	0.08	0.0002	0	0.0002	0.0001	0.0002	0.0003	0.0007	0.0004
17	80254634	M4522	0	0.0005	0.0006	0.0002	0	0.0008	0.0003	0.1184	0.0005	0.0001
5	167017236	M4524	0	0.0006	0.0005	0.0007	0.0001	0.0001	0.0001	0.0004	0.0001	0.0334
7	127015591	M4560	0	0.08	0.0002	0.0002	0.0002	0.0003	0.0002	0.0004	0.0003	0.0004
8	30697127	M4462	0	0.0003	0.0003	0.0006	0.0003	0.0006	0.0002	0.0377	0.2587	0.0003
21	32264558	M4439	0	0.0005	0.0536	0	0.0001	0.0003	0.1723	0	0.0006	0.0003
10	50648498	M4878	0	0.096	0.0006	0.0004	0.0005	0.0001	0.0007	0.0002	0.0002	0.0003
23	13356586	M4756	0	0.0003	0.0006	0.1467	0.0005	0.0004	0.0006	0	0.0002	0.0002
11	113996554	M4643	0	0.0002	0.0782	0.0003	0.0004	0.0006	0.0006	0.0003	0.0004	0.0005
4	122287533	M4473	0	0.0839	0.0003	0.001	0.0006	0.0002	0.0004	0.0001	0.0004	0.0002
14	64146990	M4632	0	0.0002	0.0002	0.0005	0.0002	0.0006	0.0005	0.2096	0.0004	0.0006
7	32851666	M4660	0	0.0008	0.3118	0.0006	0.0005	0.0006	0.0001	0.0003	0.0003	0.0004
17	65175773	M4895	0	0.0003	0.0006	0.0004	0.0005	0.0751	0.0003	0.0004	0.0004	0.0004
15	46193103	M4593	0	0.0006	0.0733	0.0003	0.0002	0.0001	0.0002	0.0003	0.0001	0.0004
1	112538325	M4519	0	0.0918	0.0002	0.0002	0.0002	0.0002	0.0003	0.0002	0.0007	0.0001
8	36410978	M4443	0	0.0005	0.3195	0.0002	0.0004	0.0002	0.0114	0.0003	0.0004	0
19	60274731	M4964	0	0.0841	0.0003	0.0003	0.0003	0.0005	0.0001	0	0.0007	0.0003
13	21562030	M4958	0	0.0003	0.0003	0.0006	0.0007	0.0003	0.0002	0.2174	0.0001	0.0003
20	21478015	M4448	0	0.0002	0.0582	0.0007	0.0003	0.0006	0.0004	0.0003	0.0002	0.0005
11	101180474	M4523	0	0.0003	0.0553	0.0005	0.0003	0.0005	0.0002	0.0003	0.0003	0.0002
20	14607328	M4636	0	0.2472	0.0005	0.0002	0.0004	0.0003	0.0001	0.0002	0.0003	0.0004
8	117275204	M4764	0	0.2641	0.0006	0.0004	0.0004	0.0001	0.0002	0.0007	0.0004	0.0005
5	95525290	M4825	0	0	0.0004	0.0002	0.0004	0.0949	0.0001	0.0004	0	0.0002
5	165977021	M4433	0	0.2699	0	0.0001	0.039	0.2012	0.2461	0.302	0.1485	0.0006
5	63547232	M4513	0	0.0003	0.0002	0.0002	0.0004	0	0.0003	0.3309	0.0005	0.0004
17	33628841	M4440	0	0.0005	0.0001	0.1715	0.0003	0.0002	0.0003	0.0004	0.0002	0.1854
7	15673687	M4595	0	0.0945	0.0003	0.0007	0.0001	0.0002	0.0008	0.0004	0.0002	0.0002
3	114396823	M4713	0	0.0003	0.0823	0.0005	0.0004	0.0004	0.0004	0.0004	0.0003	0.0003
13	64990951	M4479	0	0.0002	0.0006	0.0003	0.0003	0.1524	0.0006	0.1022	0.0005	0.2298
13	16937491	M4933	0	0.0003	0.0002	0.1426	0.0003	0.0005	0.0003	0.0003	0.0001	0.0007
23	19776777	M4784	0	0.0002	0.0006	0.0001	0.0004	0.0002	0.0002	0.0984	0.0001	0.0004
20	41998092	M4752	0	0.0871	0.0002	0.0005	0.0004	0.0005	0.0003	0.0002	0.0004	0.0002
14	82455484	M4763	0	0	0.0003	0.0004	0.0007	0.0006	0.0004	0.2083	0.0003	0.0007
19	17807399	M4571	0	0.0002	0.0001	0.0009	0.0001	0.0005	0.0003	0.0001	0.0005	0.1933
