#chrom	pos	desc	normal	sample1	sample2	sample3	sample4	sample5	sample6	sample7	sample8	sample9
9	13374423	M4493	0	0.255	0	0	0.002	0.234	0.001	0	0	0.001
11	65332288	M4499	0	0	0.08	0.001	0	0	0	0	0.001	0.001
20	20394769	M4581	0	0.001	0	0	0	0	0	0	0	0.037
22	37519172	M4465	0	0.001	0	0.183	0	0.001	0	0	0	0.213
3	52749435	M4792	0	0.001	0.001	0.001	0	0	0.231	0	0	0
2	81339460	M4498	0	0	0.002	0.001	0	0	0.217	0.001	0	0
20	51250243	M4760	0	0	0	0	0	0	0.016	0	0.001	0
5	46912056	M4973	0	0.092	0	0	0	0	0.001	0	0	0
19	72448611	M4606	0	0	0.301	0	0	0	0.006	0	0	0.001
16	10363335	M4614	0	0	0.001	0	0	0	0.247	0	0	0
6	20872845	M4551	0	0.001	0.001	0.001	0.001	0.113	0	0.001	0	0
12	62813783	M4819	0	0	0	0	0.03	0	0	0.001	0.001	0
20	48988864	M4453	0	0.001	0	0	0	0	0	0.001	0	0.037
6	117201081	M4458	0	0.263	0	0	0	0.231	0.237	0	0.001	0
20	33284291	M4682	0	0.001	0.002	0	0	0	0.176	0	0	0
8	126429163	M4652	0	0.002	0	0	0	0	0	0.037	0.241	0.002
14	112856993	M4460	0	0.077	0	0.001	0.001	0	0.001	0	0	0.001
15	87394570	M4882	0	0	0.001	0.149	0	0	0	0	0	0
17	42334466	M4575	0	0	0	0	0	0	0.157	0	0	0.001
6	59163004	M4472	0	0.291	0	0.001	0.002	0.233	0.246	0	0	0
5	83815305	M4470	0	0	0	0.306	0.369	0.001	0	0.002	0	0
10	30654380	M4528	0	0.001	0.001	0	0	0.001	0.22	0.001	0	0
8	136388937	M4490	0	0	0.082	0	0	0	0.001	0.001	0	0
4	5387936	M4450	0	0	0	0.302	0.376	0.242	0.002	0.133	0.269	0.237
11	93514150	M4602	0	0	0	0.001	0	0	0.001	0	0.002	0.037
14	40605044	M4446	0	0	0.072	0.001	0	0	0.001	0.001	0	0
19	20910020	M4597	0	0	0.048	0	0.001	0	0.001	0	0	0
7	35462368	M4541	0	0	0	0.186	0	0	0	0	0	0
17	23886359	M4461	0	0	0	0	0.034	0	0.001	0	0.146	0.001
6	142704699	M4822	0	0	0	0.139	0.001	0.001	0	0.001	0.001	0.001
7	9049757	M4517	0	0	0.001	0.001	0.034	0.001	0	0	0.138	0
4	187721307	M4536	0	0.284	0	0.002	0	0.233	0	0	0	0
11	78646312	M4456	0	0	0	0.001	0	0.233	0	0.145	0.234	0.226
22	50384039	M4437	0	0	0.308	0.303	0.394	0.194	0.01	0.136	0.243	0.22
22	35965568	M4883	0	0	0.038	0.001	0	0	0	0	0	0
2	117321695	M4962	0	0	0	0	0.001	0	0.227	0	0.001	0
17	28106777	M4645	0	0	0	0	0	0.145	0.001	0.094	0.001	0.241
11	45625308	M4925	0	0	0	0.148	0	0	0.002	0	0	0.002
10	120256634	M4526	0	0	0	0.002	0.003	0.003	0.002	0.044	0.276	0
9	117442185	M4444	0	0.103	0	0.001	0	0.001	0.001	0.001	0	0
22	8424254	M4542	0	0.069	0	0.001	0	0	0	0.001	0.001	0
15	76866511	M4936	0	0	0	0	0.04	0	0	0	0	0.001
21	51529985	M4504	0	0	0.042	0	0.001	0	0	0	0.001	0
22	16818790	M4906	0	0	0	0	0.001	0.001	0	0.002	0.241	0
15	57314627	M4615	0	0.001	0.064	0	0.001	0	0	0	0.002	0
10	19298529	M4871	0	0.001	0.315	0	0	0	0	0.001	0	0.001
15	22037115	M4898	0	0.001	0	0	0	0.001	0	0.113	0.001	0.003
20	42031103	M4982	0	0	0.001	0.132	0	0	0	0	0.001	0
2	241911429	M4858	0	0.002	0	0	0	0.001	0	0	0.001	0.21
3	27336925	M4868	0	0	0	0.001	0	0.001	0	0.046	0	0.001
3	134633123	M4594	0	0	0.043	0	0	0	0	0	0	0.001
21	39095667	M4567	0	0.001	0	0	0	0.156	0	0.103	0	0.248
16	32251679	M4432	0	0.257	0.319	0.293	0.382	0.448	0.249	0.459	0.413	0.213
3	134525757	M4624	0	0	0	0.003	0	0.101	0.001	0	0.001	0.001
9	42137243	M4436	0	0.095	0	0.19	0	0	0.001	0	0.002	0.208
4	158523280	M4507	0	0.109	0	0	0	0.001	0	0.002	0	0.001
7	13867438	M4889	0	0	0	0.001	0.034	0.001	0	0	0	0.001
9	63085429	M4582	0	0	0	0.002	0	0	0.254	0	0	0
8	124225173	M4501	0	0.001	0.001	0	0	0	0	0.339	0	0.001
5	62174731	M4452	0	0	0	0.001	0.036	0.001	0	0.338	0.159	0
16	42790871	M4706	0	0	0	0	0	0.001	0	0.105	0	0.001
15	103774074	M4532	0	0	0	0.001	0	0.001	0	0.111	0.001	0
10	53069613	M4434	0	0.282	0	0.001	0.022	0.224	0.251	0.325	0.164	0.001
2	241846991	M4500	0	0.001	0.281	0	0	0.001	0.008	0.001	0	0
15	18465882	M4695	0	0.002	0	0.001	0	0.127	0	0	0	0.002
16	65653165	M4438	0	0	0	0.298	0.344	0.255	0	0.127	0.268	0.221
22	11975224	M4680	0	0.101	0.001	0	0	0	0.001	0.001	0	0
17	50240772	M4807	0	0.088	0.001	0	0	0.001	0	0	0.001	0
17	80254634	M4522	0	0	0.001	0	0	0.001	0	0.106	0	0
5	167017236	M4524	0	0.001	0	0	0	0.002	0	0	0.003	0.026
7	127015591	M4560	0	0.081	0.001	0	0.001	0	0	0.001	0.001	0.001
8	30697127	M4462	0	0	0	0	0	0	0.001	0.04	0.262	0.001
21	32264558	M4439	0	0	0.051	0.001	0	0	0.143	0	0	0.001
10	50648498	M4878	0	0.078	0	0	0	0.001	0	0	0	0
23	13356586	M4756	0	0	0.001	0.156	0	0.001	0.001	0	0.001	0
11	113996554	M4643	0	0	0.093	0	0	0	0	0	0.002	0
4	122287533	M4473	0	0.079	0	0	0.001	0.001	0	0	0.001	0.001
14	64146990	M4632	0	0	0	0	0	0.001	0	0.218	0	0
7	32851666	M4660	0	0	0.315	0.001	0	0	0	0.001	0	0
17	65175773	M4895	0	0	0	0.001	0	0.072	0.001	0	0	0.001
15	46193103	M4593	0	0	0.092	0	0	0	0	0	0	0
1	112538325	M4519	0	0.091	0	0	0	0	0.002	0	0	0
8	36410978	M4443	0	0	0.317	0.001	0	0.002	0.007	0.001	0	0
19	60274731	M4964	0	0.081	0	0	0.001	0	0.001	0.002	0	0.002
13	21562030	M4958	0	0.001	0	0	0	0	0	0.228	0	0
20	21478015	M4448	0	0.001	0.052	0.001	0	0.001	0.001	0	0	0.001
11	101180474	M4523	0	0	0.07	0	0	0.002	0	0	0	0.001
20	14607328	M4636	0	0.232	0	0.002	0	0.001	0	0	0	0.001
8	117275204	M4764	0	0.267	0.001	0	0.001	0.001	0	0.001	0	0.001
5	95525290	M4825	0	0.001	0	0	0	0.112	0	0.001	0	0
5	165977021	M4433	0	0.257	0	0.001	0.05	0.207	0.23	0.3	0.139	0
5	63547232	M4513	0	0	0	0	0.002	0	0.001	0.326	0.001	0.001
17	33628841	M4440	0	0.002	0	0.171	0	0.001	0.001	0	0	0.193
7	15673687	M4595	0	0.087	0	0.001	0	0	0	0.001	0	0
3	114396823	M4713	0	0	0.091	0.001	0	0	0.001	0.001	0	0
13	64990951	M4479	0	0	0	0	0	0.147	0	0.117	0.001	0.228
13	16937491	M4933	0	0.002	0.001	0.147	0	0	0.001	0	0	0
23	19776777	M4784	0	0.001	0	0	0	0	0	0.095	0	0.001
20	41998092	M4752	0	0.082	0	0	0.001	0	0	0.003	0	0.001
14	82455484	M4763	0	0	0	0	0	0.001	0	0.226	0	0
19	17807399	M4571	0	0.001	0.001	0	0	0	0.001	0.001	0	0.204
