#chrom	pos	desc	normal	sample1	sample2	sample3	sample4	sample5	sample6	sample7	sample8	sample9	sample10	sample11	sample12	sample13	sample14
2	87764192	M4748	0	0	0.082	0	0.002	0	0	0	0	0	0	0	0.001	0	0.001
9	13374423	M4493	0	0.002	0	0	0.001	0.157	0.001	0.001	0	0.111	0.001	0	0.001	0.047	0.445
22	37519172	M4465	0	0.402	0	0.001	0	0	0	0	0	0.092	0	0.001	0.001	0	0.001
13	23144304	M4766	0	0	0.001	0	0	0.001	0.001	0	0	0	0	0.163	0.001	0	0
2	81339460	M4498	0	0	0.073	0	0	0	0	0	0	0	0.001	0	0	0.001	0.002
14	18607613	M4655	0	0	0	0	0.001	0	0	0	0.001	0.101	0.001	0	0	0	0.001
19	72448611	M4606	0	0	0	0.001	0	0.001	0	0	0	0.179	0.001	0.001	0	0	0.001
6	20872845	M4551	0	0.003	0.002	0	0.001	0	0	0	0	0	0	0	0.001	0.042	0
10	110568199	M4566	0	0.001	0	0	0	0	0	0	0	0	0	0.385	0	0	0.001
6	117201081	M4458	0	0	0.074	0	0.002	0.155	0	0.001	0.001	0.141	0	0.001	0.001	0.044	0.44
2	1881109	M4877	0	0.001	0	0	0	0	0.002	0	0.002	0.105	0	0	0.001	0	0
1	188381942	M4684	0	0.457	0	0	0	0	0	0	0	0	0	0	0.001	0.001	0
6	146696467	M4607	0	0.419	0	0	0.001	0	0	0	0	0	0	0	0	0	0
14	112856993	M4460	0	0	0	0.134	0	0	0	0.001	0	0	0	0	0	0	0
6	59163004	M4472	0	0.001	0.082	0	0	0.13	0.001	0	0.002	0.142	0	0	0	0.04	0.485
5	83815305	M4470	0	0.001	0	0.183	0	0	0.001	0	0	0	0	0.379	0.001	0	0
8	54728512	M4783	0	0	0.001	0	0.003	0	0	0.002	0	0	0.002	0.001	0	0.057	0.001
10	30654380	M4528	0	0	0.085	0.002	0	0.001	0	0	0	0.001	0	0	0.001	0	0.002
2	174947174	M4977	0	0	0	0.001	0	0	0.001	0	0	0	0.001	0	0.063	0.045	0.001
3	77146890	M4797	0	0	0.002	0	0.001	0.153	0.001	0	0.001	0	0	0	0.001	0	0
4	5387936	M4450	0	0	0	0.181	0.225	0.199	0.001	0	0.001	0	0	0.366	0.336	0.001	0
7	35462368	M4541	0	0	0.002	0.001	0	0	0.001	0	0	0.081	0	0	0	0.001	0
6	142704699	M4822	0	0	0	0.198	0	0	0.001	0.001	0	0.002	0.001	0.001	0	0	0
4	187721307	M4536	0	0	0	0	0	0	0.001	0	0.002	0.143	0.001	0.002	0.001	0.052	0.489
11	78646312	M4456	0	0.001	0	0	0.215	0.22	0	0.001	0	0	0	0	0.352	0.001	0
22	50384039	M4437	0	0.001	0.099	0.191	0.231	0.226	0	0	0	0.201	0.001	0.394	0.416	0	0
22	35965568	M4883	0	0	0.001	0	0	0.001	0	0	0	0	0.204	0	0	0.001	0
13	28624758	M4623	0	0	0	0.137	0	0.002	0	0	0	0	0.001	0.001	0	0	0.001
21	22375217	M4724	0	0	0.12	0.003	0	0.001	0	0	0	0	0	0.038	0	0	0.001
19	27332466	M4954	0	0.001	0	0.031	0.001	0.002	0	0	0	0	0.001	0	0.001	0	0
12	112810494	M4835	0	0	0.144	0.001	0	0	0	0.001	0	0.001	0.001	0	0	0	0.001
17	28106777	M4645	0	0.001	0	0	0	0.001	0	0.001	0	0	0	0.001	0.365	0	0.001
11	45625308	M4925	0	0	0	0.2	0	0	0	0.003	0	0	0	0	0	0	0
9	117442185	M4444	0	0.003	0.12	0	0.281	0	0	0	0.413	0.001	0.257	0.043	0.073	0.048	0
22	8424254	M4542	0	0	0.001	0.151	0	0	0	0	0	0	0.001	0	0	0	0
7	70408842	M4477	0	0	0	0	0	0	0.522	0.001	0.001	0	0	0.001	0.001	0	0
21	23271291	M4814	0	0	0.002	0	0	0	0.479	0	0	0	0	0	0	0	0
23	34762301	M4603	0	0	0.001	0.085	0	0.001	0	0	0	0.001	0	0.001	0	0	0
21	51529985	M4504	0	0	0.002	0.001	0	0.001	0	0	0	0	0.195	0	0.001	0.002	0.001
2	201554868	M4972	0	0	0.001	0	0	0	0.001	0.001	0	0.098	0	0.001	0	0.001	0.001
10	19298529	M4871	0	0	0	0.001	0	0	0	0	0.001	0.214	0	0.002	0.001	0	0
10	80664720	M4563	0	0	0.123	0	0	0	0	0.001	0	0.001	0.279	0.048	0	0	0
3	134633123	M4594	0	0.001	0.002	0	0	0	0	0.001	0	0.001	0.157	0	0.001	0.002	0
21	39095667	M4567	0	0.001	0	0	0	0	0	0	0	0	0.001	0	0.37	0	0.001
8	21921689	M4813	0	0	0.001	0	0	0.004	0	0	0	0	0	0	0.001	0.127	0
16	32251679	M4432	0	0	0.183	0.198	0.218	0.36	0.001	0	0.001	0.323	0	0.364	0.369	0.303	0.465
14	75003709	M4508	0	0	0	0	0.001	0.22	0	0	0	0.001	0.001	0.001	0	0.002	0
23	2632612	M4610	0	0	0	0	0	0.002	0	0	0	0.001	0	0.103	0	0	0
3	134525757	M4624	0	0	0	0	0	0.001	0	0.002	0.001	0.001	0.001	0.001	0	0.043	0
9	42137243	M4436	0	0.42	0.261	0	0.259	0.059	0	0	0.413	0.088	0.266	0.042	0.074	0.195	0.001
2	208506015	M4641	0	0	0	0	0	0.14	0	0	0	0.001	0	0	0	0	0
2	215089824	M4823	0	0	0.123	0	0	0.053	0	0	0	0	0	0	0	0.001	0.002
21	52616023	M4761	0	0	0	0.144	0	0.001	0	0	0	0	0.001	0.001	0	0	0.001
4	158523280	M4507	0	0	0	0	0.27	0.001	0	0	0.415	0.001	0	0	0.07	0.048	0.001
19	74913532	M4860	0	0	0	0.001	0	0.001	0	0	0.001	0	0.276	0	0	0.001	0
10	53069613	M4434	0	0	0.075	0.001	0.001	0.158	0	0	0.001	0.123	0.001	0	0	0.307	0.449
19	18297808	M4644	0	0	0	0.001	0	0	0	0	0	0	0.001	0.129	0	0	0
4	24854157	M4735	0	0	0.001	0	0	0	0	0.001	0	0.001	0	0	0.346	0.001	0
2	241846991	M4500	0	0.001	0.001	0.001	0	0	0	0	0	0.197	0.002	0	0	0	0
15	18465882	M4695	0	0	0	0	0.001	0	0	0	0	0	0.001	0	0.001	0	0.451
16	65653165	M4438	0	0.001	0.083	0.19	0.212	0.189	0	0	0.001	0	0	0.389	0.351	0	0
22	11975224	M4680	0	0	0	0	0.29	0	0	0.001	0.462	0	0	0	0.065	0.059	0
20	23435765	M4596	0	0.002	0.161	0	0	0.046	0.001	0.001	0.001	0	0	0.002	0.001	0	0
23	20795687	M4574	0	0	0	0	0.001	0.157	0	0	0	0.001	0	0.002	0.001	0	0
16	21029169	M4909	0	0.001	0	0	0.276	0.001	0.002	0	0	0	0	0	0.001	0.001	0
5	154268760	M4480	0	0	0	0.001	0	0.001	0	0	0	0.001	0.001	0.001	0.001	0.231	0
5	95337601	M4495	0	0	0.088	0	0	0.001	0.001	0.001	0	0	0	0.001	0	0	0.001
21	32264558	M4439	0	0	0	0.094	0.001	0	0	0	0	0	0	0	0	0	0
1	12762411	M4690	0	0	0.096	0	0	0	0.002	0	0	0.001	0	0	0	0	0
4	122287533	M4473	0	0	0.001	0.135	0	0	0	0	0	0	0	0	0	0	0
12	104642147	M4656	0	0	0	0.001	0	0.21	0.001	0	0	0.001	0	0	0	0	0
7	32851666	M4660	0	0	0	0	0	0.001	0	0.001	0	0.192	0	0	0	0	0
16	32702787	M4894	0	0.002	0	0	0	0	0	0.383	0.001	0	0	0	0	0	0
13	35474686	M4711	0	0	0	0	0	0	0.001	0.001	0	0.096	0.001	0	0	0	0
1	112538325	M4519	0	0	0	0.137	0	0	0.001	0	0	0.001	0	0	0	0	0
15	19390275	M4683	0	0	0.001	0.074	0.001	0	0	0.001	0	0	0	0	0	0	0
8	36410978	M4443	0	0.001	0.002	0	0	0	0	0	0	0.188	0.001	0.001	0	0	0
3	93929266	M4917	0	0	0	0	0	0	0.001	0	0	0	0	0	0.369	0	0
4	20611681	M4980	0	0.001	0.118	0	0	0	0	0	0	0	0	0.001	0	0	0
9	72551038	M4826	0	0	0.001	0	0	0.001	0	0	0.001	0.144	0.001	0	0	0	0.001
18	71976145	M4926	0	0	0.13	0	0	0	0.001	0	0.001	0.001	0.003	0	0.001	0	0
15	45849057	M4848	0	0	0.001	0	0	0.144	0	0.002	0	0.003	0	0	0.001	0.001	0
22	40666233	M4640	0	0.001	0.001	0	0	0	0.001	0	0	0.001	0	0.277	0	0	0
2	49791452	M4561	0	0	0.001	0	0	0.221	0	0.001	0	0	0	0	0	0	0
20	14607328	M4636	0	0	0	0	0.001	0.001	0.002	0	0	0.129	0.001	0	0.003	0.001	0
5	165977021	M4433	0	0	0.082	0.001	0	0.16	0	0	0	0.124	0	0	0	0.315	0.454
17	33628841	M4440	0	0.429	0.129	0	0	0.051	0	0.001	0.001	0.092	0	0	0	0.127	0
23	47268836	M4455	0	0	0.141	0.001	0.001	0.045	0	0	0	0	0	0	0.002	0.134	0.001
18	80558334	M4516	0	0	0.129	0	0	0.05	0.001	0.001	0.001	0	0	0	0.001	0	0
13	131331877	M4527	0	0	0	0	0.001	0.151	0	0	0	0	0.001	0	0	0	0
15	61262282	M4548	0	0.001	0.001	0	0	0.227	0	0.001	0	0.001	0.001	0	0	0	0
19	33702773	M4946	0	0.002	0	0	0	0	0.001	0	0.001	0	0.001	0.108	0	0.002	0
7	15673687	M4595	0	0.002	0	0.001	0.284	0.001	0	0	0.42	0	0	0.001	0.076	0.048	0
13	64990951	M4479	0	0.001	0	0	0.242	0	0	0	0	0	0	0	0.382	0	0.001
21	36582469	M4662	0	0	0	0	0	0	0	0	0	0	0	0	0	0.036	0
3	133756189	M4588	0	0	0.154	0	0.001	0.001	0	0.001	0.001	0	0.218	0.046	0	0	0
5	43565072	M4583	0	0.001	0.001	0.085	0	0.001	0.001	0	0	0.002	0.001	0	0.001	0	0
11	123894312	M4873	0	0.001	0.002	0.052	0.001	0.002	0	0	0	0.002	0	0.002	0	0	0.001
