#chrom	pos	desc	normal	sample1	sample2	sample3	sample4	sample5	sample6	sample7	sample8	sample9	sample10	sample11	sample12	sample13	sample14
2	87764192	M4748	0	0.0001	0.0799	0.0005	0	0.0005	0.0004	0.0006	0.0007	0.0004	0.0008	0.0002	0.0003	0.0003	0.0004
9	13374423	M4493	0	0.0007	0.0004	0	0.0002	0.1465	0.0006	0.0002	0.0003	0.1322	0.0001	0.0003	0.0002	0.0404	0.4699
22	37519172	M4465	0	0.4144	0	0.0001	0.0005	0.0003	0.0003	0.0003	0.0003	0.0936	0.0005	0.0002	0.0002	0.0004	0.0005
13	23144304	M4766	0	0.0001	0.0005	0.0005	0.0003	0.0005	0.0003	0.0002	0.0001	0.0002	0.0006	0.1524	0.0003	0.0003	0.0005
2	81339460	M4498	0	0.0002	0.0773	0.0003	0.0005	0.0003	0.0008	0.0003	0.0004	0.0002	0.0001	0.0001	0.0005	0.0005	0.0003
14	18607613	M4655	0	0.0002	0.0004	0.0005	0.0004	0.0004	0.0002	0.0006	0.0003	0.0925	0.0006	0.0003	0.0005	0.0004	0.0005
19	72448611	M4606	0	0.0004	0.0002	0.0004	0.0002	0.0004	0.0005	0.0003	0.0001	0.1959	0.0006	0.0005	0.0004	0.0002	0.0003
6	20872845	M4551	0	0.0004	0.0005	0.0009	0.0004	0	0.0002	0.0006	0.0004	0.0002	0.0001	0.0003	0.0003	0.0426	0.0005
10	110568199	M4566	0	0.0003	0.0005	0.0005	0.0002	0.0003	0.0003	0.0001	0.0001	0.0002	0.0001	0.3869	0.0002	0.0002	0
6	117201081	M4458	0	0.0006	0.0789	0.0003	0.0002	0.1508	0.0003	0.0002	0.0001	0.1264	0.0004	0.0004	0.0001	0.0429	0.4608
2	1881109	M4877	0	0.0001	0.0003	0.0005	0.0002	0.0005	0.0006	0.0001	0.0003	0.0921	0.0002	0.0001	0.0003	0.0007	0.0002
1	188381942	M4684	0	0.413	0.0002	0.0001	0.0002	0.0005	0.0004	0.0002	0.0002	0.0007	0.0004	0.0004	0.0003	0	0.0003
6	146696467	M4607	0	0.423	0.0003	0.0003	0.0004	0.0002	0.0001	0.0006	0.0005	0.0004	0.0004	0.0003	0.0004	0.0002	0.0005
14	112856993	M4460	0	0.0004	0.0001	0.1386	0.0002	0.0002	0.0003	0.0006	0.0004	0.0003	0.0005	0.0001	0.0003	0.0002	0.0005
6	59163004	M4472	0	0.0004	0.078	0.0004	0.0004	0.1521	0.0003	0.0003	0.0002	0.1207	0.0004	0.0003	0.0004	0.0412	0.4559
5	83815305	M4470	0	0.0002	0.0003	0.202	0.0004	0.0003	0.0005	0.0003	0.0003	0.0003	0.0003	0.384	0.0004	0.0001	0.0002
8	54728512	M4783	0	0	0.0007	0.0003	0.0005	0.0002	0.0002	0.0002	0	0	0.0006	0.0005	0.0005	0.0438	0.0003
10	30654380	M4528	0	0	0.0814	0.0001	0.0004	0.0002	0.0007	0.0002	0.0002	0.0003	0.0001	0.0002	0	0.0005	0.0003
2	174947174	M4977	0	0.0004	0.0002	0.0002	0.0003	0.0002	0.0004	0.0002	0.0003	0.0003	0.0001	0.0004	0.0647	0.0468	0.0004
3	77146890	M4797	0	0.0002	0.0004	0.0007	0.0006	0.1518	0.0005	0.0005	0.0002	0.0001	0	0	0.0001	0.0004	0.0002
4	5387936	M4450	0	0.0004	0.0003	0.1943	0.2169	0.2124	0.0005	0.0004	0	0.0001	0.0005	0.3878	0.3526	0.0004	0.0004
7	35462368	M4541	0	0.0004	0.0001	0.0002	0.0005	0.0004	0.0001	0.0003	0.0007	0.089	0.0003	0.0003	0.0005	0.0003	0.0003
6	142704699	M4822	0	0.0003	0.0001	0.1971	0.0002	0.0005	0.0002	0.0002	0.0005	0.0001	0.0004	0.0003	0.0003	0.0001	0.0003
4	187721307	M4536	0	0.0004	0.0003	0.0004	0.0002	0.0003	0.0003	0.0005	0.0001	0.1264	0.0002	0.0006	0.0002	0.0407	0.4544
11	78646312	M4456	0	0.0004	0.0002	0.0003	0.2222	0.2173	0.0001	0.0003	0.0002	0.0004	0.0004	0.0003	0.381	0.0002	0.0003
22	50384039	M4437	0	0.0003	0.097	0.1949	0.2177	0.2107	0.0002	0.0003	0.0003	0.1921	0.0003	0.3794	0.3698	0.0005	0.0003
22	35965568	M4883	0	0	0.0001	0.0003	0.0006	0.0002	0.0003	0.0003	0.0002	0.0008	0.2022	0.0002	0.0002	0.0002	0.0004
13	28624758	M4623	0	0	0.0003	0.1427	0.0002	0.0002	0.0001	0.0003	0.0005	0.0003	0.0003	0.0006	0.0005	0.0002	0.0003
21	22375217	M4724	0	0.0001	0.1379	0.0006	0.0003	0.0002	0.0002	0.0004	0.0002	0.0002	0.0003	0.0361	0.0002	0.0004	0.0003
19	27332466	M4954	0	0.0002	0.0003	0.0261	0.0001	0.0006	0.0002	0.0006	0.0004	0.0004	0.0004	0.0002	0.0003	0.0001	0.0005
12	112810494	M4835	0	0.0003	0.1395	0.0004	0.0003	0.0003	0.0002	0.0004	0.0005	0.0005	0.0005	0.0003	0.0005	0.0003	0.0004
17	28106777	M4645	0	0.0002	0.0005	0.0002	0.0003	0.0003	0.0002	0.0006	0.0006	0.0003	0.0004	0.0006	0.3751	0.0003	0.0003
11	45625308	M4925	0	0.0004	0.0004	0.197	0.0005	0.0005	0.0006	0.0002	0.0006	0.0003	0.0004	0.0003	0.0003	0.0005	0.0001
9	117442185	M4444	0	0.0005	0.1398	0.0005	0.2754	0.0003	0.0005	0.0004	0.417	0.0003	0.2701	0.0412	0.0686	0.0439	0.0003
22	8424254	M4542	0	0.0002	0.0005	0.145	0.0004	0.0002	0.0001	0.0002	0.0001	0.0005	0.0007	0.0006	0.0002	0.0005	0.0004
7	70408842	M4477	0	0.0002	0.0003	0.0001	0.0001	0.0001	0.4857	0.0002	0.0002	0.0003	0.0002	0.0002	0.0001	0.0005	0
21	23271291	M4814	0	0.0002	0.0002	0.0004	0.0005	0.0004	0.4928	0.0001	0.0002	0.0003	0.0002	0.0003	0.0001	0.0005	0.0002
23	34762301	M4603	0	0.0006	0.0003	0.0736	0.0004	0.0003	0.0002	0	0.0006	0.0002	0.0005	0.0003	0.0003	0.0004	0.0002
21	51529985	M4504	0	0.0001	0.0004	0.0002	0.0007	0.0003	0.0004	0.0003	0.0005	0.0004	0.1966	0.0002	0.0003	0.0002	0.0003
2	201554868	M4972	0	0.0003	0.0005	0.0002	0.0003	0.0001	0.0005	0.0002	0.0004	0.0989	0.0003	0.0005	0	0.0002	0.0004
10	19298529	M4871	0	0.0001	0.0001	0.0004	0.0002	0.0007	0.0004	0.0002	0.0004	0.1992	0.0003	0.0004	0.0007	0.0006	0.0004
10	80664720	M4563	0	0.0005	0.1291	0.0001	0.0004	0.0007	0.0004	0.0004	0.0003	0.0005	0.2703	0.0402	0.0005	0.0006	0.0003
3	134633123	M4594	0	0.0001	0.0005	0.0005	0.0003	0.0004	0.0005	0.0004	0.0006	0.0004	0.165	0.0002	0.0006	0.0005	0.0003
21	39095667	M4567	0	0.0003	0.0003	0.0005	0.0006	0.0005	0.0004	0.0005	0.0001	0	0.0002	0.0002	0.3707	0.0002	0.0003
8	21921689	M4813	0	0.0002	0.0005	0.0004	0.0001	0.0007	0.0004	0.0003	0.0005	0.0004	0.0006	0.0004	0.0004	0.1358	0
16	32251679	M4432	0	0.0002	0.17	0.2063	0.2185	0.3667	0.0003	0.0001	0.0003	0.3162	0.0001	0.3813	0.3783	0.3106	0.4633
14	75003709	M4508	0	0.0003	0	0.0001	0.0001	0.217	0.0002	0.0003	0.0001	0.0005	0.0003	0.0004	0.0003	0.0001	0.0002
23	2632612	M4610	0	0.0002	0.0002	0.0002	0.0003	0.0003	0.0003	0.0006	0.0009	0.0003	0.0003	0.1165	0.0001	0.0003	0.0003
3	134525757	M4624	0	0.0002	0.0005	0.0004	0.0003	0.0001	0.0007	0.0002	0.0002	0.0004	0.0001	0.0002	0.0005	0.044	0.0003
9	42137243	M4436	0	0.4137	0.2589	0.0001	0.2825	0.0528	0.0003	0.0003	0.4124	0.088	0.2716	0.0387	0.0686	0.1705	0.0007
2	208506015	M4641	0	0.0005	0.0005	0.0005	0.0005	0.1483	0.0003	0.0007	0.0003	0.0003	0.0005	0.0003	0.0004	0.0003	0.0002
2	215089824	M4823	0	0.0001	0.1245	0.0007	0.0001	0.0532	0.0005	0	0.0005	0.0004	0.0003	0.0004	0.0003	0.0002	0.0008
21	52616023	M4761	0	0.0001	0.0001	0.1357	0.0001	0	0.0004	0.0003	0.0002	0.0003	0.0001	0.0003	0.0004	0.0006	0.0002
4	158523280	M4507	0	0.0001	0.0004	0.0005	0.2772	0.0002	0.0002	0.0003	0.4166	0.0004	0.0003	0.0003	0.0695	0.0472	0.0002
19	74913532	M4860	0	0.0001	0.0004	0.0004	0.0003	0.0002	0.0003	0.0001	0.0004	0.0004	0.2668	0.0004	0.0002	0.0004	0.0007
10	53069613	M4434	0	0.0001	0.0781	0.0004	0.0002	0.1543	0.0008	0.0002	0.0004	0.1312	0.0002	0.0001	0.0004	0.3087	0.4665
19	18297808	M4644	0	0.0003	0.0005	0.0004	0.0002	0.0001	0.0002	0.0001	0.0001	0.0006	0.0002	0.1202	0.0005	0.0001	0.0002
4	24854157	M4735	0	0	0.0006	0.0005	0.0003	0.0003	0.0003	0.0004	0.0002	0.0003	0	0.0001	0.343	0.0008	0.0003
2	241846991	M4500	0	0.0004	0.0005	0.0003	0.0006	0.0003	0.0002	0.0004	0.0006	0.2011	0.0005	0.0003	0.0004	0.0002	0.0001
15	18465882	M4695	0	0.0006	0.0003	0.0002	0.0002	0.0006	0.0004	0.0001	0.0001	0.0003	0.0006	0.0004	0.0009	0.0001	0.4574
16	65653165	M4438	0	0.0001	0.0947	0.1955	0.2174	0.2104	0.0003	0.0003	0.0001	0	0.0004	0.3868	0.3732	0.0002	0.0003
22	11975224	M4680	0	0.0003	0.0005	0.0006	0.2751	0.0005	0.0003	0.0005	0.421	0	0.0003	0.0001	0.0661	0.05	0.0003
20	23435765	M4596	0	0.0001	0.1255	0.0007	0.0007	0.0503	0.0005	0.0002	0.0003	0.0004	0.0003	0.0002	0.0003	0.0003	0.0002
23	20795687	M4574	0	0.0002	0.0005	0.0004	0.0003	0.1516	0	0.0004	0.0001	0.0002	0.0003	0.0004	0.0004	0.0001	0.0004
16	21029169	M4909	0	0.0004	0.0003	0.0002	0.2754	0.0006	0.0004	0.0002	0.0004	0.0004	0.0006	0.0002	0.0002	0.0004	0.0005
5	154268760	M4480	0	0	0.0001	0.0002	0.0003	0.0002	0.0001	0.0004	0	0.0001	0.0006	0	0.0002	0.2602	0.0004
5	95337601	M4495	0	0.0004	0.0982	0.0004	0.0002	0.0001	0.0007	0.0006	0	0.0003	0.0001	0.0003	0.0002	0.0002	0.0005
21	32264558	M4439	0	0.0003	0.0002	0.0737	0.0002	0.0003	0.0001	0.0002	0.0003	0.0003	0.0005	0.0002	0.0004	0.0002	0.0001
1	12762411	M4690	0	0.0005	0.0994	0.0003	0.0004	0.0005	0.0002	0.0003	0.0011	0.0001	0.0001	0.0002	0.0005	0.0003	0.0003
4	122287533	M4473	0	0.0004	0.0003	0.136	0.0001	0.0005	0.0002	0.0007	0	0.0003	0.0003	0.0005	0.0003	0.0001	0.0007
12	104642147	M4656	0	0.0005	0.0004	0.0003	0.0002	0.2121	0.0008	0.0007	0.0007	0.0002	0.0002	0.0003	0.0003	0.0004	0.0004
7	32851666	M4660	0	0.0003	0.0006	0.0002	0.0002	0	0.0001	0.0003	0.0001	0.1946	0.0005	0.0004	0.0003	0.0002	0.0003
16	32702787	M4894	0	0.0006	0.0002	0.0003	0.0005	0.0002	0.0002	0.4054	0.0003	0.0006	0.0004	0.0002	0.0002	0.0004	0.0003
13	35474686	M4711	0	0.0004	0.0004	0.0003	0	0.0007	0.0005	0.0004	0.0002	0.096	0.0003	0.0003	0.0003	0.0003	0.0005
1	112538325	M4519	0	0.0006	0.0001	0.1387	0.0004	0.0003	0.0002	0.0001	0.0006	0.0004	0.0005	0.0001	0.0007	0.0002	0.0004
15	19390275	M4683	0	0.0004	0.0001	0.0773	0.0003	0.0002	0.0002	0.0006	0.0002	0.0005	0.0007	0.0005	0.0002	0.0006	0.0003
8	36410978	M4443	0	0.0003	0.0005	0.0002	0	0.0003	0.0005	0.0005	0.0003	0.1993	0.0004	0.0004	0.0004	0.0005	0.0003
3	93929266	M4917	0	0.0003	0.0003	0.0005	0.0005	0.0003	0.0004	0.0001	0.0001	0.0004	0	0.0004	0.359	0.0005	0.0005
4	20611681	M4980	0	0.0003	0.1251	0.0002	0.0007	0.0005	0.0005	0.0001	0.0005	0.0002	0.0001	0.0001	0.0003	0.0005	0.0002
9	72551038	M4826	0	0.0002	0.0004	0.0008	0.0004	0.0005	0.0001	0.0002	0.0006	0.1321	0.0004	0.0002	0.0003	0.0004	0
18	71976145	M4926	0	0.0004	0.1242	0.0002	0.0002	0.0001	0.0002	0.0003	0.0002	0.0004	0	0.0002	0.0003	0.0002	0.0003
15	45849057	M4848	0	0.0002	0.0004	0.0004	0.0002	0.1495	0.0002	0.0002	0.0003	0.0003	0.0006	0.0003	0.0001	0.0003	0.0002
22	40666233	M4640	0	0.0004	0.0004	0.0003	0	0.0003	0.0003	0	0.0002	0.0004	0.0001	0.2632	0.0006	0.0002	0.0004
2	49791452	M4561	0	0.0005	0.0001	0.0005	0.0003	0.2157	0.0005	0.0003	0.0004	0.0004	0.0003	0.0003	0.0001	0.0003	0.0001
20	14607328	M4636	0	0.0008	0.0003	0.0003	0.0004	0.0001	0.0006	0.0005	0.0003	0.127	0.0003	0.0004	0.0003	0.0004	0.0001
5	165977021	M4433	0	0	0.0825	0.0002	0.0006	0.147	0.0002	0.0004	0.0005	0.1314	0.0008	0.0002	0.0006	0.3084	0.4591
17	33628841	M4440	0	0.415	0.1234	0.0001	0.0004	0.048	0.0003	0.0003	0.0004	0.0936	0.0006	0.0002	0.0001	0.1269	0.0003
23	47268836	M4455	0	0.0004	0.1219	0.0002	0	0.052	0.0001	0.0001	0.0003	0.0007	0.0002	0.0004	0.0005	0.126	0.0006
18	80558334	M4516	0	0.0002	0.1191	0.0004	0.0004	0.0481	0.0002	0.0003	0.0002	0.0001	0.0004	0.0002	0.0002	0.0002	0.0003
13	131331877	M4527	0	0.0005	0.0005	0.0003	0.0003	0.1463	0.0006	0.0002	0.0005	0.0005	0	0.0003	0.0004	0.0004	0.0004
15	61262282	M4548	0	0	0.0004	0.0004	0.0001	0.2203	0.0004	0.0004	0.0003	0.0003	0.0004	0.0003	0.0007	0.0002	0.0001
19	33702773	M4946	0	0.0004	0.0006	0.0001	0.0004	0.0008	0.0003	0.0004	0.0004	0.0002	0.0006	0.1147	0.0006	0.0004	0.0003
7	15673687	M4595	0	0.0005	0.0006	0.0003	0.2798	0.0003	0.0002	0.0001	0.4311	0.0003	0.0004	0.0003	0.0694	0.0462	0.0003
13	64990951	M4479	0	0.0002	0.0003	0.0004	0.2276	0.0002	0.0002	0.0003	0.0005	0.0005	0.0003	0.0004	0.3805	0.0002	0.0002
21	36582469	M4662	0	0.0001	0.0003	0.0003	0.0007	0.0002	0.0002	0	0.0004	0.0005	0.0005	0.0003	0.0006	0.0426	0.0004
3	133756189	M4588	0	0.0001	0.135	0.0001	0.0005	0.0006	0.0008	0	0.0005	0.0002	0.2303	0.0407	0.0003	0.0003	0.0002
5	43565072	M4583	0	0.0003	0.0004	0.0726	0.0003	0.0005	0.0003	0.0001	0.0004	0.0004	0.0001	0.0006	0.0003	0.0001	0.0006
11	123894312	M4873	0	0.0006	0.0002	0.0516	0.0002	0.0004	0.0002	0.0003	0.0003	0.0001	0.0002	0.0003	0.0001	0.0004	0.0003
