#chrom	pos	desc	normal	sample1	sample2	sample3	sample4	sample5	sample6	sample7	sample8	sample9
9	13374423	M4493	0	0.2675	0	0	0	0.2268	0	0	0	0
11	65332288	M4499	0	0	0.0786	0	0	0	0	0	0	0
20	20394769	M4581	0	0	0	0	0	0	0	0	0	0.0406
22	37519172	M4465	0	0	0	0.1774	0	0	0	0	0	0.1931
3	52749435	M4792	0	0	0	0	0	0	0.2456	0	0	0
2	81339460	M4498	0	0	0	0	0	0	0.2456	0	0	0
20	51250243	M4760	0	0	0	0	0	0	0.0101	0	0	0
5	46912056	M4973	0	0.0939	0	0	0	0	0	0	0	0
19	72448611	M4606	0	0	0.3162	0	0	0	0.0101	0	0	0
16	10363335	M4614	0	0	0	0	0	0	0.2456	0	0	0
6	20872845	M4551	0	0	0	0	0	0.1066	0	0	0	0
12	62813783	M4819	0	0	0	0	0.0349	0	0	0	0	0
20	48988864	M4453	0	0	0	0	0	0	0	0	0	0.0406
6	117201081	M4458	0	0.2675	0	0	0	0.2268	0.2456	0	0	0
20	33284291	M4682	0	0	0	0	0	0	0.1738	0	0	0
8	126429163	M4652	0	0	0	0	0	0	0	0.0387	0.2569	0
14	112856993	M4460	0	0.0825	0	0	0	0	0	0	0	0
15	87394570	M4882	0	0	0	0.146	0	0	0	0	0	0
17	42334466	M4575	0	0	0	0	0	0	0.1738	0	0	0
6	59163004	M4472	0	0.2675	0	0	0	0.2268	0.2456	0	0	0
5	83815305	M4470	0	0	0	0.2957	0.3699	0	0	0	0	0
10	30654380	M4528	0	0	0	0	0	0	0.2456	0	0	0
8	136388937	M4490	0	0	0.0786	0	0	0	0	0	0	0
4	5387936	M4450	0	0	0	0.2957	0.3699	0.224	0	0.143	0.2569	0.2343
11	93514150	M4602	0	0	0	0	0	0	0	0	0	0.0406
14	40605044	M4446	0	0	0.0786	0	0	0	0	0	0	0
19	20910020	M4597	0	0	0.0532	0	0	0	0	0	0	0
7	35462368	M4541	0	0	0	0.1774	0	0	0	0	0	0
17	23886359	M4461	0	0	0	0	0.0349	0	0	0	0.1467	0
6	142704699	M4822	0	0	0	0.1497	0	0	0	0	0	0
7	9049757	M4517	0	0	0	0	0.0349	0	0	0	0.1467	0
4	187721307	M4536	0	0.2675	0	0	0	0.2268	0	0	0	0
11	78646312	M4456	0	0	0	0	0	0.224	0	0.143	0.2569	0.2343
22	50384039	M4437	0	0	0.3162	0.2957	0.3699	0.224	0.0101	0.143	0.2569	0.2343
22	35965568	M4883	0	0	0.0404	0	0	0	0	0	0	0
2	117321695	M4962	0	0	0	0	0	0	0.2456	0	0	0
17	28106777	M4645	0	0	0	0	0	0.146	0	0.1043	0	0.2343
11	45625308	M4925	0	0	0	0.1497	0	0	0	0	0	0
10	120256634	M4526	0	0	0	0	0	0	0	0.0387	0.2569	0
9	117442185	M4444	0	0.0939	0	0	0	0	0	0	0	0
22	8424254	M4542	0	0.0825	0	0	0	0	0	0	0	0
15	76866511	M4936	0	0	0	0	0.0349	0	0	0	0	0
21	51529985	M4504	0	0	0.0404	0	0	0	0	0	0	0
22	16818790	M4906	0	0	0	0	0	0	0	0	0.2569	0
15	57314627	M4615	0	0	0.0494	0	0	0	0	0	0	0
10	19298529	M4871	0	0	0.3162	0	0	0	0	0	0	0
15	22037115	M4898	0	0	0	0	0	0	0	0.1205	0	0
20	42031103	M4982	0	0	0	0.146	0	0	0	0	0	0
2	241911429	M4858	0	0	0	0	0	0	0	0	0	0.1931
3	27336925	M4868	0	0	0	0	0	0	0	0.0387	0	0
3	134633123	M4594	0	0	0.0404	0	0	0	0	0	0	0
21	39095667	M4567	0	0	0	0	0	0.146	0	0.1043	0	0.2343
16	32251679	M4432	0	0.2675	0.3162	0.2957	0.4048	0.4509	0.2558	0.4769	0.4036	0.2343
3	134525757	M4624	0	0	0	0	0	0.1066	0	0	0	0
9	42137243	M4436	0	0.0939	0	0.1774	0	0	0	0	0	0.2337
4	158523280	M4507	0	0.0939	0	0	0	0	0	0	0	0
7	13867438	M4889	0	0	0	0	0.0349	0	0	0	0	0
9	63085429	M4582	0	0	0	0	0	0	0.2456	0	0	0
8	124225173	M4501	0	0	0	0	0	0	0	0.3339	0	0
5	62174731	M4452	0	0	0	0	0.0349	0	0	0.3339	0.1467	0
16	42790871	M4706	0	0	0	0	0	0	0	0.1043	0	0
15	103774074	M4532	0	0	0	0	0	0	0	0.1205	0	0
10	53069613	M4434	0	0.2675	0	0	0.0349	0.2268	0.2456	0.3339	0.1467	0
2	241846991	M4500	0	0	0.3162	0	0	0	0.0101	0	0	0
15	18465882	M4695	0	0	0	0	0	0.1203	0	0	0	0
16	65653165	M4438	0	0	0	0.2957	0.3699	0.224	0	0.143	0.2569	0.2343
22	11975224	M4680	0	0.0939	0	0	0	0	0	0	0	0
17	50240772	M4807	0	0.0825	0	0	0	0	0	0	0	0
17	80254634	M4522	0	0	0	0	0	0	0	0.1205	0	0
5	167017236	M4524	0	0	0	0	0	0	0	0	0	0.0329
7	127015591	M4560	0	0.0825	0	0	0	0	0	0	0	0
8	30697127	M4462	0	0	0	0	0	0	0	0.0387	0.2569	0
21	32264558	M4439	0	0	0.0532	0	0	0	0.1738	0	0	0
10	50648498	M4878	0	0.0939	0	0	0	0	0	0	0	0
23	13356586	M4756	0	0	0	0.146	0	0	0	0	0	0
11	113996554	M4643	0	0	0.0786	0	0	0	0	0	0	0
4	122287533	M4473	0	0.0825	0	0	0	0	0	0	0	0
14	64146990	M4632	0	0	0	0	0	0	0	0.2134	0	0
7	32851666	M4660	0	0	0.3162	0	0	0	0	0	0	0
17	65175773	M4895	0	0	0	0	0	0.078	0	0	0	0
15	46193103	M4593	0	0	0.0786	0	0	0	0	0	0	0
1	112538325	M4519	0	0.0825	0	0	0	0	0	0	0	0
8	36410978	M4443	0	0	0.3162	0	0	0	0.0101	0	0	0
19	60274731	M4964	0	0.0825	0	0	0	0	0	0	0	0
13	21562030	M4958	0	0	0	0	0	0	0	0.2134	0	0
20	21478015	M4448	0	0	0.0532	0	0	0	0	0	0	0
11	101180474	M4523	0	0	0.0532	0	0	0	0	0	0	0
20	14607328	M4636	0	0.2471	0	0	0	0	0	0	0	0
8	117275204	M4764	0	0.2675	0	0	0	0	0	0	0	0
5	95525290	M4825	0	0	0	0	0	0.093	0	0	0	0
5	165977021	M4433	0	0.2675	0	0	0.0349	0.1979	0.2456	0.3024	0.1467	0
5	63547232	M4513	0	0	0	0	0	0	0	0.3339	0	0
17	33628841	M4440	0	0	0	0.1774	0	0	0	0	0	0.1931
7	15673687	M4595	0	0.0939	0	0	0	0	0	0	0	0
3	114396823	M4713	0	0	0.0786	0	0	0	0	0	0	0
13	64990951	M4479	0	0	0	0	0	0.146	0	0.1043	0	0.2343
13	16937491	M4933	0	0	0	0.146	0	0	0	0	0	0
23	19776777	M4784	0	0	0	0	0	0	0	0.1043	0	0
20	41998092	M4752	0	0.0825	0	0	0	0	0	0	0	0
14	82455484	M4763	0	0	0	0	0	0	0	0.2134	0	0
19	17807399	M4571	0	0	0	0	0	0	0	0	0	0.1931
