#chrom	pos	desc	normal	sample1	sample2	sample3	sample4	sample5	sample6	sample7	sample8	sample9	sample10	sample11	sample12	sample13	sample14
2	87764192	M4748	0	0	0.0795	0	0	0	0	0	0	0	0	0	0	0	0
9	13374423	M4493	0	0	0	0	0	0.152	0	0	0	0.1279	0	0	0	0.0416	0.4584
22	37519172	M4465	0	0.4168	0	0	0	0	0	0	0	0.0932	0	0	0	0	0
13	23144304	M4766	0	0	0	0	0	0	0	0	0	0	0	0.1543	0	0	0
2	81339460	M4498	0	0	0.0795	0	0	0	0	0	0	0	0	0	0	0	0
14	18607613	M4655	0	0	0	0	0	0	0	0	0	0.0932	0	0	0	0	0
19	72448611	M4606	0	0	0	0	0	0	0	0	0	0.197	0	0	0	0	0
6	20872845	M4551	0	0	0	0	0	0	0	0	0	0	0	0	0	0.0416	0
10	110568199	M4566	0	0	0	0	0	0	0	0	0	0	0	0.386	0	0	0
6	117201081	M4458	0	0	0.0795	0	0	0.152	0	0	0	0.1279	0	0	0	0.0416	0.4584
2	1881109	M4877	0	0	0	0	0	0	0	0	0	0.0932	0	0	0	0	0
1	188381942	M4684	0	0.4168	0	0	0	0	0	0	0	0	0	0	0	0	0
6	146696467	M4607	0	0.4168	0	0	0	0	0	0	0	0	0	0	0	0	0
14	112856993	M4460	0	0	0	0.1387	0	0	0	0	0	0	0	0	0	0	0
6	59163004	M4472	0	0	0.0795	0	0	0.152	0	0	0	0.1279	0	0	0	0.0416	0.4584
5	83815305	M4470	0	0	0	0.1988	0	0	0	0	0	0	0	0.386	0	0	0
8	54728512	M4783	0	0	0	0	0	0	0	0	0	0	0	0	0	0.0416	0
10	30654380	M4528	0	0	0.0795	0	0	0	0	0	0	0	0	0	0	0	0
2	174947174	M4977	0	0	0	0	0	0	0	0	0	0	0	0	0.0669	0.0452	0
3	77146890	M4797	0	0	0	0	0	0.152	0	0	0	0	0	0	0	0	0
4	5387936	M4450	0	0	0	0.1988	0.2165	0.2159	0	0	0	0	0	0.386	0.3499	0	0
7	35462368	M4541	0	0	0	0	0	0	0	0	0	0.0932	0	0	0	0	0
6	142704699	M4822	0	0	0	0.1988	0	0	0	0	0	0	0	0	0	0	0
4	187721307	M4536	0	0	0	0	0	0	0	0	0	0.1279	0	0	0	0.0416	0.4584
11	78646312	M4456	0	0	0	0	0.2165	0.2159	0	0	0	0	0	0	0.3733	0	0
22	50384039	M4437	0	0	0.0957	0.1988	0.2165	0.2159	0	0	0	0.197	0	0.386	0.3733	0	0
22	35965568	M4883	0	0	0	0	0	0	0	0	0	0	0.1999	0	0	0	0
13	28624758	M4623	0	0	0	0.1387	0	0	0	0	0	0	0	0	0	0	0
21	22375217	M4724	0	0	0.1354	0	0	0	0	0	0	0	0	0.0407	0	0	0
19	27332466	M4954	0	0	0	0.0244	0	0	0	0	0	0	0	0	0	0	0
12	112810494	M4835	0	0	0.1354	0	0	0	0	0	0	0	0	0	0	0	0
17	28106777	M4645	0	0	0	0	0	0	0	0	0	0	0	0	0.3733	0	0
11	45625308	M4925	0	0	0	0.1988	0	0	0	0	0	0	0	0	0	0	0
9	117442185	M4444	0	0	0.1354	0	0.2772	0	0	0	0.4239	0	0.2702	0.0407	0.0669	0.0452	0
22	8424254	M4542	0	0	0	0.1387	0	0	0	0	0	0	0	0	0	0	0
7	70408842	M4477	0	0	0	0	0	0	0.4914	0	0	0	0	0	0	0	0
21	23271291	M4814	0	0	0	0	0	0	0.4914	0	0	0	0	0	0	0	0
23	34762301	M4603	0	0	0	0.0779	0	0	0	0	0	0	0	0	0	0	0
21	51529985	M4504	0	0	0	0	0	0	0	0	0	0	0.1999	0	0	0	0
2	201554868	M4972	0	0	0	0	0	0	0	0	0	0.0932	0	0	0	0	0
10	19298529	M4871	0	0	0	0	0	0	0	0	0	0.197	0	0	0	0	0
10	80664720	M4563	0	0	0.1354	0	0	0	0	0	0	0	0.2702	0.0407	0	0	0
3	134633123	M4594	0	0	0	0	0	0	0	0	0	0	0.1666	0	0	0	0
21	39095667	M4567	0	0	0	0	0	0	0	0	0	0	0	0	0.3733	0	0
8	21921689	M4813	0	0	0	0	0	0	0	0	0	0	0	0	0	0.1311	0
16	32251679	M4432	0	0	0.1752	0.1988	0.2165	0.3679	0	0	0	0.3249	0	0.386	0.3733	0.3078	0.4584
14	75003709	M4508	0	0	0	0	0	0.2159	0	0	0	0	0	0	0	0	0
23	2632612	M4610	0	0	0	0	0	0	0	0	0	0	0	0.118	0	0	0
3	134525757	M4624	0	0	0	0	0	0	0	0	0	0	0	0	0	0.0416	0
9	42137243	M4436	0	0.4168	0.26	0	0.2772	0.0508	0	0	0.4239	0.0932	0.2702	0.0407	0.0669	0.1763	0
2	208506015	M4641	0	0	0	0	0	0.152	0	0	0	0	0	0	0	0	0
2	215089824	M4823	0	0	0.1246	0	0	0.0508	0	0	0	0	0	0	0	0	0
21	52616023	M4761	0	0	0	0.1387	0	0	0	0	0	0	0	0	0	0	0
4	158523280	M4507	0	0	0	0	0.2772	0	0	0	0.4239	0	0	0	0.0669	0.0452	0
19	74913532	M4860	0	0	0	0	0	0	0	0	0	0	0.2702	0	0	0	0
10	53069613	M4434	0	0	0.0795	0	0	0.152	0	0	0	0.1279	0	0	0	0.3078	0.4584
19	18297808	M4644	0	0	0	0	0	0	0	0	0	0	0	0.118	0	0	0
4	24854157	M4735	0	0	0	0	0	0	0	0	0	0	0	0	0.3499	0	0
2	241846991	M4500	0	0	0	0	0	0	0	0	0	0.197	0	0	0	0	0
15	18465882	M4695	0	0	0	0	0	0	0	0	0	0	0	0	0	0	0.4584
16	65653165	M4438	0	0	0.0957	0.1988	0.2165	0.2159	0	0	0	0	0	0.386	0.3733	0	0
22	11975224	M4680	0	0	0	0	0.2772	0	0	0	0.4239	0	0	0	0.0669	0.0452	0
20	23435765	M4596	0	0	0.1246	0	0	0.0508	0	0	0	0	0	0	0	0	0
23	20795687	M4574	0	0	0	0	0	0.152	0	0	0	0	0	0	0	0	0
16	21029169	M4909	0	0	0	0	0.2772	0	0	0	0	0	0	0	0	0	0
5	154268760	M4480	0	0	0	0	0	0	0	0	0	0	0	0	0	0.2661	0
5	95337601	M4495	0	0	0.0957	0	0	0	0	0	0	0	0	0	0	0	0
21	32264558	M4439	0	0	0	0.0779	0	0	0	0	0	0	0	0	0	0	0
1	12762411	M4690	0	0	0.0957	0	0	0	0	0	0	0	0	0	0	0	0
4	122287533	M4473	0	0	0	0.1387	0	0	0	0	0	0	0	0	0	0	0
12	104642147	M4656	0	0	0	0	0	0.2159	0	0	0	0	0	0	0	0	0
7	32851666	M4660	0	0	0	0	0	0	0	0	0	0.197	0	0	0	0	0
16	32702787	M4894	0	0	0	0	0	0	0	0.4134	0	0	0	0	0	0	0
13	35474686	M4711	0	0	0	0	0	0	0	0	0	0.0932	0	0	0	0	0
1	112538325	M4519	0	0	0	0.1387	0	0	0	0	0	0	0	0	0	0	0
15	19390275	M4683	0	0	0	0.0779	0	0	0	0	0	0	0	0	0	0	0
8	36410978	M4443	0	0	0	0	0	0	0	0	0	0.197	0	0	0	0	0
3	93929266	M4917	0	0	0	0	0	0	0	0	0	0	0	0	0.3733	0	0
4	20611681	M4980	0	0	0.1246	0	0	0	0	0	0	0	0	0	0	0	0
9	72551038	M4826	0	0	0	0	0	0	0	0	0	0.1279	0	0	0	0	0
18	71976145	M4926	0	0	0.1246	0	0	0	0	0	0	0	0	0	0	0	0
15	45849057	M4848	0	0	0	0	0	0.152	0	0	0	0	0	0	0	0	0
22	40666233	M4640	0	0	0	0	0	0	0	0	0	0	0	0.268	0	0	0
2	49791452	M4561	0	0	0	0	0	0.2159	0	0	0	0	0	0	0	0	0
20	14607328	M4636	0	0	0	0	0	0	0	0	0	0.1279	0	0	0	0	0
5	165977021	M4433	0	0	0.0795	0	0	0.152	0	0	0	0.1279	0	0	0	0.3078	0.4584
17	33628841	M4440	0	0.4168	0.1246	0	0	0.0508	0	0	0	0.0932	0	0	0	0.1311	0
23	47268836	M4455	0	0	0.1246	0	0	0.0508	0	0	0	0	0	0	0	0.1311	0
18	80558334	M4516	0	0	0.1246	0	0	0.0508	0	0	0	0	0	0	0	0	0
13	131331877	M4527	0	0	0	0	0	0.152	0	0	0	0	0	0	0	0	0
15	61262282	M4548	0	0	0	0	0	0.2159	0	0	0	0	0	0	0	0	0
19	33702773	M4946	0	0	0	0	0	0	0	0	0	0	0	0.118	0	0	0
7	15673687	M4595	0	0	0	0	0.2772	0	0	0	0.4239	0	0	0	0.0669	0.0452	0
13	64990951	M4479	0	0	0	0	0.2165	0	0	0	0	0	0	0	0.3733	0	0
21	36582469	M4662	0	0	0	0	0	0	0	0	0	0	0	0	0	0.0416	0
3	133756189	M4588	0	0	0.1354	0	0	0	0	0	0	0	0.2252	0.0407	0	0	0
5	43565072	M4583	0	0	0	0.0779	0	0	0	0	0	0	0	0	0	0	0
11	123894312	M4873	0	0	0	0.0534	0	0	0	0	0	0	0	0	0	0	0
