#chrom	pos	desc	normal	sample1	sample2	sample3	sample4	sample5	sample6	sample7	sample8	sample9	sample10	sample11	sample12	sample13	sample14
22	26019219	M5842	0	0	0	0	0.237	0	0	0	0.001	0	0	0	0.226	0	0
2	189435908	M6074	0	0.166	0	0.002	0.001	0	0	0	0.001	0	0	0	0.001	0.002	0.001
23	25046675	M5851	0	0.001	0.001	0.001	0.109	0	0.305	0.001	0	0	0	0.162	0.001	0	0
6	50118879	M6111	0	0.002	0	0.325	0	0.001	0.001	0.001	0.001	0	0	0.001	0	0.001	0
14	69075086	M6129	0	0	0.002	0	0.106	0	0	0	0.001	0	0	0.001	0.001	0	0
13	117790181	M5973	0	0	0.001	0	0	0.001	0	0	0.001	0.003	0.001	0.001	0	0.482	0
16	68472917	M6265	0	0	0.001	0	0	0	0.001	0	0	0	0.003	0.062	0	0	0
19	42468253	M6081	0	0.001	0	0	0	0	0	0.001	0.001	0	0	0	0.225	0	0
7	23331020	M6157	0	0	0	0.375	0	0	0	0.001	0	0	0.001	0	0	0	0
13	21860288	M5836	0	0	0	0	0.315	0	0	0.001	0.001	0.001	0.116	0	0.275	0	0.504
9	27031464	M6122	0	0.005	0	0.001	0.001	0	0	0	0	0	0.002	0	0	0	0
9	18959263	M6014	0	0.01	0	0	0.001	0	0.001	0.001	0	0	0.002	0	0	0	0
23	29258094	M5958	0	0.001	0.002	0.001	0	0.001	0.138	0	0	0.001	0	0	0	0	0
21	51980430	M5883	0	0.119	0.001	0	0	0.133	0	0	0.001	0	0.001	0	0	0.484	0.001
14	31383259	M5911	0	0	0.001	0	0.001	0	0.106	0	0	0	0	0	0.001	0	0
15	7826374	M6019	0	0.001	0	0.001	0	0.142	0	0	0	0	0	0.001	0.001	0	0
19	53020321	M6286	0	0.001	0.001	0.001	0	0.124	0	0	0	0	0	0	0.001	0	0
11	12974193	M5867	0	0.122	0	0.235	0	0.136	0	0.314	0	0.001	0.001	0.001	0.084	0.476	0.001
6	13506897	M5843	0	0	0	0.349	0.001	0.302	0	0.223	0	0.424	0.005	0.001	0.153	0.001	0
9	29431129	M5830	0	0	0.001	0.001	0	0.001	0.001	0	0	0	0	0.085	0	0	0.003
22	37528278	M5961	0	0	0	0	0	0	0	0.202	0	0	0	0	0	0	0
3	157058283	M6101	0	0	0	0	0	0	0	0	0	0	0.001	0	0.162	0	0
21	44705378	M5838	0	0.125	0	0	0.001	0	0	0	0.475	0	0	0	0.002	0.001	0
7	73512522	M6203	0	0	0	0	0	0.001	0	0	0.472	0	0	0	0	0.001	0
2	184372432	M5860	0	0	0	0.352	0	0.167	0	0.242	0	0.439	0.005	0.001	0.148	0.001	0
13	78810344	M6028	0	0.002	0	0	0	0	0.002	0.001	0	0.066	0	0	0	0.001	0.001
5	167265340	M6145	0	0.101	0	0	0	0	0.001	0	0	0	0.001	0.001	0	0.001	0
14	66093404	M5833	0	0.328	0.477	0	0.107	0	0.342	0	0.479	0	0.341	0.316	0	0.001	0.002
2	51066452	M6153	0	0	0.001	0	0	0	0	0	0	0	0.001	0	0.219	0	0
8	733630	M5982	0	0.1	0.001	0	0	0	0	0	0.002	0	0	0	0.001	0	0
16	57719792	M6170	0	0.003	0.001	0.001	0.001	0	0	0.001	0.002	0.001	0.001	0	0.001	0	0.501
3	154523600	M6049	0	0.007	0	0.001	0	0.001	0	0	0	0	0	0	0.001	0	0
9	23875737	M5929	0	0.011	0	0.002	0	0	0	0	0.002	0.001	0	0	0.001	0	0.001
12	17635674	M6061	0	0.003	0	0	0	0	0	0	0	0	0.329	0.001	0	0	0.001
11	34599729	M5988	0	0	0	0	0	0.001	0.056	0.001	0.001	0.001	0	0	0	0.002	0
9	88906558	M5852	0	0	0	0	0.319	0	0.002	0.001	0	0.001	0	0	0.308	0.001	0
8	36342963	M6023	0	0	0	0	0	0.001	0	0.227	0	0	0	0	0	0	0
23	556795	M6287	0	0	0.001	0	0	0	0	0.001	0	0	0	0.173	0	0	0
20	3944885	M6183	0	0.001	0	0	0	0.217	0	0	0	0	0	0	0	0	0
6	10304511	M5943	0	0.001	0	0.001	0.001	0	0	0	0.001	0	0	0	0.04	0	0
2	212930898	M6230	0	0.003	0.001	0	0	0.001	0.001	0.001	0	0.234	0	0	0.001	0	0
23	37176999	M6110	0	0	0	0	0	0.001	0	0.001	0.001	0.001	0.001	0.137	0	0	0
23	19260536	M6209	0	0	0.002	0	0	0	0	0.238	0.001	0	0	0.002	0	0.001	0
1	126344347	M6041	0	0	0	0	0	0	0	0	0.001	0	0.124	0.001	0	0.001	0
6	147457586	M5983	0	0	0.001	0	0	0.001	0	0.002	0	0	0	0	0	0.001	0.501
21	35875891	M5878	0	0	0.001	0.361	0	0	0.002	0	0	0.001	0.001	0	0	0	0
20	41899758	M5981	0	0	0	0	0	0	0.124	0	0	0	0	0	0	0.001	0
20	26044038	M5855	0	0	0	0.001	0.307	0	0	0	0	0	0.002	0	0.263	0.001	0
1	20988789	M5870	0	0.14	0	0	0	0	0	0	0.001	0	0	0	0	0.002	0
14	91797834	M6246	0	0.001	0.499	0.001	0	0	0.002	0	0	0	0.002	0	0	0	0
22	53445730	M6232	0	0.002	0	0	0	0	0	0	0	0	0	0.001	0.077	0	0
4	90524853	M5965	0	0	0.001	0.001	0.103	0.001	0	0	0.002	0.001	0	0.153	0.001	0	0
8	19159679	M5866	0	0	0	0.001	0	0.001	0.123	0.002	0.001	0	0	0	0.001	0	0
12	32362861	M6035	0	0	0	0	0.001	0.228	0	0	0	0.001	0	0	0	0.001	0
16	33257712	M6020	0	0	0.001	0.001	0	0.001	0	0.002	0.001	0.001	0	0.163	0.001	0	0.002
1	121567963	M5953	0	0.001	0.002	0.001	0.001	0.001	0	0.248	0	0.142	0.009	0	0	0	0
1	247450947	M6156	0	0	0	0	0.001	0.001	0	0.001	0	0.257	0	0	0.002	0	0
4	48559434	M5829	0	0.305	0.477	0.348	0.408	0.341	0.492	0.199	0.481	0.435	0.476	0.305	0.418	0.001	0.486
15	73910283	M6003	0	0.116	0	0	0	0	0	0.001	0.001	0.001	0	0	0	0	0
23	14362820	M5935	0	0	0	0.001	0	0	0.002	0	0.001	0	0	0	0.001	0	0.496
5	61999630	M5921	0	0	0	0.365	0	0	0	0	0	0.001	0	0.001	0.001	0	0.001
7	148378321	M5910	0	0	0.001	0.163	0	0.001	0.001	0.187	0	0	0.001	0	0.045	0	0
15	15977563	M5912	0	0.16	0	0	0	0	0	0	0	0	0.001	0	0	0	0
16	49139359	M5946	0	0.002	0.34	0.003	0	0.001	0.001	0.001	0	0	0.001	0	0	0	0.001
23	16495085	M5996	0	0	0.001	0	0	0	0.001	0.243	0.001	0	0	0	0.001	0	0
16	423847	M5922	0	0	0.001	0.123	0.001	0.002	0	0.226	0	0.001	0	0.001	0	0	0.001
2	105896468	M5874	0	0	0	0	0.305	0	0	0.001	0	0	0	0	0	0.002	0.001
22	45138564	M5890	0	0	0	0.001	0	0	0	0	0	0	0	0.082	0	0.001	0
19	72209461	M6282	0	0	0	0	0.001	0	0.119	0	0	0	0	0.001	0	0	0
7	51725599	M5940	0	0	0.001	0.002	0	0.001	0	0.001	0	0.001	0	0.109	0	0	0
14	52007416	M6264	0	0.001	0	0.007	0	0	0	0	0	0	0	0	0	0	0
18	43291323	M5968	0	0.002	0	0.001	0	0	0	0	0.471	0	0	0	0	0	0
12	46985870	M5967	0	0	0	0.001	0	0	0	0	0	0.001	0.13	0.001	0	0	0
1	127272530	M6030	0	0	0	0	0.001	0.142	0	0	0	0	0.001	0	0.001	0.001	0.001
7	25502140	M6099	0	0.001	0	0.001	0	0.216	0	0	0.001	0	0	0.002	0	0	0
8	121886899	M5841	0	0	0	0.002	0.001	0	0.136	0.001	0	0	0.001	0.001	0.001	0	0
16	12349567	M6162	0	0	0	0	0	0	0.001	0	0	0	0	0.062	0	0	0
14	87232615	M5907	0	0	0	0.342	0	0	0	0	0	0.001	0	0.001	0	0	0
18	50841160	M5856	0	0.123	0.001	0.154	0	0.128	0.001	0.214	0	0.001	0	0	0.032	0.507	0
9	61707950	M6260	0	0	0	0	0	0.001	0.001	0.001	0	0.001	0	0.148	0.001	0	0
18	49813627	M6136	0	0.002	0.001	0	0.002	0	0	0	0	0.146	0	0.001	0	0	0.001
19	34536565	M5845	0	0	0.001	0.001	0.001	0	0	0	0	0	0.115	0.002	0	0	0.507
4	72509051	M5849	0	0	0	0.354	0	0.345	0.001	0.185	0.001	0.452	0.003	0	0.158	0	0.001
12	127406217	M5868	0	0.001	0	0.332	0	0.221	0	0.24	0	0.421	0.001	0.002	0.165	0	0.003
17	77078653	M5964	0	0	0.001	0.001	0.001	0	0	0.001	0	0	0	0	0	0.001	0.482
17	51599817	M6266	0	0.132	0.002	0.001	0	0	0	0.001	0.001	0.001	0	0	0	0	0
16	5020133	M6054	0	0.112	0	0.001	0	0	0	0.001	0	0	0	0	0	0	0
3	191775850	M6107	0	0.002	0.001	0.001	0	0	0.002	0	0	0.207	0.001	0	0	0	0
4	115818314	M5959	0	0.094	0	0	0	0.115	0.002	0	0.001	0.001	0	0	0.001	0.001	0
10	16722886	M5835	0	0	0	0.001	0.265	0	0.116	0	0.001	0	0.11	0.001	0.272	0.001	0.542
7	111398693	M5971	0	0.003	0.001	0	0	0	0	0	0	0	0	0.001	0.163	0.001	0.001
16	84376428	M6013	0	0.159	0	0	0	0	0	0	0	0	0	0.001	0	0.001	0.001
10	9361297	M5919	0	0.001	0.001	0	0.002	0.201	0	0	0	0	0.001	0	0	0	0
4	11768809	M5871	0	0.189	0	0	0.001	0	0	0	0.001	0.001	0.001	0	0	0	0.001
14	70420937	M5840	0	0.001	0	0	0	0.001	0	0.001	0.493	0.001	0	0.001	0.001	0.002	0
22	39911319	M6175	0	0	0	0	0.001	0	0.002	0	0	0	0.32	0	0	0	0.001
14	40618956	M6067	0	0.001	0	0.001	0.001	0.001	0	0	0.002	0	0.003	0.001	0	0.001	0
13	14530140	M5837	0	0	0.001	0.329	0	0.351	0	0.233	0	0.412	0.007	0	0.147	0.001	0.001
11	62637903	M5853	0	0	0	0	0.001	0	0	0.001	0.491	0	0	0.001	0.001	0	0
23	32052027	M5936	0	0	0	0	0.1	0	0.001	0	0	0	0.001	0.177	0.001	0	0
14	35317839	M5854	0	0.002	0	0	0.001	0	0.142	0.001	0	0	0	0	0	0	0
6	59099910	M6051	0	0	0.001	0	0	0	0.332	0	0	0.001	0	0	0	0	0.001
20	28719460	M6104	0	0	0	0	0.001	0	0.002	0.001	0	0	0.005	0	0.001	0.001	0
17	26442689	M6069	0	0.001	0.002	0	0	0.002	0	0.177	0	0	0.001	0.001	0.002	0.001	0
10	87364285	M5979	0	0.001	0.459	0	0.001	0	0.001	0	0	0	0	0	0	0	0.002
4	92173719	M5882	0	0	0.001	0	0	0.126	0	0	0	0	0	0	0	0	0.001
20	3425369	M5864	0	0	0.483	0	0	0	0.058	0	0	0	0.339	0.154	0	0	0
15	25359419	M6185	0	0.001	0	0	0	0	0.001	0	0	0.001	0	0	0.165	0	0
2	168963148	M5997	0	0	0.001	0.001	0.102	0	0.001	0.001	0	0	0.001	0.002	0.001	0	0.001
