#chrom	pos	desc	normal	sample1	sample2	sample3	sample4	sample5	sample6	sample7	sample8	sample9	sample10	sample11	sample12	sample13	sample14
22	26019219	M5842	0	0.0003	0.0003	0.0009	0.2263	0.0003	0.0003	0.0004	0.0005	0.0006	0.0003	0.0001	0.2186	0.0003	0.0002
2	189435908	M6074	0	0.1682	0.0006	0.0003	0.0001	0.0002	0.0005	0.0004	0.0003	0.0005	0.0004	0.0003	0.0008	0.0001	0.0003
23	25046675	M5851	0	0.0005	0.0004	0.0002	0.109	0.0003	0.2974	0.0001	0.0002	0.0002	0.0003	0.1793	0.0002	0.001	0.0003
6	50118879	M6111	0	0.0003	0.0004	0.349	0.0006	0.0003	0.0001	0.0004	0.0006	0.0003	0.0004	0.0003	0.0003	0.0002	0.0003
14	69075086	M6129	0	0.0004	0.0002	0.0003	0.1029	0.0004	0.0001	0.0001	0.0002	0.0005	0.0003	0.0001	0.0005	0.0009	0.0002
13	117790181	M5973	0	0.0004	0.0008	0.0001	0.0005	0.0003	0.0002	0.0004	0.0003	0.0005	0.0002	0.0003	0.0003	0.4957	0.0005
16	68472917	M6265	0	0.0007	0.0003	0.0008	0.0001	0.0003	0.0001	0.0004	0.0002	0.0004	0.0001	0.0584	0.0004	0.0003	0.0006
19	42468253	M6081	0	0.0003	0.0007	0.0006	0.0004	0.0005	0.0004	0.0003	0.0005	0.0001	0.0006	0.0003	0.2146	0.0008	0.0009
7	23331020	M6157	0	0.0005	0.0002	0.3479	0.0005	0.0004	0.0003	0.0002	0.0001	0.0005	0.0002	0.0005	0.0003	0.0002	0.0002
13	21860288	M5836	0	0.0001	0.0003	0.0009	0.2939	0.0001	0.0004	0.0002	0.0001	0.0002	0.1088	0.0003	0.2875	0.0008	0.4945
9	27031464	M6122	0	0.0092	0.0001	0.0003	0.0004	0.0005	0.0001	0.0004	0.0007	0.0005	0.0002	0.0003	0.0005	0.0004	0.0002
9	18959263	M6014	0	0.0099	0.0003	0.0004	0.0002	0.0002	0.0003	0.0004	0.0005	0.0004	0.0003	0.0002	0.0003	0.0003	0.0004
23	29258094	M5958	0	0.0002	0.0003	0	0.0004	0.0002	0.1272	0.0003	0	0.0002	0.0008	0.0002	0.0002	0.0002	0.0002
21	51980430	M5883	0	0.1253	0.0004	0.0007	0.0004	0.1259	0.0004	0.0004	0.0003	0.0004	0.0001	0.0001	0.0003	0.493	0.0003
14	31383259	M5911	0	0.0003	0.0006	0.0003	0.0004	0.0005	0.1264	0.0003	0.0004	0.0003	0.0002	0.0001	0.0003	0.0004	0.0004
15	7826374	M6019	0	0.0002	0.0002	0.0003	0.0004	0.1245	0.0005	0.0003	0.0002	0.0004	0.0003	0.0004	0.0004	0.0001	0.0001
19	53020321	M6286	0	0.0008	0.0005	0.0004	0	0.1298	0.0003	0	0.0003	0.0006	0.0004	0.0002	0.0003	0.0002	0.0004
11	12974193	M5867	0	0.1246	0.0003	0.2378	0.0003	0.1255	0.0001	0.3293	0.0001	0.0005	0.0006	0.0006	0.0864	0.4944	0.0003
6	13506897	M5843	0	0.0001	0.0005	0.3551	0.0003	0.3084	0.0002	0.2352	0.0004	0.45	0.0055	0.0005	0.1636	0.0003	0.0002
9	29431129	M5830	0	0.0002	0.0002	0.0003	0.0006	0.0004	0	0.0005	0.0005	0.0001	0.0002	0.0798	0.0007	0.0002	0.0005
22	37528278	M5961	0	0.0002	0.0006	0.0004	0.0003	0.0001	0.0004	0.1979	0.0002	0.0006	0.0006	0.0004	0.0003	0.0005	0.0001
3	157058283	M6101	0	0.0003	0.0002	0.0002	0.0005	0.0002	0.0001	0.0002	0.0001	0.0007	0.0002	0.0003	0.1608	0.0005	0.0001
21	44705378	M5838	0	0.148	0.0002	0.0007	0.0003	0.0002	0.0002	0.0004	0.4888	0.0004	0.0001	0.0003	0.0001	0.0003	0.0005
7	73512522	M6203	0	0.0002	0.0002	0.0001	0.0005	0.0007	0.0001	0	0.4819	0.0004	0.0002	0.0005	0.0003	0.0004	0.0002
2	184372432	M5860	0	0.0004	0.0002	0.3478	0.0003	0.2187	0.0003	0.2294	0.0003	0.4385	0.0054	0.0006	0.1173	0.0002	0.0004
13	78810344	M6028	0	0.0003	0.0003	0.0003	0.0002	0.0003	0.0004	0.0002	0.0001	0.0684	0.0005	0.0001	0.0002	0.0002	0.0005
5	167265340	M6145	0	0.1094	0.0005	0.0001	0.0005	0.0002	0.0003	0.0002	0.0007	0.0002	0.0005	0.0001	0.0002	0.0002	0.0001
14	66093404	M5833	0	0.328	0.4741	0.0002	0.1135	0.0004	0.3476	0.0004	0.4834	0.0002	0.3346	0.3127	0.0003	0.0002	0.0001
2	51066452	M6153	0	0.0006	0.0001	0.0003	0.0005	0.0004	0.0002	0.0005	0.0004	0.0003	0.0001	0.0002	0.2191	0.0003	0.0003
8	733630	M5982	0	0.1062	0.0002	0.0001	0.0004	0.0004	0.0001	0.0001	0.0005	0.0008	0.0001	0.0001	0.0004	0.0001	0.0005
16	57719792	M6170	0	0.0004	0.0002	0.0006	0.0004	0	0.0001	0.0007	0.0004	0.0002	0.0004	0.0003	0.0003	0.0003	0.503
3	154523600	M6049	0	0.0099	0.0006	0.0003	0	0.0004	0.0002	0.0002	0.0001	0.0001	0.0002	0.0003	0.0002	0.0004	0.0003
9	23875737	M5929	0	0.0087	0.0003	0.0006	0.0007	0.0002	0.0005	0.0002	0.0003	0.0006	0.0001	0.0003	0.0003	0.0003	0
12	17635674	M6061	0	0.0002	0.0002	0.0005	0.0002	0.0001	0.0006	0.0005	0	0.0004	0.3421	0.0003	0.0003	0.0004	0.0002
11	34599729	M5988	0	0.0005	0.0005	0.0002	0.0005	0.0005	0.057	0.0003	0.0002	0.0005	0.0009	0.0002	0.0002	0.0001	0.0002
9	88906558	M5852	0	0.0002	0.0004	0.0002	0.2995	0.0004	0.0002	0.0005	0.0002	0.0006	0.0004	0.0003	0.2788	0.0001	0.0003
8	36342963	M6023	0	0.0003	0.0004	0.0003	0.0007	0.0003	0.0005	0.2392	0.0007	0.0002	0.0002	0.0006	0.0006	0.0003	0.0001
23	556795	M6287	0	0.0005	0.0004	0.0006	0.0004	0	0.0002	0.0004	0.0003	0.0007	0.0001	0.1889	0.0002	0.0002	0.0004
20	3944885	M6183	0	0.0002	0.0005	0.0002	0.0003	0.2159	0.0003	0.0006	0.0002	0.0001	0.0001	0.0001	0.0003	0.0002	0.0005
6	10304511	M5943	0	0.0003	0.0005	0.0005	0.0003	0.0003	0.0005	0.0002	0.0001	0.0002	0.0003	0.0003	0.0456	0.0004	0.0005
2	212930898	M6230	0	0.0003	0.0005	0.0003	0.0002	0.0002	0.0001	0.0006	0.0001	0.2371	0.0006	0.0008	0.0009	0.0002	0.0005
23	37176999	M6110	0	0.0004	0.0004	0.0003	0.0001	0.0001	0.0004	0.0001	0.0004	0.0003	0.0002	0.1343	0.0005	0.0003	0.0002
23	19260536	M6209	0	0.0003	0.0004	0.0004	0.0004	0.0004	0.0004	0.2279	0.0003	0.0002	0.0005	0.0004	0.0003	0.0004	0.0002
1	126344347	M6041	0	0.0008	0.0005	0.0001	0.0003	0.0005	0.0002	0.0003	0.0002	0.0003	0.1131	0.0002	0.0006	0.0003	0.0003
6	147457586	M5983	0	0.0005	0.0001	0.0001	0.0002	0.0002	0.0005	0.0006	0.0005	0.0003	0.0002	0.0003	0.0003	0.0004	0.4903
21	35875891	M5878	0	0	0.0003	0.3569	0.0004	0.0002	0.0002	0.0003	0.0003	0.0006	0.0004	0.0004	0.0003	0.0001	0.0003
20	41899758	M5981	0	0.0004	0.0003	0.0001	0.0004	0.0005	0.1293	0.0003	0.0006	0.0006	0.0001	0.0003	0.0006	0.0002	0.0004
20	26044038	M5855	0	0.0003	0.0004	0.0001	0.3	0.0002	0.0001	0.0002	0	0.0004	0.0001	0.0003	0.2716	0.0007	0.0001
1	20988789	M5870	0	0.1483	0.0002	0.0004	0.0003	0.0003	0.0003	0.0004	0.0003	0.0002	0.0004	0.0003	0.0002	0.0002	0.0003
14	91797834	M6246	0	0.0003	0.4755	0.0005	0.0003	0.0003	0.0004	0.0004	0.0004	0.0005	0.0004	0.0004	0.0004	0.0003	0.0004
22	53445730	M6232	0	0.0005	0.0002	0.0005	0.0003	0.0002	0.0004	0.0002	0.0004	0.0002	0.0001	0.0004	0.0613	0.0002	0.0008
4	90524853	M5965	0	0.0002	0.0002	0.0002	0.1064	0.0006	0.0009	0.0006	0.0005	0.0002	0.0002	0.1876	0.0002	0.0005	0.0002
8	19159679	M5866	0	0.0004	0.0002	0.0003	0.0002	0.0002	0.1286	0.0003	0.0001	0.0001	0.0001	0.0005	0.0002	0.0001	0.0003
12	32362861	M6035	0	0.0003	0.0003	0.0003	0.0004	0.2167	0.0005	0.0002	0.0004	0.0002	0.0001	0.0004	0.0006	0.001	0.0003
16	33257712	M6020	0	0.0004	0.0003	0.0007	0.0007	0.0001	0.0006	0.0004	0.0002	0.0004	0.0005	0.1615	0.0005	0.0005	0.0005
1	121567963	M5953	0	0.0002	0.0006	0.0005	0.0001	0.0004	0.0003	0.2246	0.0004	0.1389	0.0059	0.0003	0.0006	0.0003	0.0002
1	247450947	M6156	0	0.0004	0.0004	0.0004	0.0001	0.0002	0.0004	0.0003	0.0001	0.2343	0.0004	0.0006	0.0003	0.0004	0.0002
4	48559434	M5829	0	0.3249	0.4787	0.355	0.4055	0.3326	0.4884	0.1957	0.4825	0.4339	0.45	0.3067	0.4342	0.0007	0.5061
15	73910283	M6003	0	0.111	0.0002	0.0002	0.0002	0.0002	0.0003	0.0003	0.0005	0.0001	0.0002	0.0003	0.0003	0.0003	0
23	14362820	M5935	0	0.0005	0.0003	0.0002	0.0007	0.0004	0.0002	0.0002	0.0003	0.0005	0.0005	0.0003	0.0002	0	0.4879
5	61999630	M5921	0	0.0003	0.0004	0.358	0.0004	0.0004	0.0003	0.0002	0.0007	0.0003	0.0003	0.0005	0.0001	0.0004	0.0001
7	148378321	M5910	0	0.0004	0.0002	0.1308	0	0.0001	0.0004	0.2	0.0002	0.0007	0.0003	0.0002	0.0417	0.0002	0.0005
15	15977563	M5912	0	0.1725	0.0005	0.0005	0.0003	0.0003	0	0.0001	0.0003	0.0008	0.0001	0.0004	0.0005	0.0002	0.0006
16	49139359	M5946	0	0.0002	0.3138	0.0005	0.0003	0.0004	0.0001	0.0003	0.0005	0.0005	0.0006	0.0004	0.0004	0.0004	0.0002
23	16495085	M5996	0	0.0001	0.0002	0.0004	0.0002	0.0006	0.0001	0.2312	0.0004	0.0002	0.0005	0.0003	0.0004	0.0004	0.0003
16	423847	M5922	0	0.0006	0.0002	0.1382	0.0003	0.0005	0.0001	0.1988	0.0007	0	0.0003	0.0004	0.0005	0.0005	0.0005
2	105896468	M5874	0	0.0006	0	0.0001	0.3052	0.0004	0.0007	0.0006	0.0001	0.0002	0.0003	0.0004	0.0001	0.0005	0.0001
22	45138564	M5890	0	0.0004	0.0004	0.0004	0.0007	0.0006	0.0003	0.0004	0.0004	0.0002	0.0003	0.0851	0.0003	0.0002	0.0002
19	72209461	M6282	0	0	0	0.0003	0.0003	0.0002	0.1262	0.0005	0.0004	0.0004	0.0004	0.0003	0.0001	0.0003	0.0004
7	51725599	M5940	0	0.0005	0.0004	0.0004	0.0002	0.0003	0.0002	0.0004	0.0006	0.0002	0.0003	0.0858	0.0005	0.0002	0.0002
14	52007416	M6264	0	0.0003	0.0003	0.0047	0.0002	0.0002	0.0004	0.0005	0.0001	0.0004	0.0002	0.0006	0.0004	0.0002	0.0002
18	43291323	M5968	0	0.0001	0.0001	0.0008	0.0002	0.0005	0.0002	0.0004	0.488	0.0001	0.0002	0.0005	0.0004	0.0002	0.0003
12	46985870	M5967	0	0.0006	0.0003	0.0003	0.0001	0.0003	0.0001	0.0004	0.0001	0.0001	0.1097	0.0005	0.0004	0.0004	0.0003
1	127272530	M6030	0	0.0004	0.0002	0.0001	0.0002	0.1261	0.0004	0.0003	0.0002	0.0003	0.0001	0.0001	0.0004	0.0004	0.0005
7	25502140	M6099	0	0.0006	0.0007	0.0003	0.0001	0.2084	0.0003	0.0005	0.0005	0.0003	0.0001	0.0003	0.0003	0.0004	0.0006
8	121886899	M5841	0	0.0005	0.0002	0.0003	0.0007	0.0005	0.1273	0.0001	0.0006	0.0003	0.0003	0.0001	0.0004	0.0003	0.0003
16	12349567	M6162	0	0.0004	0.0002	0.0004	0.0002	0	0.0003	0	0.0004	0.0004	0.0004	0.0581	0.0003	0.0001	0.0006
14	87232615	M5907	0	0.0001	0.0003	0.351	0.0006	0.0005	0.0004	0.0007	0.0006	0.0007	0.0002	0.0001	0.0006	0.0002	0.0002
18	50841160	M5856	0	0.1191	0.0002	0.137	0.0006	0.1287	0.0001	0.1965	0.0004	0.0004	0.0005	0.0003	0.0433	0.489	0.0005
9	61707950	M6260	0	0.0001	0.0003	0.0004	0.0002	0.0002	0.0002	0.0003	0.0003	0.0006	0.0002	0.1339	0.0007	0	0.0003
18	49813627	M6136	0	0.0001	0.0007	0.0003	0.0003	0.0003	0.0004	0	0.0002	0.1393	0.0005	0.0003	0.0004	0.0003	0.0003
19	34536565	M5845	0	0.0005	0.0004	0.0005	0.0006	0.0004	0.0002	0.0002	0.0001	0.0005	0.1126	0.0002	0.0001	0.0005	0.4982
4	72509051	M5849	0	0.0007	0.0003	0.3592	0.0001	0.3383	0.0006	0.1983	0.0004	0.4417	0.0063	0.0001	0.1625	0.0001	0.0003
12	127406217	M5868	0	0.0003	0.0004	0.3637	0.0003	0.2227	0.0002	0.2354	0.0001	0.4347	0.0061	0.0004	0.1625	0.0001	0.0004
17	77078653	M5964	0	0.0003	0.0001	0	0.0004	0.0004	0.0004	0.0003	0.0002	0.0002	0.0004	0.0002	0.0004	0.0001	0.5048
17	51599817	M6266	0	0.1449	0.0001	0.0003	0.0006	0.0002	0.0005	0.0002	0.0005	0.0007	0.0003	0.0006	0.0006	0.0002	0.0004
16	5020133	M6054	0	0.1234	0.0005	0.0004	0.0002	0.0003	0.0001	0.0004	0.0001	0.0003	0.0004	0.0005	0.0002	0.0005	0.0001
3	191775850	M6107	0	0.0001	0.0002	0.0004	0.0003	0.0005	0.0002	0.0007	0.0003	0.2343	0.0002	0.0002	0.0005	0.0005	0.0006
4	115818314	M5959	0	0.0927	0.0006	0	0.0003	0.1261	0.0002	0.0001	0.0002	0.0006	0.0005	0.0003	0.0003	0.0005	0.0003
10	16722886	M5835	0	0.0005	0.0002	0.0005	0.2987	0.0002	0.1257	0.0004	0.0002	0.0007	0.1109	0.0001	0.2773	0	0.4948
7	111398693	M5971	0	0.0002	0.0001	0.0006	0.0001	0.0005	0.0005	0.0004	0.0004	0.0006	0.0001	0.0002	0.1551	0	0.0003
16	84376428	M6013	0	0.1673	0.0001	0.0002	0.0001	0.0003	0.0004	0.0002	0.0004	0.0006	0.0004	0.0004	0.0002	0.0002	0.0002
10	9361297	M5919	0	0.0003	0.0001	0.0004	0.0002	0.2213	0.0002	0.0002	0.0002	0.0004	0.0006	0.0003	0.0003	0.0001	0.0003
4	11768809	M5871	0	0.1701	0.0006	0.0003	0.0004	0.0003	0.0008	0	0.0005	0.0004	0.0003	0.0006	0.0003	0.0002	0.0003
14	70420937	M5840	0	0.0006	0.0001	0.0004	0.0005	0.0001	0.0001	0.0003	0.4786	0.0003	0.0004	0.0003	0.0003	0.0004	0.0003
22	39911319	M6175	0	0.0005	0.0004	0.0002	0.0005	0.0004	0.0003	0.0003	0.0002	0.0004	0.3412	0.0004	0.0006	0.0001	0.0002
14	40618956	M6067	0	0.0007	0.0003	0.0005	0.0002	0.0004	0.0003	0.0004	0.0004	0.0003	0.0049	0.0006	0.0002	0.0005	0.0002
13	14530140	M5837	0	0.0004	0.0004	0.3421	0.0006	0.3364	0.0002	0.2263	0.0003	0.4351	0.0059	0.0004	0.1596	0.0006	0.0003
11	62637903	M5853	0	0.0002	0.0002	0.0006	0.0001	0.0004	0.0002	0.0001	0.4763	0.0004	0.0008	0.0003	0.0004	0.0001	0.0003
23	32052027	M5936	0	0.0004	0.0002	0.001	0.1167	0.0002	0.0004	0.0004	0.0003	0.0004	0.0002	0.1838	0.0003	0.0004	0.0003
14	35317839	M5854	0	0.0001	0.0003	0.0002	0.0001	0.0005	0.1289	0.0003	0.0003	0.0004	0.0005	0.0009	0.0003	0.0006	0.0004
6	59099910	M6051	0	0.0002	0.0001	0.0001	0.0004	0.0004	0.3021	0.0002	0.0003	0.0004	0.0004	0.0002	0.0003	0.0004	0.0005
20	28719460	M6104	0	0.0004	0.0003	0.0004	0.0005	0.0001	0.0001	0.0003	0.0006	0.0003	0.0064	0	0.0003	0.0003	0.0004
17	26442689	M6069	0	0.0003	0.0002	0.0005	0.0007	0.0005	0.0002	0.1999	0.0005	0.0004	0.0003	0.0002	0.0003	0	0.0003
10	87364285	M5979	0	0.0001	0.4617	0.0004	0.0002	0.0006	0.0003	0.0004	0.0001	0.0003	0.0002	0.0001	0.0003	0.0007	0.0002
4	92173719	M5882	0	0.0006	0.0003	0.0004	0.0004	0.1268	0.0002	0.0007	0.0004	0.0003	0.0001	0.0005	0.0002	0.0008	0.0002
20	3425369	M5864	0	0.0002	0.4788	0.0004	0.0004	0.0003	0.0584	0.0002	0.0002	0.0003	0.3417	0.1283	0.0002	0.0004	0.0006
15	25359419	M6185	0	0.0003	0.0007	0.0004	0.0006	0.0004	0.0002	0.0003	0.0003	0.0002	0.0005	0.0007	0.1566	0.0002	0.0003
2	168963148	M5997	0	0.0003	0	0.0001	0.107	0.0002	0	0.0006	0.0004	0.0003	0.0005	0.0003	0.0005	0.0004	0.0004
