#chrom	pos	desc	normal	sample1	sample2	sample3	sample4	sample5	sample6	sample7	sample8	sample9
3	61758930	M375	0	0	0.121	0.001	0.435	0.13	0.22	0.356	0.052	0
14	76070317	M332	0	0	0.122	0.001	0.425	0.131	0.292	0.342	0.054	0
15	83626899	M656	0	0	0.02	0.215	0	0	0.001	0	0	0.119
12	103664673	M236	0	0.062	0.108	0.172	0.435	0.105	0.485	0.303	0.044	0
8	152935861	M610	0	0.001	0.001	0	0.001	0.268	0	0.073	0	0
9	82072604	M782	0	0.055	0.002	0.195	0	0	0.181	0	0	0
17	64274634	M368	0	0.048	0	0.215	0.002	0.001	0.208	0.001	0.001	0.004
23	14601595	M1269	0	0.001	0.001	0	0.408	0	0	0	0	0
8	108278524	M586	0	0	0	0.001	0	0	0.288	0	0.007	0.003
10	45953080	M107	0	0.05	0.238	0.221	0.607	0.472	0.459	0.548	0.101	0
10	85820947	M319	0	0.001	0.011	0.227	0	0	0	0	0.001	0.117
20	39574945	M1077	0	0	0.261	0.001	0	0	0	0.001	0.001	0.001
6	125591617	M1235	0	0	0	0	0	0.002	0	0.187	0.002	0.001
19	47096932	M1152	0	0.056	0	0	0	0	0	0	0	0
22	15771804	M1194	0	0	0	0.212	0.001	0	0.196	0	0	0
14	6830215	M131	0	0.049	0.139	0.145	0.409	0.093	0.494	0.328	0.043	0
3	18600102	M820	0	0.38	0.27	0	0	0.001	0.001	0	0.389	0.075
14	43819962	M1081	0	0.002	0.001	0	0	0.09	0	0.201	0	0
21	28951798	M1245	0	0	0.017	0.001	0.001	0	0.001	0	0	0
10	31136566	M20	0	0.057	0.228	0.201	0.602	0.499	0.452	0.552	0.08	0.002
5	118446533	M310	0	0.001	0.013	0.239	0	0.001	0	0	0	0.098
1	5619699	M707	0	0.001	0.001	0	0	0.306	0	0.077	0	0
13	4785253	M767	0	0	0.015	0.203	0.001	0	0.001	0	0	0.111
18	61196397	M1048	0	0	0.021	0	0	0.001	0	0	0	0
19	29093108	M651	0	0	0	0	0	0	0.024	0	0.004	0
4	159702137	M1368	0	0	0.001	0	0	0	0	0.132	0	0
8	154283069	M994	0	0	0.274	0	0	0.001	0	0.001	0	0
20	50908438	M559	0	0.001	0.001	0	0.001	0.293	0	0.087	0	0.001
3	51443637	M32	0	0.001	0.011	0.256	0.001	0.001	0	0	0	0.098
6	37005587	M1346	0	0	0	0	0.001	0.001	0	0.144	0	0
22	49385030	M1071	0	0	0	0	0	0	0	0	0	0.156
5	27699136	M1007	0	0	0	0.224	0	0.001	0.198	0.001	0	0
9	103803474	M1319	0	0.001	0	0	0	0	0.187	0	0	0.001
4	115651303	M24	0	0.046	0.122	0.219	0.421	0.318	0.487	0.37	0.053	0
7	57519105	M1216	0	0	0.291	0	0	0	0	0.001	0.001	0
18	43323871	M1182	0	0.001	0	0	0	0	0.003	0.087	0.002	0.002
1	230286103	M331	0	0.062	0	0.205	0.001	0.001	0.195	0	0	0
23	11754120	M136	0	0	0	0	0	0.284	0	0.082	0	0.001
18	78318737	M365	0	0	0.12	0	0.426	0.124	0.312	0.305	0.04	0
7	40479163	M1224	0	0	0	0.218	0	0	0	0.001	0.001	0
10	75095210	M351	0	0.001	0.003	0.001	0	0.288	0	0.083	0	0
15	4923301	M1343	0	0	0.011	0	0.001	0	0	0	0	0
22	10503712	M1422	0	0	0	0	0.001	0.001	0	0	0.025	0
5	158522285	M895	0	0.059	0.001	0.222	0	0	0.2	0.001	0.001	0
14	52995534	M1218	0	0.001	0	0	0	0	0	0	0.001	0.103
8	34449498	M1128	0	0.216	0.001	0	0.001	0	0	0	0.002	0.002
20	2241032	M279	0	0	0.13	0	0.451	0.118	0.279	0.344	0.044	0
4	119420582	M359	0	0	0.133	0	0.415	0.105	0.309	0.302	0.041	0
4	71835235	M729	0	0	0.119	0	0.417	0	0	0.149	0.041	0
18	16736243	M1103	0	0	0.001	0.201	0	0	0	0	0	0
2	36717986	M1270	0	0	0	0	0	0	0.024	0	0.014	0
12	38227162	M467	0	0	0.016	0.238	0.003	0.002	0	0.002	0	0.121
13	14551717	M940	0	0	0.301	0	0	0.001	0	0	0.002	0.001
17	74840513	M1418	0	0.001	0.001	0.001	0	0	0	0.139	0	0
13	17199772	M196	0	0	0.014	0.266	0	0	0	0	0	0.118
5	11224546	M832	0	0	0.019	0	0.001	0.001	0	0	0	0.061
21	3012607	M964	0	0	0.024	0	0.001	0	0.002	0	0	0.062
19	28948286	M634	0	0.001	0	0	0.001	0.001	0.284	0	0.009	0
14	74250414	M1080	0	0.002	0.001	0.245	0.002	0	0	0	0	0
11	134861425	M662	0	0	0	0	0.001	0	0.024	0	0.008	0
7	150406763	M922	0	0.367	0.292	0	0.001	0	0	0.001	0.389	0.109
6	84541506	M1053	0	0.001	0	0	0	0.109	0.001	0.137	0	0
9	82394156	M260	0	0.038	0.122	0.21	0.417	0.09	0.493	0.308	0.048	0.002
4	157586451	M695	0	0.063	0.001	0.189	0	0	0.201	0	0	0
4	20953752	M69	0	0.065	0.122	0.196	0.422	0.42	0.494	0.409	0.045	0
1	212082268	M741	0	0	0.115	0	0.416	0	0.002	0.13	0.042	0
7	133677676	M631	0	0	0.125	0	0.435	0.118	0	0.344	0.028	0
7	49700030	M509	0	0.053	0	0.201	0	0	0.172	0	0.001	0
20	29278414	M821	0	0.053	0.001	0.214	0	0	0.201	0	0	0
12	120226098	M273	0	0.001	0.143	0	0.423	0.097	0.307	0.267	0.048	0
13	39117146	M193	0	0	0	0	0	0.299	0	0.086	0.001	0.001
1	202331801	M1291	0	0.209	0	0	0	0	0	0	0	0.001
16	73809089	M337	0	0	0.008	0.196	0	0.001	0.001	0.001	0	0.113
12	82696049	M1381	0	0	0	0	0	0	0	0.001	0	0.122
17	69705082	M941	0	0	0	0	0	0.251	0	0	0	0
3	56367208	M1227	0	0	0	0.001	0	0.001	0	0	0	0.099
13	80511578	M697	0	0	0.021	0.245	0.001	0	0.001	0	0	0.111
21	56303208	M874	0	0	0.018	0	0.001	0	0	0	0	0.064
7	151616888	M771	0	0.001	0.001	0	0.001	0.293	0	0.077	0	0
6	110623813	M1295	0	0	0	0	0	0	0	0.08	0	0
9	127635588	M1258	0	0.001	0.013	0	0	0.001	0	0	0.001	0
8	97028966	M944	0	0	0	0	0.001	0.001	0.263	0	0	0
17	11801343	M955	0	0.047	0.001	0	0	0	0	0.001	0	0
4	4157927	M1296	0	0	0	0	0	0.001	0.189	0.001	0	0
20	40532260	M628	0	0	0.001	0.001	0.001	0.3	0	0.075	0.001	0
6	123687669	M995	0	0.002	0	0	0	0.291	0	0.001	0	0
17	83332656	M17	0	0.051	0.136	0.192	0.418	0.4	0.497	0.404	0.053	0
18	53550621	M579	0	0	0	0	0	0.271	0	0.07	0	0.001
20	39282935	M1364	0	0	0	0	0	0	0	0	0	0.108
11	80325811	M252	0	0	0	0.001	0	0.289	0.002	0.084	0.001	0
20	44645937	M998	0	0.001	0.023	0.001	0	0.001	0	0	0.001	0.056
7	97609549	M759	0	0	0.02	0	0.002	0	0	0	0	0.051
1	77953755	M810	0	0	0.002	0	0	0	0.271	0.001	0	0
11	128964272	M397	0	0	0.106	0.001	0.415	0.132	0.261	0.334	0.05	0
16	14880727	M1385	0	0	0.128	0	0	0.001	0.001	0.001	0.033	0
15	27765362	M560	0	0	0.015	0.235	0	0	0.001	0	0.001	0.103
11	97247830	M596	0	0.001	0.129	0	0.415	0.114	0.001	0.325	0.028	0
6	43337634	M1366	0	0.003	0.001	0	0	0	0	0.001	0.011	0.001
22	28048694	M1302	0	0	0.109	0.001	0	0	0.001	0.114	0.03	0.001
14	97942745	M884	0	0.001	0.013	0.001	0	0	0	0	0.001	0.103
10	2978451	M1330	0	0	0.001	0	0.316	0.001	0	0	0	0
1	128390845	M1141	0	0.001	0.002	0.002	0	0	0	0.195	0	0
15	68011545	M1121	0	0.001	0	0	0.001	0.116	0	0.183	0.001	0
22	3136956	M1248	0	0.001	0	0	0	0.136	0	0	0	0
5	32864531	M755	0	0	0.001	0	0.004	0.3	0	0.086	0	0
10	53312046	M1242	0	0	0	0	0.287	0	0.001	0.001	0	0.002
4	187761168	M352	0	0.046	0	0.198	0.004	0	0.216	0	0	0
15	98641750	M1120	0	0.003	0.001	0	0	0.003	0.001	0	0.001	0.132
14	9814650	M633	0	0	0.013	0.145	0	0.001	0	0.001	0.001	0.11
3	18638386	M686	0	0.365	0.263	0	0	0	0.001	0	0.362	0.093
3	58017374	M542	0	0	0.124	0.001	0.426	0.12	0.002	0.334	0.032	0
14	49221137	M1283	0	0.001	0	0	0	0	0	0.185	0.001	0
18	9854962	M166	0	0	0.016	0.219	0.001	0.001	0	0	0	0.109
11	10481696	M891	0	0	0	0.21	0	0.002	0	0.001	0.001	0.001
20	1093341	M161	0	0	0	0	0	0.275	0	0.086	0	0
22	43622126	M1056	0	0.053	0.002	0.001	0.001	0	0.001	0	0	0
19	54167607	M1379	0	0.067	0.001	0	0	0	0	0.001	0	0
21	6629606	M1035	0	0.001	0	0.229	0	0.001	0	0.001	0	0.001
9	23527013	M1384	0	0	0.001	0	0	0.001	0	0.081	0.001	0
15	34019316	M19	0	0	0.018	0.211	0	0	0	0	0.001	0.126
7	151088366	M671	0	0.001	0	0	0.001	0	0.277	0	0.001	0
13	3965440	M919	0	0	0.107	0	0.398	0.001	0	0.147	0.032	0
6	13975815	M668	0	0	0	0	0	0	0.253	0	0.001	0
19	67139197	M1369	0	0	0	0	0	0	0.201	0	0	0.001
12	25089822	M327	0	0	0.001	0.001	0	0.286	0.001	0.095	0.001	0
14	50190452	M776	0	0.372	0.274	0	0	0	0	0	0.363	0.099
12	119550494	M1175	0	0.157	0.001	0	0.001	0.002	0	0	0.414	0.09
15	74407008	M198	0	0	0	0	0	0.29	0	0.076	0	0
23	18419266	M572	0	0	0.009	0.227	0	0	0	0	0.001	0.105
19	5790867	M709	0	0.001	0	0	0	0	0.27	0	0	0
19	9281912	M1130	0	0.001	0	0	0	0	0.001	0.085	0	0
12	26440537	M11	0	0.038	0.132	0.215	0.419	0.405	0.508	0.411	0.045	0.001
