#chrom	pos	desc	normal	sample1	sample2	sample3	sample4	sample5	sample6	sample7	sample8	sample9
6	86020382	M14807	0	0	0	0.001	0.175	0	0	0	0.001	0.001
12	134490290	M15166	0	0	0	0	0	0	0.384	0	0	0.152
21	33185984	M14836	0	0.327	0	0	0.239	0.471	0.116	0	0	0.177
22	30224506	M15215	0	0.074	0.131	0.486	0	0	0.001	0.001	0.001	0.001
22	17160273	M16011	0	0.061	0.127	0.471	0.001	0	0	0	0	0
22	12989230	M15528	0	0.34	0	0	0.217	0.482	0.113	0	0	0
10	60047083	M15535	0	0	0.175	0	0	0.001	0.001	0.137	0.397	0.001
15	81593065	M15068	0	0.002	0	0	0	0	0.001	0.316	0	0
13	105709376	M14463	0	0.56	0.5	0.499	0.446	0.464	0.524	0.493	0.422	0.473
1	194121708	M15478	0	0	0.001	0.001	0	0	0	0.326	0	0
1	214625386	M17014	0	0.05	0	0	0	0	0	0.001	0	0.001
2	186212893	M16944	0	0	0.001	0	0.001	0	0	0	0.439	0
22	18311224	M16169	0	0	0	0.001	0	0	0	0	0	0.121
20	27944073	M14758	0	0	0	0	0	0.001	0.001	0.225	0.001	0.001
19	77115106	M16268	0	0	0	0	0	0	0	0	0	0.234
13	130624158	M14616	0	0.047	0.122	0.498	0	0	0	0.281	0	0.137
6	45768669	M14757	0	0.002	0.178	0	0	0	0	0	0	0.001
1	42892956	M14721	0	0	0	0	0.001	0	0	0.317	0	0
17	31255618	M16901	0	0.001	0	0.001	0.205	0.001	0	0	0	0
17	82716028	M17361	0	0	0.001	0.002	0.001	0	0	0.001	0	0.122
9	139982347	M15638	0	0	0.197	0.001	0.002	0	0	0	0.001	0
16	2934328	M16681	0	0	0	0	0	0	0.149	0	0	0
8	149256461	M14750	0	0.042	0	0	0	0.001	0	0.001	0	0.001
7	58698831	M15267	0	0.315	0	0	0.204	0.443	0.112	0.001	0.002	0.188
16	66358515	M16355	0	0.001	0	0	0.207	0	0	0	0.001	0.001
2	54587278	M14960	0	0.001	0.202	0	0	0	0	0	0	0.001
2	191195253	M15047	0	0	0	0.002	0	0	0.359	0.003	0	0.142
22	31646680	M15554	0	0	0	0	0	0	0	0	0	0.113
14	23775776	M15395	0	0	0	0	0.178	0.001	0.001	0	0	0
9	122989738	M14633	0	0.06	0.136	0.508	0	0	0	0.328	0.001	0.122
4	24938570	M14868	0	0.045	0	0.001	0	0	0	0	0	0
2	149687174	M14883	0	0.001	0	0	0.182	0	0	0	0	0
20	37755246	M14634	0	0.001	0	0	0.184	0.001	0	0.001	0	0.001
5	141824718	M16267	0	0	0	0.001	0	0.001	0.171	0.001	0	0.001
8	80003472	M14622	0	0	0.137	0	0	0	0	0.133	0.419	0
10	91186432	M16842	0	0	0.163	0	0.002	0	0.001	0.125	0	0
12	59106359	M16172	0	0	0.149	0	0	0	0	0.137	0.001	0
17	56834788	M15195	0	0.049	0	0	0	0	0	0	0	0.001
16	70323249	M15205	0	0	0	0	0.001	0	0.339	0	0	0.155
7	26504770	M15736	0	0.312	0	0	0.207	0.001	0.121	0	0	0.001
20	47228638	M14815	0	0	0	0	0.001	0	0.347	0.001	0	0.193
5	150634825	M14467	0	0.432	0.485	0.499	0.409	0.46	0.462	0.483	0.415	0.487
10	70297337	M17118	0	0.034	0	0.001	0	0	0	0	0.001	0
7	110103251	M16675	0	0	0	0	0.233	0	0	0	0.001	0
16	47637997	M16517	0	0.043	0	0.002	0	0	0	0	0	0
15	42891540	M14613	0	0	0	0	0	0.001	0.342	0.001	0	0.169
14	78276793	M17114	0	0	0	0	0	0.001	0	0	0	0.034
22	30279507	M17261	0	0	0.184	0	0.002	0	0.002	0	0	0
3	51989996	M16190	0	0.001	0	0	0	0	0	0.002	0	0.202
5	16974213	M15380	0	0.001	0.154	0.002	0	0.001	0	0.132	0.408	0
19	64440283	M15088	0	0	0.153	0	0	0	0	0.164	0.428	0
13	89321012	M16501	0	0.001	0	0.001	0.195	0	0	0	0.001	0
5	135464040	M15253	0	0	0	0	0.191	0	0.001	0	0	0.001
10	51682150	M15334	0	0.001	0.001	0	0	0	0.001	0	0	0.092
3	96210099	M14642	0	0.055	0.12	0.491	0	0	0	0.307	0	0.129
5	157671530	M15043	0	0	0	0.001	0	0	0.001	0.318	0	0.002
14	107424975	M14739	0	0.298	0.192	0	0.204	0.472	0.087	0	0.001	0.201
10	52352277	M16440	0	0	0.201	0	0.001	0	0	0.001	0	0
16	96689368	M14694	0	0.001	0	0	0	0	0.353	0	0	0.161
18	68766868	M16860	0	0.003	0	0.002	0	0	0	0	0	0.105
17	77677344	M15663	0	0.06	0.124	0.506	0	0	0	0	0	0
1	4600982	M15269	0	0.001	0	0	0.001	0	0	0.301	0	0.001
10	71306566	M14671	0	0.046	0	0.001	0	0	0.001	0	0	0
18	76689766	M14578	0	0.224	0.172	0	0.16	0.486	0.074	0.001	0	0.145
11	36646650	M14594	0	0.274	0.18	0	0.232	0.487	0.097	0	0	0.219
2	219373737	M15599	0	0.063	0.109	0.498	0.001	0	0	0	0	0
7	83677083	M14843	0	0.057	0.001	0	0.001	0	0	0	0	0
7	14049644	M14847	0	0.001	0	0.001	0	0.001	0.001	0	0	0.134
21	33800522	M16305	0	0	0.205	0	0	0	0.002	0.001	0	0.001
2	17896776	M14906	0	0.311	0	0	0.192	0.464	0.108	0	0.002	0.218
9	120655477	M16816	0	0	0.001	0.001	0	0.469	0.001	0	0	0
9	104794917	M16609	0	0	0.001	0	0	0	0	0.001	0.403	0.001
20	47426751	M16403	0	0	0	0	0.001	0	0.159	0	0	0
8	77586417	M16727	0	0	0	0.001	0.002	0	0.001	0.001	0	0.137
6	19625705	M16205	0	0.338	0	0	0.001	0.003	0.122	0	0	0.001
8	61915318	M14565	0	0	0.177	0	0	0	0	0.128	0.433	0.001
10	112960611	M14666	0	0	0	0	0	0	0.351	0	0	0.165
17	61039894	M16999	0	0	0	0	0.198	0	0	0	0	0
16	95713071	M14620	0	0	0	0.001	0.196	0.001	0	0.001	0	0.001
22	47626279	M15860	0	0	0	0	0	0	0.001	0.321	0	0
10	65416932	M14930	0	0	0	0	0.001	0	0.001	0.324	0	0.001
23	8478342	M16542	0	0.001	0	0	0	0	0	0	0	0.161
15	98872151	M15182	0	0	0.163	0	0	0	0	0.15	0.439	0.001
11	127974102	M15616	0	0	0	0.001	0.001	0	0.441	0	0	0.132
3	148090946	M14935	0	0	0.164	0.001	0.002	0	0.001	0.146	0.429	0
3	77470258	M17207	0	0.052	0	0.001	0	0.001	0	0	0.002	0
10	110750432	M16245	0	0.045	0	0	0.001	0	0	0	0.001	0.001
13	39644657	M15786	0	0	0.238	0	0	0	0	0	0	0
16	82017113	M14669	0	0	0.154	0.001	0	0.001	0.001	0.144	0.416	0
22	37518981	M14688	0	0.041	0.135	0.475	0	0	0	0	0	0.12
7	142797546	M15603	0	0.056	0	0	0	0	0.001	0	0.002	0
14	55168055	M14607	0	0.093	0	0	0	0	0.277	0	0	0.127
18	28312126	M14572	0	0	0	0	0.214	0	0	0.001	0.002	0.001
17	17134200	M14488	0	0.308	0.345	0	0.214	0.491	0.106	0.149	0.422	0.232
12	42401792	M15825	0	0.002	0.201	0.001	0.002	0	0	0.001	0	0.001
12	37557195	M16293	0	0	0	0	0	0	0	0	0	0.109
11	4539587	M16357	0	0	0.11	0.312	0.001	0	0.001	0	0	0
11	34656713	M16735	0	0.052	0	0	0	0	0	0	0	0
12	60255016	M16101	0	0	0	0	0.002	0	0	0.001	0.422	0.002
10	70051401	M16226	0	0	0.001	0.001	0.157	0	0	0.001	0	0
10	113474565	M14907	0	0	0	0	0.001	0	0.35	0	0	0.157
9	5926616	M15995	0	0.322	0	0	0.197	0.001	0.094	0	0.002	0
17	86244372	M17426	0	0	0	0	0	0	0.001	0.329	0	0
23	33678198	M14740	0	0	0	0	0	0	0	0.292	0.002	0
9	6722586	M15680	0	0	0	0	0	0.001	0	0.328	0.001	0
6	12341062	M17420	0	0.001	0	0	0	0	0	0.15	0	0
11	63982671	M14489	0	0.109	0.123	0.318	0.189	0	0.355	0.321	0	0.295
2	11703414	M17306	0	0	0.139	0.49	0.001	0	0.001	0.001	0	0
1	28083144	M15349	0	0	0.001	0.001	0	0	0.336	0.002	0.001	0.174
11	86089076	M14737	0	0.048	0.123	0.49	0.001	0.001	0	0	0	0
18	76930132	M16368	0	0	0.001	0	0.001	0.001	0	0.001	0	0.151
20	25533515	M17335	0	0.001	0	0	0	0	0	0.001	0	0.043
3	42741432	M17356	0	0	0	0	0	0	0	0	0	0.161
18	35981548	M15035	0	0.306	0	0.003	0.216	0.454	0.094	0	0	0.208
21	29358954	M16712	0	0.001	0.139	0	0.001	0	0	0.158	0	0.001
21	20336962	M16157	0	0	0.001	0	0.001	0.001	0.359	0.001	0	0
4	174032462	M15303	0	0.047	0	0	0.001	0.001	0	0	0	0.001
22	32560879	M16718	0	0	0.13	0.497	0.001	0	0	0	0	0
10	64718337	M15481	0	0.001	0.21	0	0	0.001	0.001	0	0	0.001
20	3772601	M16160	0	0	0	0	0	0.49	0	0.004	0	0
16	9016142	M15515	0	0	0	0	0.002	0.001	0.332	0	0	0.134
22	5694300	M16053	0	0	0	0.001	0	0	0.37	0	0	0
9	35154842	M14716	0	0	0.158	0	0	0	0.001	0.148	0.409	0.001
15	22354679	M15884	0	0	0.001	0	0.001	0.001	0	0	0	0.167
22	22430734	M15721	0	0	0.001	0.001	0	0	0.363	0	0	0.185
14	4919119	M15979	0	0	0.001	0	0	0	0.001	0.257	0	0
16	31104053	M17243	0	0	0.001	0	0	0.001	0	0.266	0	0
13	99754312	M16592	0	0	0	0.001	0	0.001	0	0.001	0	0.141
11	36899366	M14545	0	0	0.147	0	0	0	0	0.16	0.425	0.001
8	109028765	M15858	0	0	0.13	0	0.001	0	0.002	0.135	0.001	0
9	33655650	M15748	0	0	0.001	0.002	0.001	0	0	0.308	0	0
12	128252809	M14645	0	0	0.176	0	0	0.001	0	0.138	0.415	0
8	101071552	M16660	0	0.052	0	0	0.001	0	0	0	0.001	0.001
22	41409904	M14725	0	0	0.001	0.001	0	0	0	0.001	0.001	0.118
6	81704123	M16030	0	0	0	0.001	0.148	0	0	0	0	0
2	121097753	M16189	0	0.001	0	0	0	0	0.348	0	0.001	0
16	93294408	M14504	0	0.121	0.119	0.485	0.181	0	0.353	0.33	0.002	0.291
4	172598802	M14641	0	0.044	0.001	0.002	0	0.001	0	0	0	0
5	84653142	M14839	0	0.001	0.001	0	0	0.001	0.343	0	0.001	0.18
6	46639600	M15321	0	0	0	0	0.001	0	0.348	0	0	0.181
16	27870865	M14477	0	0.079	0.095	0.459	0.167	0	0.305	0.285	0	0.235
23	26320434	M16476	0	0	0.195	0	0.001	0	0	0	0	0
16	65036773	M16012	0	0	0.002	0	0.001	0	0.367	0	0.001	0
18	31702611	M17107	0	0	0	0	0	0.001	0	0.163	0.001	0.001
3	78763586	M16077	0	0	0.001	0.001	0	0.474	0	0	0.001	0.002
5	52448863	M17085	0	0	0.001	0	0	0.001	0	0.317	0	0
23	11947224	M15052	0	0.001	0.2	0	0	0	0	0	0	0
14	51940664	M14469	0	0.484	0.543	0.662	0.518	0.486	0.583	0.593	0.434	0.617
19	76283596	M14834	0	0.001	0.189	0	0	0	0	0.001	0	0
4	10551620	M14661	0	0	0.003	0	0	0	0.001	0.318	0	0
5	66688957	M15005	0	0.32	0.001	0.002	0.212	0.472	0.117	0.001	0	0.192
2	22607880	M17431	0	0	0	0.483	0	0	0	0	0	0
21	13973496	M14557	0	0.001	0	0	0.189	0.002	0.001	0	0.001	0
13	47739721	M14908	0	0	0.001	0.001	0.001	0	0.001	0	0.001	0.112
18	34846328	M14561	0	0.083	0.129	0.509	0	0.001	0.371	0.32	0	0.294
3	192284381	M15571	0	0	0.151	0	0.001	0	0	0.149	0.426	0
5	62645362	M14704	0	0.327	0.202	0	0.201	0.468	0.127	0.001	0.001	0.216
18	52605638	M16049	0	0.226	0	0	0.154	0.001	0.065	0	0	0
4	154004343	M15180	0	0	0.198	0	0.001	0.001	0.001	0.001	0	0
6	139884280	M15774	0	0.001	0	0	0	0.001	0.361	0	0	0.187
