#chrom	pos	desc	normal	sample1	sample2	sample3	sample4	sample5	sample6	sample7	sample8	sample9	sample10	sample11	sample12	sample13	sample14
17	75227838	M3133	0	0.241	0	0.013	0	0.001	0	0.22	0.186	0	0.321	0.001	0.001	0.29	0
23	44783108	M3209	0	0.001	0	0.174	0.001	0	0.002	0	0.001	0	0.001	0.176	0	0.001	0.001
7	36376464	M3110	0	0.256	0.001	0.014	0	0	0.129	0.177	0.351	0	0.314	0.002	0	0.304	0.125
8	93667460	M3179	0	0.001	0.214	0.315	0.032	0.505	0	0	0	0.001	0	0.176	0	0.001	0.001
11	69388735	M3232	0	0	0	0.169	0.001	0.001	0.001	0.003	0	0	0	0	0	0	0
11	75818374	M3211	0	0	0	0	0.002	0	0	0	0.138	0.001	0.001	0	0	0.001	0
13	66900230	M3123	0	0	0	0	0	0	0.001	0.218	0	0	0	0	0	0	0
18	77535113	M3224	0	0	0	0	0	0.001	0	0	0.157	0.001	0	0	0	0	0.001
9	7771373	M3130	0	0	0.356	0.351	0.144	0.494	0	0	0	0.195	0.001	0.199	0	0	0
15	49504993	M3214	0	0	0.129	0.084	0.001	0	0	0	0	0	0.001	0	0	0.001	0
1	226934381	M3124	0	0	0	0.001	0.001	0	0	0	0.155	0.001	0.001	0	0.001	0	0
8	52463656	M3086	0	0.488	0.137	0.106	0.269	0	0.248	0.201	0.508	0.019	0.474	0.218	0.498	0.519	0.382
9	6193338	M3168	0	0.237	0	0	0	0	0	0.002	0	0	0	0	0	0.301	0.002
1	194434278	M3129	0	0	0.003	0	0.001	0	0.002	0	0	0	0.001	0.183	0	0	0
13	123657060	M3212	0	0.008	0	0	0	0	0	0	0.001	0	0	0	0	0.001	0
16	96789670	M3139	0	0.001	0.221	0.322	0.037	0.493	0	0	0.001	0	0	0.2	0	0.001	0
22	20138918	M3122	0	0.23	0	0.014	0.002	0	0.143	0.205	0.346	0	0.352	0	0	0.291	0.12
15	46136314	M3220	0	0	0	0	0.039	0	0	0	0	0	0	0	0	0	0
8	44306097	M3090	0	0.236	0.001	0.021	0.121	0	0.145	0.215	0.319	0.027	0.308	0	0	0.319	0.11
17	84964108	M3180	0	0	0	0	0	0.001	0	0	0	0	0	0	0.278	0.19	0
5	23720914	M3181	0	0	0	0	0	0.001	0.003	0	0.001	0	0	0.001	0	0.001	0.207
13	27096851	M3097	0	0.243	0	0.017	0	0	0.138	0.213	0.319	0	0.342	0.002	0	0.309	0.103
17	51450751	M3245	0	0.017	0	0	0	0	0	0	0.001	0.001	0	0	0	0	0
19	21438707	M3099	0	0	0.001	0.001	0.125	0	0	0	0.001	0	0	0	0	0	0.001
8	91696990	M3140	0	0.001	0	0.002	0	0	0	0	0.203	0.001	0	0	0	0	0
15	2638299	M3144	0	0	0	0.001	0.002	0	0	0	0	0	0	0	0	0	0
9	15806181	M3194	0	0	0.002	0.001	0	0	0	0	0	0.181	0	0.001	0	0	0
21	18063344	M3120	0	0.001	0	0.001	0.147	0	0.001	0	0	0	0	0	0	0	0
14	69110726	M3128	0	0	0.001	0.001	0	0.001	0	0.001	0	0	0	0	0	0	0.22
23	47253367	M3238	0	0	0.001	0	0	0	0.118	0	0	0	0.001	0.001	0.002	0	0.102
12	6679575	M3092	0	0.003	0.361	0.316	0.138	0.517	0.229	0	0	0.407	0	0.204	0	0.001	0
22	26014391	M3159	0	0.001	0	0	0	0	0	0.209	0.001	0	0.361	0	0.001	0	0
18	80567750	M3222	0	0	0	0	0	0	0	0.001	0	0	0	0.054	0.001	0	0.001
23	48250777	M3219	0	0.001	0.001	0.001	0	0.002	0	0.001	0.001	0.178	0	0	0.001	0.001	0
12	56713210	M3225	0	0	0.001	0.001	0	0	0	0	0.001	0	0	0	0.002	0	0
9	26785163	M3101	0	0	0.118	0.077	0	0	0	0	0	0	0	0.001	0	0	0
6	45999996	M3114	0	0.001	0.001	0	0	0.001	0	0.224	0	0	0	0	0.002	0	0
15	30694941	M3188	0	0	0.197	0.31	0	0.462	0	0	0.002	0	0	0.201	0	0	0
22	13683701	M3187	0	0	0	0	0	0	0	0.197	0.001	0.001	0	0	0	0	0
8	66184933	M3205	0	0	0	0	0.038	0	0	0.001	0	0	0	0	0	0	0
1	145698943	M3100	0	0	0.001	0.001	0	0	0	0	0.001	0	0	0.155	0	0	0
23	10604174	M3155	0	0	0.141	0.096	0	0	0.002	0	0	0.001	0	0	0.001	0.001	0.001
22	44303886	M3112	0	0.001	0	0	0	0	0.228	0	0	0	0.001	0.001	0	0	0
18	11289132	M3150	0	0.001	0.001	0.001	0.001	0	0	0	0.194	0.001	0	0	0	0	0
12	60537310	M3163	0	0	0	0.001	0	0	0	0	0	0.003	0.11	0	0.003	0.001	0.001
13	69494381	M3089	0	0.017	0.121	0.09	0.131	0	0	0	0	0	0.088	0.085	0	0.001	0.199
4	94134557	M3126	0	0.013	0.001	0.001	0	0.001	0.001	0.001	0.001	0.001	0	0.001	0.002	0	0
14	26895453	M3087	0	0	0	0	0	0.001	0	0	0.002	0	0.001	0.185	0.217	0	0
9	31388663	M3210	0	0.134	0	0.001	0	0.001	0	0	0	0	0	0	0	0	0
3	7560676	M3198	0	0.001	0	0	0.001	0	0	0	0	0	0	0.001	0	0	0.198
10	68062066	M3200	0	0	0.001	0.175	0	0	0.001	0	0.001	0.001	0	0.178	0.001	0.001	0.002
2	127102260	M3137	0	0.001	0	0.001	0	0.002	0.118	0	0.142	0.001	0	0	0	0	0.114
9	85607000	M3148	0	0	0.145	0.002	0.131	0	0.001	0	0.001	0.186	0	0	0	0	0.001
5	89527711	M3189	0	0	0.001	0	0	0	0	0	0	0	0.001	0	0.221	0	0
3	121637325	M3119	0	0	0	0	0	0	0.001	0	0.001	0	0.001	0	0.002	0.001	0.001
8	83706820	M3190	0	0	0	0	0.119	0.001	0	0	0.002	0	0	0	0.002	0.001	0.001
22	33085867	M3235	0	0	0	0	0	0	0.001	0	0.001	0.026	0	0	0	0	0
15	53764460	M3078	0	0.482	0.507	0.463	0.422	0.446	0.469	0.199	0.479	0.455	0.453	0.416	0.483	0.516	0.398
10	7907660	M3147	0	0.001	0	0	0	0	0.002	0	0	0	0.001	0	0	0	0.218
18	24119504	M3088	0	0.001	0.368	0.347	0.152	0.472	0.229	0	0	0.441	0	0.195	0	0	0
14	44277380	M3104	0	0	0.361	0.342	0.162	0.485	0.209	0.002	0	0.17	0	0.178	0.001	0.001	0
