#chrom	pos	desc	normal	sample1	sample2	sample3	sample4	sample5	sample6	sample7	sample8	sample9
17	75227838	M3133	0	0	0	0	0.0813	0	0	0	0	0.3812
23	44783108	M3209	0	0	0	0	0	0.4501	0	0	0	0
7	36376464	M3110	0	0	0	0.1522	0.2552	0	0	0	0	0.3812
18	13046545	M3242	0	0	0	0	0	0	0.1448	0	0	0
8	93667460	M3179	0	0	0	0	0	0.4501	0	0	0	0
22	15498873	M3241	0	0	0	0	0	0	0.2018	0	0	0
13	66900230	M3123	0	0	0	0.1473	0	0	0	0	0	0
18	77535113	M3224	0	0	0	0	0.1572	0	0	0	0	0
9	7771373	M3130	0	0	0	0	0	0.4501	0	0	0	0
15	49504993	M3214	0	0	0	0	0	0	0.1014	0	0	0
8	52463656	M3086	0	0.4926	0.4599	0.2871	0.4723	0	0.4479	0.4383	0.4693	0.3812
9	6193338	M3168	0	0	0	0	0	0	0	0	0	0.1863
12	63140357	M3149	0	0	0	0.1522	0	0	0	0	0	0
16	96789670	M3139	0	0	0	0	0	0.4501	0	0	0	0
22	20138918	M3122	0	0	0	0.1522	0.2552	0	0	0	0	0.3812
8	44306097	M3090	0	0	0	0.1522	0.2666	0	0	0	0	0.3812
13	27096851	M3097	0	0	0	0.1522	0.2552	0	0	0	0	0.3812
19	21438707	M3099	0	0.4926	0.3433	0	0	0	0	0	0	0
8	91696990	M3140	0	0	0	0	0.0813	0	0	0	0	0.1242
3	84692053	M3197	0	0	0	0	0.2057	0	0	0	0	0
12	6679575	M3092	0	0	0	0	0	0.4501	0	0	0	0
4	161656726	M3239	0	0.4926	0	0	0	0	0	0	0	0
22	26014391	M3159	0	0	0	0	0	0	0	0	0	0.0707
8	75380625	M3172	0	0	0	0	0	0	0	0	0	0.0292
11	64582949	M3143	0	0.4926	0	0	0	0	0	0	0	0
13	28617900	M3206	0	0	0	0	0.0981	0	0	0	0	0
9	26785163	M3101	0	0	0	0	0.2057	0	0.1014	0	0	0
6	45999996	M3114	0	0	0	0.1473	0	0	0	0	0	0
15	30694941	M3188	0	0	0	0	0	0.4501	0	0	0	0
22	37751746	M3118	0	0.4926	0	0	0	0	0	0	0	0
22	13683701	M3187	0	0	0	0	0	0	0	0	0	0.0707
19	64851122	M3109	0	0	0	0	0	0	0	0	0	0.0292
14	89621894	M3231	0	0	0	0	0.2057	0	0	0	0	0
1	145698943	M3100	0	0	0.1166	0	0	0	0	0	0	0
11	124599714	M3182	0	0	0	0	0.0981	0	0	0	0	0
23	10604174	M3155	0	0	0	0	0	0	0.1014	0	0	0
18	11289132	M3150	0	0	0	0	0.0981	0	0	0	0	0.1242
12	60537310	M3163	0	0	0	0	0	0	0.2018	0	0	0
13	69494381	M3089	0	0.4926	0.3433	0	0.2057	0	0.3032	0	0.4693	0
4	94134557	M3126	0	0	0	0	0	0	0	0	0.4693	0
14	26895453	M3087	0	0	0.1166	0	0	0	0.1448	0.4383	0	0
10	68062066	M3200	0	0	0	0	0	0.4501	0	0	0	0
2	127102260	M3137	0	0	0	0.1522	0.1572	0	0	0	0	0
3	76776986	M3166	0	0	0	0	0.2057	0	0	0	0	0
5	89527711	M3189	0	0	0	0	0	0	0.1448	0.4383	0	0
3	121637325	M3119	0	0	0	0	0.2057	0	0	0	0	0
22	33085867	M3235	0	0	0	0	0.0114	0	0	0	0	0
15	53764460	M3078	0	0.4926	0.4599	0.2871	0.4723	0.4501	0.4479	0.4383	0.4693	0.3812
18	24119504	M3088	0	0	0	0	0	0.4501	0	0	0	0
14	44277380	M3104	0	0	0	0	0	0.4501	0	0	0	0
