#chrom	pos	desc	normal	sample1	sample2	sample3	sample4	sample5	sample6	sample7	sample8	sample9
17	75227838	M3133	0	0	0	0	0.095	0	0	0	0	0.39
23	44783108	M3209	0	0	0.001	0	0	0.46	0.001	0.001	0	0
7	36376464	M3110	0	0.001	0	0.158	0.236	0	0.001	0.001	0	0.368
18	13046545	M3242	0	0	0	0	0	0.001	0.143	0.001	0	0
8	93667460	M3179	0	0	0	0	0	0.448	0.001	0.001	0	0
22	15498873	M3241	0	0	0	0	0	0.001	0.208	0	0.001	0
13	66900230	M3123	0	0	0	0.141	0	0.001	0.001	0	0	0.001
18	77535113	M3224	0	0	0	0	0.163	0.002	0	0.001	0	0
9	7771373	M3130	0	0	0.001	0	0	0.462	0	0	0.001	0.001
15	49504993	M3214	0	0.001	0.001	0.004	0	0	0.108	0	0	0
8	52463656	M3086	0	0.502	0.449	0.247	0.488	0	0.447	0.429	0.47	0.36
9	6193338	M3168	0	0	0	0	0	0	0	0.001	0	0.181
12	63140357	M3149	0	0.001	0.001	0.153	0	0.001	0	0.001	0.002	0.001
16	96789670	M3139	0	0	0.002	0	0.001	0.434	0	0.001	0	0
22	20138918	M3122	0	0.001	0.001	0.144	0.243	0	0	0	0	0.372
8	44306097	M3090	0	0.001	0.001	0.139	0.266	0.002	0	0	0	0.356
13	27096851	M3097	0	0.001	0.001	0.15	0.239	0	0	0.002	0	0.353
19	21438707	M3099	0	0.494	0.367	0.001	0	0.001	0	0.001	0	0
8	91696990	M3140	0	0.002	0	0	0.09	0.001	0	0.001	0	0.127
3	84692053	M3197	0	0	0.001	0	0.211	0	0.001	0	0	0
12	6679575	M3092	0	0.001	0	0.001	0	0.428	0	0	0	0
4	161656726	M3239	0	0.483	0.001	0.001	0	0	0	0	0	0.001
22	26014391	M3159	0	0	0	0	0	0	0.001	0.001	0	0.087
8	75380625	M3172	0	0	0	0.001	0.001	0	0	0.001	0	0.031
11	64582949	M3143	0	0.49	0.001	0	0	0	0.001	0.001	0	0
13	28617900	M3206	0	0	0.001	0	0.086	0	0	0	0	0.001
9	26785163	M3101	0	0	0	0	0.212	0.002	0.112	0	0	0.001
6	45999996	M3114	0	0	0	0.126	0.002	0	0	0	0.001	0
15	30694941	M3188	0	0	0.001	0.001	0	0.421	0.001	0	0	0
22	37751746	M3118	0	0.506	0	0	0	0	0	0.001	0	0
22	13683701	M3187	0	0	0	0	0.001	0.002	0.001	0	0	0.073
19	64851122	M3109	0	0	0	0	0	0.001	0	0	0.001	0.031
14	89621894	M3231	0	0.002	0	0.001	0.197	0	0	0	0	0
1	145698943	M3100	0	0	0.117	0	0.001	0	0.001	0	0.001	0.001
11	124599714	M3182	0	0.001	0	0	0.096	0	0	0	0	0.001
23	10604174	M3155	0	0	0	0	0.001	0	0.099	0.001	0	0
18	11289132	M3150	0	0	0	0	0.121	0	0	0.002	0	0.127
12	60537310	M3163	0	0	0	0	0	0	0.212	0	0	0.001
13	69494381	M3089	0	0.513	0.326	0	0.2	0	0.319	0	0.465	0
4	94134557	M3126	0	0.001	0	0	0	0	0.001	0.001	0.467	0
14	26895453	M3087	0	0	0.111	0	0	0	0.166	0.413	0	0
10	68062066	M3200	0	0	0	0	0.002	0.475	0	0	0	0
2	127102260	M3137	0	0.001	0	0.142	0.144	0	0	0	0.001	0
3	76776986	M3166	0	0.001	0.001	0.001	0.22	0	0.001	0	0	0
5	89527711	M3189	0	0	0	0	0	0	0.139	0.415	0	0.002
3	121637325	M3119	0	0	0.001	0	0.211	0	0	0	0	0
22	33085867	M3235	0	0.001	0	0.001	0.02	0	0	0.002	0.001	0
15	53764460	M3078	0	0.491	0.462	0.317	0.463	0.464	0.451	0.451	0.463	0.364
18	24119504	M3088	0	0	0	0.001	0	0.439	0.001	0.001	0	0
14	44277380	M3104	0	0	0	0	0	0.443	0	0	0.001	0
