#chrom	pos	desc	normal	sample1	sample2	sample3	sample4	sample5	sample6	sample7	sample8	sample9	sample10	sample11	sample12	sample13	sample14
17	75227838	M3133	0	0.2388	0.0003	0.0157	0.0002	0.0006	0.0008	0.2139	0.1894	0.0003	0.3342	0.0003	0.0004	0.3072	0.0003
23	44783108	M3209	0	0.0003	0.0003	0.1798	0.0007	0.0001	0.0001	0	0.0001	0.0003	0.0002	0.1906	0.0002	0.0003	0.0003
7	36376464	M3110	0	0.2514	0.0004	0.0175	0.0004	0.0001	0.1389	0.2116	0.3251	0.0002	0.3277	0.0002	0.0003	0.3075	0.1117
8	93667460	M3179	0	0.0001	0.1853	0.3081	0.0396	0.4827	0.0002	0.0005	0.0004	0.0004	0.0003	0.1786	0.0005	0.0004	0.0006
11	69388735	M3232	0	0.0004	0	0.1796	0.0005	0.0002	0.0003	0	0.0002	0.0005	0.0004	0.0005	0.0002	0.0007	0.0004
11	75818374	M3211	0	0.0006	0.0005	0.0003	0.0002	0.0001	0	0.0005	0.153	0.0006	0.0004	0.0001	0	0.0002	0.0003
13	66900230	M3123	0	0.0002	0.0003	0.0006	0.0003	0.0003	0.0003	0.2117	0.0002	0.0003	0.0001	0.0004	0.0004	0.0002	0.0005
18	77535113	M3224	0	0.0004	0.0005	0.0002	0.0004	0.0006	0.0004	0.0002	0.1402	0.0001	0	0.0006	0.0003	0.0003	0.0002
9	7771373	M3130	0	0.0001	0.3713	0.3364	0.1501	0.489	0.0001	0.0006	0	0.1849	0.0002	0.1915	0.0004	0.0002	0.0001
15	49504993	M3214	0	0.0003	0.127	0.0822	0.0005	0.0002	0.0003	0.0008	0.0005	0.0003	0.0002	0	0.0005	0.0003	0.0004
1	226934381	M3124	0	0.0008	0.0004	0.0005	0	0.0006	0.0004	0.0002	0.1506	0.0004	0.0005	0.0001	0.0005	0.0002	0.0003
8	52463656	M3086	0	0.4812	0.1341	0.0971	0.2638	0.0007	0.2787	0.2076	0.4739	0.0279	0.4307	0.2448	0.5048	0.499	0.4068
9	6193338	M3168	0	0.2501	0.0003	0.0004	0.0002	0.0001	0.0004	0.0006	0.0006	0.0004	0.0001	0.0004	0.0004	0.3068	0.0001
1	194434278	M3129	0	0.0001	0.0005	0.0006	0.0004	0.0001	0.0006	0.0003	0.0006	0.0003	0.0002	0.1726	0.0003	0.0005	0.0006
13	123657060	M3212	0	0.0147	0.0005	0.0001	0.0005	0.0004	0.0001	0.0008	0.0002	0.0002	0.0003	0.0001	0.0003	0.0003	0.0001
16	96789670	M3139	0	0	0.2108	0.343	0.0401	0.4816	0.0006	0.0005	0.0005	0.0001	0.0001	0.2	0.0003	0.0004	0
22	20138918	M3122	0	0.2477	0.0001	0.0157	0.0002	0.0004	0.1331	0.2142	0.3336	0.0007	0.3356	0.0002	0.0002	0.3088	0.1109
15	46136314	M3220	0	0.0002	0.0006	0.0007	0.0362	0.0002	0.0005	0.0003	0.0003	0.0001	0.0003	0.0004	0.0004	0.0003	0.0002
8	44306097	M3090	0	0.2473	0.0002	0.0145	0.1162	0.0005	0.1298	0.2029	0.3297	0.0311	0.3306	0.0004	0.0003	0.3071	0.1142
17	84964108	M3180	0	0.0004	0.0004	0.0001	0	0.0007	0.0004	0.0004	0.0003	0.0003	0.0001	0.0003	0.2896	0.1933	0.0002
5	23720914	M3181	0	0.0002	0.0005	0.0003	0.0004	0.0005	0.0001	0.0004	0.0002	0.0004	0	0.0004	0.0002	0.0004	0.2227
13	27096851	M3097	0	0.2415	0.0001	0.015	0.0003	0.0003	0.1349	0.2055	0.3322	0.0004	0.333	0.0005	0.0004	0.3035	0.1168
17	51450751	M3245	0	0.016	0.0003	0.0004	0.0003	0.0004	0.0006	0.0003	0.0002	0.0001	0.0001	0.0002	0.0006	0.0002	0.0005
19	21438707	M3099	0	0.0003	0.0005	0.0004	0.1398	0.0005	0.0002	0.0005	0.0003	0.0001	0.0005	0.0002	0.0003	0.0001	0.0002
8	91696990	M3140	0	0	0.0003	0.0001	0.0003	0.0004	0.0001	0.0003	0.185	0.0004	0.0002	0.0002	0.0003	0.0004	0.0004
15	2638299	M3144	0	0.0004	0.0002	0.0007	0.0001	0.0002	0.0002	0.0002	0.0001	0.0004	0.0003	0.0005	0.0004	0.0006	0.0007
9	15806181	M3194	0	0.0008	0.0002	0.0002	0	0.0006	0.0003	0.0004	0.0002	0.1797	0.0004	0.0003	0.0002	0.0005	0.0004
21	18063344	M3120	0	0.0005	0.0001	0.0004	0.1459	0.0005	0.0007	0.0002	0.0005	0.0001	0.0001	0.0004	0.0005	0.0001	0.0003
14	69110726	M3128	0	0.0008	0.0004	0.0006	0.0003	0.0001	0.0002	0.0003	0.0003	0.0006	0.0002	0.0003	0	0.0002	0.2227
23	47253367	M3238	0	0	0.0004	0.0002	0.0003	0.0007	0.1328	0.0006	0.0005	0.0001	0.0005	0.0001	0.0002	0.0008	0.1192
12	6679575	M3092	0	0.0003	0.3736	0.3382	0.1362	0.4855	0.2086	0.0002	0.0004	0.4055	0.0004	0.1968	0.0002	0.0002	0.0005
22	26014391	M3159	0	0.0002	0.0003	0.0004	0.0002	0.0003	0.0004	0.2057	0.0001	0	0.3302	0.0003	0	0.0002	0.0003
18	80567750	M3222	0	0.0002	0.0007	0.0005	0.0001	0.0001	0.0006	0.0005	0.0003	0.0005	0.0003	0.0784	0.0002	0.0005	0.0002
23	48250777	M3219	0	0.0003	0.0005	0.0006	0.0005	0.0003	0.0004	0.0002	0.0006	0.1891	0.0004	0.0003	0.0005	0.0003	0.0002
12	56713210	M3225	0	0.0003	0.0002	0.0001	0.0003	0.0004	0.0001	0.0006	0.0005	0.0003	0.0008	0.0002	0.0005	0.0005	0.0001
9	26785163	M3101	0	0.0001	0.128	0.0858	0.0003	0.0006	0.0003	0.0002	0.0003	0.0004	0.0002	0.0002	0.0003	0.0001	0.0004
6	45999996	M3114	0	0.0002	0.0002	0.0003	0.0005	0.0001	0.0003	0.2186	0.0003	0.0003	0.0003	0.0003	0.0005	0.0003	0.0003
15	30694941	M3188	0	0.0007	0.2116	0.3451	0.0003	0.4883	0.0006	0.0001	0.0003	0.0002	0.0001	0.1991	0.0001	0.0006	0.0003
22	13683701	M3187	0	0.0002	0	0.0003	0	0.0006	0.0005	0.2027	0.0003	0.0002	0.0002	0.0001	0.0001	0.0002	0.0002
8	66184933	M3205	0	0.0004	0.0004	0.0003	0.0394	0.0001	0.0004	0.0002	0.0002	0.0003	0.0006	0.0003	0.0006	0.0005	0.0004
1	145698943	M3100	0	0.0002	0.0002	0.0004	0.0006	0.0004	0.0004	0.0004	0.0003	0.0005	0.0004	0.1598	0.0001	0.0001	0.0003
23	10604174	M3155	0	0.0003	0.1299	0.08	0.0005	0.0004	0.0007	0.0003	0.0002	0.0004	0.0002	0.0005	0.0004	0.0003	0.0004
22	44303886	M3112	0	0.0006	0.0004	0.0001	0.0003	0.0007	0.2049	0.0001	0.0005	0.0007	0.0007	0.0004	0.0003	0.0004	0.0003
18	11289132	M3150	0	0.0002	0.0005	0.0003	0.0001	0.0001	0.0001	0.0003	0.1848	0.0001	0.0002	0.0006	0.0003	0.0004	0.0002
12	60537310	M3163	0	0.0007	0.0006	0.0002	0.0002	0.0005	0.0002	0.0002	0.0003	0.0004	0.0988	0.0004	0.0004	0.0006	0.0004
13	69494381	M3089	0	0.0132	0.1318	0.0843	0.1499	0.0005	0.0009	0.0001	0.0005	0.0001	0.1067	0.0792	0.0002	0.0006	0.1944
4	94134557	M3126	0	0.014	0.0006	0.0003	0.0003	0.0006	0.0002	0.0002	0.0009	0.0005	0.0005	0.0004	0.0009	0.0003	0.0002
14	26895453	M3087	0	0.0001	0.0004	0.0004	0.0002	0	0.0005	0.0002	0.0004	0.0003	0.0003	0.167	0.2141	0.0003	0.0005
9	31388663	M3210	0	0.1485	0.0004	0.0004	0.0004	0.0005	0.0006	0.0005	0.0005	0.0002	0.0005	0.0004	0.0004	0.0001	0.0003
3	7560676	M3198	0	0.0001	0.0002	0.0002	0.0004	0.0004	0.0001	0.0004	0.0002	0.0003	0	0.0004	0.0005	0.0003	0.2271
10	68062066	M3200	0	0.0004	0.0002	0.1737	0.0002	0.0003	0.0003	0.0006	0.0003	0.0003	0.0003	0.1983	0.0004	0.0003	0.0003
2	127102260	M3137	0	0.0003	0.0003	0.0006	0.0003	0.0004	0.1342	0.0004	0.1366	0.0002	0.0003	0.0004	0.0007	0.0004	0.1162
9	85607000	M3148	0	0.0001	0.1528	0.0004	0.1179	0.0002	0.0004	0.0004	0.0003	0.173	0.0004	0.0002	0.0004	0.0007	0.0003
5	89527711	M3189	0	0.0004	0.0005	0.0002	0.0001	0.0003	0.0002	0.0002	0.0004	0.0005	0.0003	0.0003	0.2136	0	0.0001
3	121637325	M3119	0	0.0004	0.0004	0.0004	0.0002	0.0003	0.0003	0.0003	0.0004	0.0003	0.0003	0.0002	0.0003	0.0004	0.0004
8	83706820	M3190	0	0.0007	0.0006	0.0003	0.1196	0.0002	0.0004	0.0004	0.0003	0.0003	0.0005	0.0005	0.0003	0.0007	0.0005
22	33085867	M3235	0	0.0004	0.0004	0.0007	0.0002	0.0003	0.0004	0.0004	0.0003	0.0286	0.0004	0.0003	0.0007	0.0001	0.0003
15	53764460	M3078	0	0.4884	0.4949	0.441	0.4119	0.4857	0.4812	0.2086	0.4838	0.4322	0.441	0.4311	0.4937	0.5009	0.4001
10	7907660	M3147	0	0.0004	0.0005	0.0004	0.0002	0.0005	0	0.0002	0.0005	0.0002	0.0002	0.0002	0	0.0001	0.2201
18	24119504	M3088	0	0.0001	0.3761	0.3383	0.1585	0.4819	0.2027	0.0005	0	0.3939	0.0004	0.1903	0.0005	0.0001	0.0005
14	44277380	M3104	0	0.0003	0.3685	0.3413	0.1506	0.4809	0.2033	0.0002	0.0002	0.1861	0.0006	0.1885	0.0004	0.0004	0.0002
