#chrom	pos	desc	normal	sample1	sample2	sample3	sample4	sample5	sample6	sample7	sample8	sample9	sample10	sample11	sample12	sample13	sample14
17	75227838	M3133	0	0.2467	0	0.0157	0	0	0	0.2074	0.1898	0	0.3328	0	0	0.3087	0
23	44783108	M3209	0	0	0	0.1729	0	0	0	0	0	0	0	0.1932	0	0	0
7	36376464	M3110	0	0.2467	0	0.0157	0	0	0.1333	0.2074	0.3302	0	0.3328	0	0	0.3087	0.1143
8	93667460	M3179	0	0	0.188	0.311	0.037	0.4852	0	0	0	0	0	0.1794	0	0	0
11	69388735	M3232	0	0	0	0.1729	0	0	0	0	0	0	0	0	0	0	0
11	75818374	M3211	0	0	0	0	0	0	0	0	0.1478	0	0	0	0	0	0
13	66900230	M3123	0	0	0	0	0	0	0	0.2128	0	0	0	0	0	0	0
18	77535113	M3224	0	0	0	0	0	0	0	0	0.1404	0	0	0	0	0	0
9	7771373	M3130	0	0	0.371	0.3372	0.155	0.4852	0	0	0	0.1825	0	0.1932	0	0	0
15	49504993	M3214	0	0	0.1288	0.0842	0	0	0	0	0	0	0	0	0	0	0
1	226934381	M3124	0	0	0	0	0	0	0	0	0.1478	0	0	0	0	0	0
8	52463656	M3086	0	0.4843	0.1288	0.0998	0.2589	0	0.2709	0.2074	0.478	0.0288	0.4358	0.2442	0.4996	0.499	0.4053
9	6193338	M3168	0	0.2467	0	0	0	0	0	0	0	0	0	0	0	0.3087	0
1	194434278	M3129	0	0	0	0	0	0	0	0	0	0	0	0.1669	0	0	0
13	123657060	M3212	0	0.0138	0	0	0	0	0	0	0	0	0	0	0	0	0
16	96789670	M3139	0	0	0.2122	0.3372	0.037	0.4852	0	0	0	0	0	0.1932	0	0	0
22	20138918	M3122	0	0.2467	0	0.0157	0	0	0.1333	0.2074	0.3302	0	0.3328	0	0	0.3087	0.1143
15	46136314	M3220	0	0	0	0	0.037	0	0	0	0	0	0	0	0	0	0
8	44306097	M3090	0	0.2467	0	0.0157	0.1157	0	0.1333	0.2074	0.3302	0.0288	0.3328	0	0	0.3087	0.1143
17	84964108	M3180	0	0	0	0	0	0	0	0	0	0	0	0	0.2899	0.1903	0
5	23720914	M3181	0	0	0	0	0	0	0	0	0	0	0	0	0	0	0.2199
13	27096851	M3097	0	0.2467	0	0.0157	0	0	0.1333	0.2074	0.3302	0	0.3328	0	0	0.3087	0.1143
17	51450751	M3245	0	0.0149	0	0	0	0	0	0	0	0	0	0	0	0	0
19	21438707	M3099	0	0	0	0	0.1432	0	0	0	0	0	0	0	0	0	0
8	91696990	M3140	0	0	0	0	0	0	0	0	0.1898	0	0	0	0	0	0
15	2638299	M3144	0	0	0	0	0	0	0	0	0	0	0	0	0	0	0
9	15806181	M3194	0	0	0	0	0	0	0	0	0	0.1825	0	0	0	0	0
21	18063344	M3120	0	0	0	0	0.1432	0	0	0	0	0	0	0	0	0	0
14	69110726	M3128	0	0	0	0	0	0	0	0	0	0	0	0	0	0	0.2199
23	47253367	M3238	0	0	0	0	0	0	0.1333	0	0	0	0	0	0	0	0.1143
12	6679575	M3092	0	0	0.371	0.3372	0.1356	0.4852	0.2045	0	0	0.4049	0	0.1932	0	0	0
22	26014391	M3159	0	0	0	0	0	0	0	0.2074	0	0	0.3328	0	0	0	0
18	80567750	M3222	0	0	0	0	0	0	0	0	0	0	0	0.0772	0	0	0
23	48250777	M3219	0	0	0	0	0	0	0	0	0	0.1825	0	0	0	0	0
12	56713210	M3225	0	0	0	0	0	0	0	0	0	0	0	0	0	0	0
9	26785163	M3101	0	0	0.1288	0.0842	0	0	0	0	0	0	0	0	0	0	0
6	45999996	M3114	0	0	0	0	0	0	0	0.2128	0	0	0	0	0	0	0
15	30694941	M3188	0	0	0.2122	0.3372	0	0.4852	0	0	0	0	0	0.1932	0	0	0
22	13683701	M3187	0	0	0	0	0	0	0	0.2074	0	0	0	0	0	0	0
8	66184933	M3205	0	0	0	0	0.037	0	0	0	0	0	0	0	0	0	0
1	145698943	M3100	0	0	0	0	0	0	0	0	0	0	0	0.1669	0	0	0
23	10604174	M3155	0	0	0.1288	0.0842	0	0	0	0	0	0	0	0	0	0	0
22	44303886	M3112	0	0	0	0	0	0	0.2045	0	0	0	0	0	0	0	0
18	11289132	M3150	0	0	0	0	0	0	0	0	0.1898	0	0	0	0	0	0
12	60537310	M3163	0	0	0	0	0	0	0	0	0	0	0.1031	0	0	0	0
13	69494381	M3089	0	0.0138	0.1288	0.0842	0.1432	0	0	0	0	0	0.1031	0.0772	0	0	0.2054
4	94134557	M3126	0	0.0149	0	0	0	0	0	0	0	0	0	0	0	0	0
14	26895453	M3087	0	0	0	0	0	0	0	0	0	0	0	0.1669	0.2097	0	0
9	31388663	M3210	0	0.143	0	0	0	0	0	0	0	0	0	0	0	0	0
3	7560676	M3198	0	0	0	0	0	0	0	0	0	0	0	0	0	0	0.2199
10	68062066	M3200	0	0	0	0.1729	0	0	0	0	0	0	0	0.1932	0	0	0
2	127102260	M3137	0	0	0	0	0	0	0.1333	0	0.1404	0	0	0	0	0	0.1143
9	85607000	M3148	0	0	0.1588	0	0.1181	0	0	0	0	0.1825	0	0	0	0	0
5	89527711	M3189	0	0	0	0	0	0	0	0	0	0	0	0	0.2097	0	0
3	121637325	M3119	0	0	0	0	0	0	0	0	0	0	0	0	0	0	0
8	83706820	M3190	0	0	0	0	0.1157	0	0	0	0	0	0	0	0	0	0
22	33085867	M3235	0	0	0	0	0	0	0	0	0	0.0288	0	0	0	0	0
15	53764460	M3078	0	0.4843	0.4997	0.437	0.4139	0.4852	0.4754	0.2074	0.478	0.4337	0.4358	0.4374	0.4996	0.499	0.4053
10	7907660	M3147	0	0	0	0	0	0	0	0	0	0	0	0	0	0	0.2199
18	24119504	M3088	0	0	0.371	0.3372	0.155	0.4852	0.2045	0	0	0.4049	0	0.1932	0	0	0
14	44277380	M3104	0	0	0.371	0.3372	0.155	0.4852	0.2045	0	0	0.1825	0	0.1932	0	0	0
