#chrom	pos	desc	normal	sample1	sample2	sample3	sample4	sample5	sample6	sample7	sample8	sample9
17	75227838	M3133	0	0.0005	0.0004	0.0007	0.0827	0.0002	0.0004	0.0005	0.0004	0.379
23	44783108	M3209	0	0.0003	0.0002	0.0004	0.0007	0.4593	0.0005	0.0002	0.0002	0
7	36376464	M3110	0	0.0003	0.0005	0.1444	0.2625	0.0002	0.0004	0.0003	0.0007	0.3854
18	13046545	M3242	0	0.0005	0.0006	0.0007	0.0007	0.0002	0.1445	0.0003	0.0002	0.0002
8	93667460	M3179	0	0	0.0003	0.0005	0.0005	0.4511	0.0002	0.0004	0.0004	0.0005
22	15498873	M3241	0	0.0003	0	0.0003	0.0004	0.0006	0.1993	0.0001	0.0003	0.0002
13	66900230	M3123	0	0.0005	0.0001	0.1499	0.0008	0.0006	0	0.0003	0.0002	0.0001
18	77535113	M3224	0	0.0003	0.0005	0.0002	0.1587	0.0002	0.0005	0.0004	0.0006	0.0003
9	7771373	M3130	0	0.0004	0.0006	0.0004	0.0008	0.4556	0.0005	0.0003	0.0001	0
15	49504993	M3214	0	0.0003	0.0002	0.0004	0.0003	0	0.0996	0.0006	0.0003	0.0006
8	52463656	M3086	0	0.4951	0.4618	0.2878	0.4763	0.0005	0.4465	0.4267	0.4715	0.3875
9	6193338	M3168	0	0.0002	0.0005	0.0003	0.0003	0.0005	0.0004	0.0003	0.0004	0.189
12	63140357	M3149	0	0.0003	0.0004	0.1485	0.0005	0.0004	0.0001	0.0001	0.0004	0.0004
16	96789670	M3139	0	0.0004	0.0003	0.0002	0.0003	0.4427	0.0001	0.0003	0.0001	0.0004
22	20138918	M3122	0	0.0007	0.0002	0.1536	0.2589	0.0004	0.0003	0.0006	0.0002	0.3892
8	44306097	M3090	0	0.0003	0.0004	0.1551	0.2712	0.0002	0.0006	0.0003	0.0003	0.3733
13	27096851	M3097	0	0.0002	0.0001	0.1493	0.2458	0.0002	0.0001	0.0005	0	0.3825
19	21438707	M3099	0	0.4872	0.3413	0.0002	0.0002	0.0002	0.0006	0.0002	0.0005	0.0004
8	91696990	M3140	0	0	0.0004	0.0004	0.0776	0.0004	0.0004	0.0004	0.0002	0.1218
3	84692053	M3197	0	0.0004	0.0005	0.0001	0.2043	0.0004	0.0004	0.0003	0.0004	0.0004
12	6679575	M3092	0	0.0005	0	0.0003	0.0003	0.4524	0.0008	0.0006	0.0003	0.0004
4	161656726	M3239	0	0.4959	0.0001	0.0003	0.0005	0.0001	0.0005	0.0003	0.0002	0.0002
22	26014391	M3159	0	0.0001	0.0005	0.0005	0.0004	0.0003	0.0002	0.0005	0.0001	0.074
8	75380625	M3172	0	0.0001	0.0001	0.0002	0.0003	0.0008	0	0.0003	0.0001	0.0312
11	64582949	M3143	0	0.4941	0.0004	0.0004	0.0002	0.0003	0.0002	0.0003	0.0003	0.0005
13	28617900	M3206	0	0.0001	0.0004	0.0006	0.101	0.0001	0.0003	0.0006	0.0005	0.0006
9	26785163	M3101	0	0.0003	0.0007	0.0001	0.2096	0.0004	0.1012	0.0001	0.0003	0.0004
6	45999996	M3114	0	0.0004	0.0002	0.1515	0.0001	0.0002	0.0002	0.0002	0.0004	0.0003
15	30694941	M3188	0	0.0001	0.0004	0.0002	0.0003	0.4524	0.0003	0.0004	0.0004	0.0001
22	37751746	M3118	0	0.4886	0.0003	0.0002	0.0003	0.0003	0.0003	0.0001	0.0002	0.0005
22	13683701	M3187	0	0.0005	0.0004	0.0004	0.0005	0.0005	0.0004	0.0002	0.0004	0.0725
19	64851122	M3109	0	0.0004	0.0003	0.0005	0.0003	0.0007	0.0003	0	0	0.0281
14	89621894	M3231	0	0.0007	0.0006	0.0002	0.2046	0.0002	0	0.0005	0.0005	0.0001
1	145698943	M3100	0	0.0002	0.1195	0.0005	0.0004	0.0003	0.0004	0.0004	0.0003	0.0001
11	124599714	M3182	0	0.0003	0.0002	0.0005	0.097	0.0006	0.0003	0.0002	0.0003	0.0004
23	10604174	M3155	0	0.0006	0.0002	0.0003	0.0001	0.0003	0.1047	0.0005	0.0003	0.0003
18	11289132	M3150	0	0.0003	0.0008	0.0002	0.0965	0.0003	0.0003	0.0002	0.0002	0.1276
12	60537310	M3163	0	0.0002	0.0003	0.0003	0.0001	0.0004	0.1973	0.0001	0.0002	0.0003
13	69494381	M3089	0	0.4932	0.3434	0.0001	0.2	0.0005	0.3059	0.0002	0.4737	0.0003
4	94134557	M3126	0	0	0.0003	0.0003	0.0002	0.0007	0.0003	0.0003	0.4682	0.0006
14	26895453	M3087	0	0.0002	0.1175	0.0001	0.0005	0.0004	0.1499	0.4288	0.0005	0.0006
10	68062066	M3200	0	0.0002	0.0006	0.0002	0.0004	0.4492	0.0003	0.0001	0.0002	0.0002
2	127102260	M3137	0	0.0004	0.0005	0.147	0.1519	0.0005	0.0005	0.0005	0.0002	0.0006
3	76776986	M3166	0	0.0001	0.0001	0.0009	0.2103	0.0003	0	0.0001	0.0001	0.0004
5	89527711	M3189	0	0.0001	0.0002	0.0004	0.0005	0.0004	0.1423	0.4379	0.0004	0.0004
3	121637325	M3119	0	0.0005	0.0004	0.0003	0.2117	0.0004	0.0003	0.0005	0.0004	0.0003
22	33085867	M3235	0	0	0.0003	0.0003	0.0117	0.0002	0.0004	0.0004	0.0003	0.0002
15	53764460	M3078	0	0.4952	0.4639	0.2818	0.4773	0.462	0.4507	0.4329	0.4712	0.3866
18	24119504	M3088	0	0.0003	0.0006	0.0003	0.0004	0.4483	0.0005	0.0005	0	0.0004
14	44277380	M3104	0	0.0001	0.0003	0.0002	0	0.4581	0.0004	0.0002	0.0005	0.0002
