#chrom	pos	desc	normal	sample1	sample2	sample3	sample4	sample5	sample6	sample7	sample8	sample9	sample10	sample11	sample12	sample13	sample14
20	2320102	M7828	0	0.0004	0.0005	0.0005	0.0006	0.0005	0.0001	0.0002	0.0004	0.0004	0.1088	0.0002	0.0003	0.0004	0.0003
21	23524586	M7831	0	0.0002	0.0004	0.0004	0.0002	0.0002	0	0.4392	0.0007	0.0003	0.0001	0.0004	0.0005	0.0003	0.0002
15	40414998	M7849	0	0.0003	0.314	0.0002	0.0002	0.0005	0.0005	0.0005	0.1929	0.0003	0.0006	0.0005	0.2388	0.0004	0.0003
2	79303811	M7842	0	0.0007	0.058	0	0.0004	0	0.0004	0.0002	0.0275	0.0932	0.0678	0.0002	0.0005	0.0004	0.0002
19	32589696	M7785	0	0.3283	0.3802	0.0004	0.1979	0.0004	0.0005	0.0004	0.4157	0.0893	0.349	0.0004	0.4995	0.4528	0.0002
5	42927436	M7801	0	0.0715	0.1217	0.0006	0.0353	0.2076	0.0003	0.0004	0.0001	0.318	0.0958	0.0981	0.0005	0.0001	0.1167
18	56751061	M7817	0	0.0002	0.0004	0.0003	0.0002	0.0004	0.0003	0.4536	0.0002	0.0004	0.0003	0	0.0002	0.0003	0.301
3	100578440	M7846	0	0.0722	0.1263	0.0003	0.0001	0.0003	0.0002	0.0004	0.0001	0.0003	0.0004	0.0004	0.0004	0.0005	0
20	31937957	M7825	0	0.0003	0.0006	0.0004	0.0005	0.0003	0.0002	0.444	0.0007	0.0001	0.0002	0.0002	0.0001	0.0003	0.2926
19	16938209	M7845	0	0.0002	0.0006	0.0003	0.0006	0.2065	0.0001	0.0005	0.0004	0.0002	0.0004	0.0003	0.0003	0.0004	0.0002
21	13625824	M7854	0	0.0002	0.0006	0.001	0.0002	0.0002	0.0002	0.0007	0.0004	0.0001	0.0007	0.3689	0.0003	0.0002	0.0002
7	1143044	M7803	0	0.2649	0.3039	0.0006	0.1417	0.0004	0.0006	0.0003	0.1851	0.0005	0.0003	0.0003	0.2393	0.449	0.0002
20	14481718	M7847	0	0.0003	0.0002	0.0002	0.0006	0.0002	0.0274	0.0002	0.0002	0.0003	0.0004	0.0005	0.0013	0.0004	0.0003
19	27926696	M7830	0	0.0002	0.0003	0.0003	0.0004	0.0003	0.0003	0.0004	0.0001	0.0001	0.0002	0.3735	0.0004	0.0003	0.0001
5	75112482	M7819	0	0.0657	0.0005	0.0002	0.0514	0.0008	0.0003	0.0001	0.0004	0.0002	0.0004	0.0005	0.0005	0.0004	0.0004
18	49459173	M7797	0	0.0657	0.1243	0.0004	0.0362	0.2046	0.0002	0.0003	0.0002	0.3174	0.0986	0.0953	0.0001	0.0004	0.117
10	102365932	M7802	0	0.0725	0.0611	0.0002	0.0486	0.0002	0.0003	0.0001	0.2294	0.0875	0.1708	0.0004	0.2538	0.0006	0.0006
14	48252599	M7837	0	0.0003	0.0006	0.0003	0.0005	0.0005	0.0002	0.0002	0.0002	0.0004	0.0004	0.0007	0.0002	0.0004	0.2999
7	124828759	M7809	0	0.0003	0.0002	0.4843	0.0004	0.202	0.0285	0.0002	0.0227	0.0205	0.0003	0.4196	0.0015	0.0003	0.0006
14	92067078	M7807	0	0.07	0.0003	0.0002	0.0519	0.0002	0.0006	0.0003	0.1999	0.0002	0.0002	0.0007	0.2482	0.0003	0.0003
3	126862686	M7808	0	0.0698	0.1248	0.0003	0.0003	0.0004	0.0006	0.0002	0.0004	0.0004	0.0002	0.0267	0.0001	0.0001	0.0006
5	24040949	M7805	0	0.0637	0.0616	0.0001	0.0531	0.0001	0.0003	0.0005	0.22	0.0866	0.1687	0.0003	0.2591	0.0005	0.0001
22	36746758	M7850	0	0.0002	0.0007	0.0005	0.0007	0.0004	0.0005	0.4512	0.0001	0.0005	0.0004	0.0005	0.0004	0.0003	0.0002
15	97349993	M7786	0	0.0679	0.0596	0.0001	0.042	0.0004	0.0005	0.0007	0.2228	0.0876	0.3535	0.0003	0.247	0.0002	0.0003
23	48944027	M7832	0	0.0005	0.0001	0.0001	0.0001	0.0004	0.0005	0.0003	0.0002	0.0005	0.0003	0.0372	0.0003	0.0005	0.0002
8	98235301	M7790	0	0.0647	0.0632	0.0003	0.0479	0.0004	0.0004	0.0007	0.2245	0.0889	0.3525	0	0.2536	0.0005	0.0005
8	70262552	M7820	0	0.0703	0.1304	0.0001	0.0001	0.0005	0.0006	0.0005	0.0004	0.0003	0.0002	0.027	0.0004	0.0006	0.0006
14	35548542	M7795	0	0.2665	0.3087	0.0004	0.1228	0.0001	0.0006	0.0004	0.1929	0.0006	0.0005	0.0004	0.2436	0.4455	0.0001
16	52328226	M7839	0	0.2689	0.0005	0.0008	0.0004	0.0005	0.0002	0.0004	0.0004	0.0002	0.0002	0.0004	0.0006	0.0004	0.0006
20	50712636	M7796	0	0.2695	0.3174	0.0003	0.15	0.0006	0.0002	0.0003	0.1932	0.0003	0.0003	0.0006	0.2363	0.442	0.0004
17	30779903	M7826	0	0.0739	0.0003	0.0006	0.0484	0.0003	0.0005	0.0003	0.0003	0.0005	0.0004	0.0003	0.0005	0.0005	0.0002
15	68998688	M7829	0	0.0002	0.3157	0.0008	0.0005	0.0005	0.0004	0.0008	0.1948	0.0003	0.0005	0.0002	0.2353	0.0004	0.0001
4	69560280	M7856	0	0.0004	0.32	0	0.0006	0.0003	0.0004	0.0003	0.0005	0.0002	0.0003	0.0003	0.0001	0.0005	0.0002
23	5116997	M7812	0	0	0.0004	0.4764	0.0004	0.0001	0.0004	0.0005	0.0006	0.0222	0.0002	0.0006	0.0004	0.0003	0.0005
4	101778181	M7843	0	0.0004	0.0005	0.0002	0.0005	0.0005	0.0002	0.0004	0.0002	0.0184	0.0002	0.0004	0.0004	0.0004	0.0004
18	60602381	M7806	0	0.0696	0.1258	0.0004	0.0354	0.2007	0.0005	0.0001	0.0007	0.0005	0.0924	0.0951	0.0003	0.0004	0.1176
23	15859878	M7855	0	0.0004	0.0002	0.0004	0.0004	0.0006	0.0004	0.0005	0.0002	0.0941	0.0002	0.0002	0.0002	0.0003	0.0003
