#chrom	pos	desc	normal	sample1	sample2	sample3	sample4	sample5	sample6	sample7	sample8	sample9	sample10	sample11	sample12	sample13	sample14
20	2320102	M7828	0	0	0	0.001	0	0	0	0.002	0	0.001	0.1	0	0	0	0.001
21	23524586	M7831	0	0.001	0	0	0	0.002	0.002	0.433	0	0	0	0	0.001	0	0
15	40414998	M7849	0	0	0.321	0	0	0	0	0.001	0.186	0.001	0	0.001	0.25	0.001	0
2	79303811	M7842	0	0	0.051	0	0.001	0	0	0	0.025	0.098	0.073	0.001	0	0.001	0.001
19	32589696	M7785	0	0.35	0.36	0	0.194	0	0	0	0.403	0.086	0.343	0.001	0.488	0.429	0
5	42927436	M7801	0	0.081	0.118	0	0.044	0.207	0.001	0.001	0	0.311	0.089	0.095	0	0	0.092
18	56751061	M7817	0	0	0	0	0.001	0	0.001	0.461	0	0	0	0	0	0	0.322
3	100578440	M7846	0	0.094	0.117	0	0	0	0	0.001	0.001	0.001	0.001	0	0.001	0	0
20	31937957	M7825	0	0	0	0	0	0	0	0.442	0.001	0	0.001	0	0	0.002	0.28
19	16938209	M7845	0	0.001	0	0	0	0.202	0	0	0	0.001	0.001	0.001	0.001	0	0
21	13625824	M7854	0	0.001	0	0	0	0	0	0	0.001	0	0.001	0.371	0.001	0	0
7	1143044	M7803	0	0.274	0.308	0.001	0.132	0	0.002	0	0.207	0	0	0	0.204	0.449	0
20	14481718	M7847	0	0.001	0.001	0	0	0	0.015	0	0.001	0	0.001	0	0.001	0.001	0
19	27926696	M7830	0	0	0	0.001	0	0	0	0.001	0.002	0.001	0.001	0.354	0	0	0
5	75112482	M7819	0	0.056	0	0	0.045	0	0.002	0	0.001	0.001	0	0	0	0	0
18	49459173	M7797	0	0.072	0.118	0	0.038	0.181	0	0.001	0.001	0.33	0.108	0.088	0.001	0	0.13
10	102365932	M7802	0	0.057	0.047	0	0.054	0	0	0.001	0.235	0.088	0.163	0	0.258	0	0
14	48252599	M7837	0	0.001	0	0	0.001	0	0	0	0.001	0	0	0	0	0	0.286
7	124828759	M7809	0	0	0	0.48	0	0.225	0.035	0	0.027	0.021	0	0.418	0.003	0	0
14	92067078	M7807	0	0.074	0	0	0.055	0.002	0.001	0	0.209	0.001	0	0.001	0.263	0	0.001
3	126862686	M7808	0	0.076	0.124	0	0	0	0	0	0	0.001	0	0.032	0	0.002	0.003
5	24040949	M7805	0	0.059	0.065	0.001	0.056	0	0.001	0	0.231	0.078	0.175	0	0.241	0.001	0.001
22	36746758	M7850	0	0	0	0.001	0	0.001	0	0.47	0.001	0	0	0	0	0	0
15	97349993	M7786	0	0.075	0.051	0	0.05	0	0	0	0.239	0.086	0.332	0	0.279	0	0.001
23	48944027	M7832	0	0.001	0.001	0	0	0	0.001	0	0.001	0	0	0.039	0	0.001	0.001
8	98235301	M7790	0	0.059	0.047	0	0.057	0.001	0.002	0	0.227	0.085	0.347	0.001	0.251	0.001	0
8	70262552	M7820	0	0.063	0.129	0	0	0.001	0	0.001	0	0	0.001	0.03	0	0	0
14	35548542	M7795	0	0.249	0.306	0	0.108	0	0	0	0.202	0.001	0.004	0.001	0.21	0.476	0.001
16	52328226	M7839	0	0.256	0	0.001	0.001	0	0	0	0	0	0	0.002	0	0	0
20	50712636	M7796	0	0.283	0.312	0.001	0.158	0	0	0.001	0.195	0	0	0.001	0.247	0.463	0
17	30779903	M7826	0	0.071	0.001	0	0.044	0	0	0.001	0	0.001	0	0.001	0	0	0
15	68998688	M7829	0	0	0.322	0.001	0	0.001	0.002	0	0.216	0	0	0	0.239	0	0.001
4	69560280	M7856	0	0	0.34	0	0	0	0	0	0	0	0	0	0.001	0.001	0
23	5116997	M7812	0	0.001	0.001	0.489	0	0	0	0	0	0.025	0.002	0.001	0.003	0	0
4	101778181	M7843	0	0.001	0	0.001	0	0	0	0.001	0	0.024	0	0.001	0	0	0
18	60602381	M7806	0	0.066	0.121	0	0.042	0.224	0.001	0.001	0.001	0	0.109	0.091	0.001	0	0.127
23	15859878	M7855	0	0.002	0	0	0.001	0	0	0.001	0	0.081	0	0.001	0	0	0.001
