#chrom	pos	desc	normal	sample1	sample2	sample3	sample4	sample5	sample6	sample7	sample8	sample9	sample10	sample11	sample12	sample13	sample14
20	2320102	M7828	0	0	0	0	0	0	0	0	0	0	0.1049	0	0	0	0
21	23524586	M7831	0	0	0	0	0	0	0	0.446	0	0	0	0	0	0	0
15	40414998	M7849	0	0	0.3122	0	0	0	0	0	0.1904	0	0	0	0.2384	0	0
2	79303811	M7842	0	0	0.0607	0	0	0	0	0	0.025	0.0876	0.0644	0	0	0	0
19	32589696	M7785	0	0.3326	0.3729	0	0.1971	0	0	0	0.4158	0.0876	0.3511	0	0.489	0.4495	0
5	42927436	M7801	0	0.0699	0.1268	0	0.0361	0.2049	0	0	0	0.3157	0.0969	0.0936	0	0	0.1142
18	56751061	M7817	0	0	0	0	0	0	0	0.446	0	0	0	0	0	0	0.2967
3	100578440	M7846	0	0.0699	0.1268	0	0	0	0	0	0	0	0	0	0	0	0
20	31937957	M7825	0	0	0	0	0	0	0	0.446	0	0	0	0	0	0	0.2967
19	16938209	M7845	0	0	0	0	0	0.2049	0	0	0	0	0	0	0	0	0
21	13625824	M7854	0	0	0	0	0	0	0	0	0	0	0	0.3703	0	0	0
7	1143044	M7803	0	0.2641	0.3122	0	0.1469	0	0	0	0.1904	0	0	0	0.2384	0.4495	0
20	14481718	M7847	0	0	0	0	0	0	0.0269	0	0	0	0	0	0.0008	0	0
19	27926696	M7830	0	0	0	0	0	0	0	0	0	0	0	0.3703	0	0	0
5	75112482	M7819	0	0.0685	0	0	0.0502	0	0	0	0	0	0	0	0	0	0
18	49459173	M7797	0	0.0699	0.1268	0	0.0361	0.2049	0	0	0	0.3157	0.0969	0.0936	0	0	0.1142
10	102365932	M7802	0	0.0685	0.0607	0	0.0502	0	0	0	0.2254	0.0876	0.1693	0	0.2506	0	0
14	48252599	M7837	0	0	0	0	0	0	0	0	0	0	0	0	0	0	0.2967
7	124828759	M7809	0	0	0	0.4833	0	0.2061	0.0269	0	0.0243	0.02	0	0.4058	0.0008	0	0
14	92067078	M7807	0	0.0685	0	0	0.0502	0	0	0	0.2003	0	0	0	0.2504	0	0
3	126862686	M7808	0	0.0699	0.1268	0	0	0	0	0	0	0	0	0.0273	0	0	0
5	24040949	M7805	0	0.0685	0.0607	0	0.0502	0	0	0	0.2254	0.0876	0.1693	0	0.2506	0	0
22	36746758	M7850	0	0	0	0	0	0	0	0.446	0	0	0	0	0	0	0
15	97349993	M7786	0	0.0685	0.0607	0	0.0438	0	0	0	0.2254	0.0876	0.3511	0	0.2506	0	0
23	48944027	M7832	0	0	0	0	0	0	0	0	0	0	0	0.0355	0	0	0
8	98235301	M7790	0	0.0685	0.0607	0	0.0502	0	0	0	0.2254	0.0876	0.3511	0	0.2506	0	0
8	70262552	M7820	0	0.0699	0.1268	0	0	0	0	0	0	0	0	0.0273	0	0	0
14	35548542	M7795	0	0.2641	0.3122	0	0.1258	0	0	0	0.1904	0	0	0	0.2384	0.4495	0
16	52328226	M7839	0	0.2641	0	0	0	0	0	0	0	0	0	0	0	0	0
20	50712636	M7796	0	0.2641	0.3122	0	0.1469	0	0	0	0.1904	0	0	0	0.2384	0.4495	0
17	30779903	M7826	0	0.0685	0	0	0.0502	0	0	0	0	0	0	0	0	0	0
15	68998688	M7829	0	0	0.3122	0	0	0	0	0	0.1904	0	0	0	0.2384	0	0
4	69560280	M7856	0	0	0.3122	0	0	0	0	0	0	0	0	0	0	0	0
23	5116997	M7812	0	0	0	0.4833	0	0	0	0	0	0.02	0	0	0	0	0
4	101778181	M7843	0	0	0	0	0	0	0	0	0	0.02	0	0	0	0	0
18	60602381	M7806	0	0.0699	0.1268	0	0.0361	0.2049	0	0	0	0	0.0969	0.0936	0	0	0.1142
23	15859878	M7855	0	0	0	0	0	0	0	0	0	0.0876	0	0	0	0	0
