#chrom	pos	desc	normal	sample1	sample2	sample3	sample4	sample5	sample6	sample7	sample8	sample9
21	23524586	M7831	0	0.0002	0.0005	0.2304	0.0006	0.0005	0.0005	0.0001	0.0003	0.0005
15	40414998	M7849	0	0.0004	0.3804	0.0003	0.0004	0.0003	0.0004	0.0002	0.0003	0.0004
4	54891462	M7821	0	0.1264	0.0003	0.0005	0.0001	0.0005	0.0001	0.0008	0.0004	0.0001
19	32589696	M7785	0	0.3517	0.4078	0.1505	0.0029	0.1851	0.2563	0.446	0.0003	0.452
18	56751061	M7817	0	0.0006	0.0004	0.235	0.0003	0.0937	0.0007	0.0002	0.0001	0.0004
5	42927436	M7801	0	0.0002	0.0005	0.0004	0.2027	0.2037	0.0004	0.0005	0.0715	0.0001
20	31937957	M7825	0	0.0001	0.0006	0.238	0.0003	0.0877	0.0004	0.0005	0.0003	0.0005
21	13625824	M7854	0	0.0006	0.0005	0.0002	0.1962	0.0001	0.0005	0.0003	0.0005	0.0003
19	16938209	M7845	0	0.0005	0.0002	0.0004	0.2059	0.2078	0.0002	0.0002	0.0007	0.0005
12	69678559	M7816	0	0.0003	0.0002	0.0005	0.0002	0.0223	0.0002	0.0008	0.0006	0.0002
7	1143044	M7803	0	0.3507	0.3884	0.0002	0.0026	0.0005	0.2521	0.0006	0.0004	0.4567
19	27926696	M7830	0	0.0003	0.0001	0.0003	0.1985	0.0005	0.0004	0.0005	0.0004	0.0003
5	75112482	M7819	0	0.0003	0.0003	0.1218	0.0001	0.0003	0.0005	0.0005	0	0.0001
18	49459173	M7797	0	0.0006	0.0006	0.0001	0.2093	0.1974	0.0003	0	0.0696	0.0005
10	102365932	M7802	0	0.0003	0.0294	0.1501	0.0001	0.1748	0.0005	0.0005	0.0003	0.0001
14	48252599	M7837	0	0.0004	0.0001	0.0001	0.0003	0.0853	0.0002	0.0002	0.0001	0.0002
7	124828759	M7809	0	0.1178	0.0004	0.0586	0.1964	0.0202	0.1767	0.0004	0.4026	0.0007
14	92067078	M7807	0	0.0004	0.0004	0.1254	0.0003	0.1824	0.0005	0.0004	0.0002	0
5	24040949	M7805	0	0.0003	0.0276	0.1461	0.0002	0.1814	0.0002	0.0006	0.0002	0.0002
15	97349993	M7786	0	0.0006	0.0274	0.1446	0	0.1825	0.0003	0.4362	0.0003	0.0002
8	98235301	M7790	0	0.0002	0.0282	0.1505	0	0.1849	0.0003	0.4474	0.0005	0.0004
14	35548542	M7795	0	0.3556	0.3943	0.0004	0.0021	0.0003	0.2632	0.0002	0.0003	0.455
20	50712636	M7796	0	0.3516	0.3867	0.0004	0.0027	0.0004	0.2589	0.0004	0.0003	0.4533
17	30779903	M7826	0	0.0003	0.0005	0.1214	0.0002	0.0002	0.0002	0.0001	0.0003	0.0005
15	68998688	M7829	0	0.1343	0.3878	0.0004	0.0004	0.0002	0.0717	0.0003	0.0005	0
4	69560280	M7856	0	0.0002	0.3796	0.0004	0.0002	0.0003	0.0002	0.0002	0.0001	0.0002
23	5116997	M7812	0	0.1181	0.0002	0.0004	0.0003	0.0216	0.0004	0.0001	0.0002	0.0002
18	60602381	M7806	0	0.0001	0.0001	0.0004	0.2156	0.1998	0.0001	0.0003	0.0684	0.0004
