#chrom	pos	desc	normal	sample1	sample2	sample3	sample4	sample5	sample6	sample7	sample8	sample9
21	23524586	M7831	0	0	0	0.2327	0	0	0	0	0	0
15	40414998	M7849	0	0	0.387	0	0	0	0	0	0	0
4	54891462	M7821	0	0.1204	0	0	0	0	0	0	0	0
19	32589696	M7785	0	0.3507	0.4152	0.1467	0.0022	0.1841	0.2578	0.4436	0	0.4567
18	56751061	M7817	0	0	0	0.2327	0	0.0893	0	0	0	0
5	42927436	M7801	0	0	0	0	0.2116	0.1998	0	0	0.0701	0
20	31937957	M7825	0	0	0	0.2327	0	0.0893	0	0	0	0
21	13625824	M7854	0	0	0	0	0.1994	0	0	0	0	0
19	16938209	M7845	0	0	0	0	0.2116	0.1998	0	0	0	0
12	69678559	M7816	0	0	0	0	0	0.0223	0	0	0	0
7	1143044	M7803	0	0.3507	0.387	0	0.0022	0	0.2578	0	0	0.4567
19	27926696	M7830	0	0	0	0	0.1994	0	0	0	0	0
5	75112482	M7819	0	0	0	0.125	0	0	0	0	0	0
18	49459173	M7797	0	0	0	0	0.2116	0.1998	0	0	0.0701	0
10	102365932	M7802	0	0	0.0281	0.1467	0	0.1841	0	0	0	0
14	48252599	M7837	0	0	0	0	0	0.0893	0	0	0	0
7	124828759	M7809	0	0.1204	0	0.0579	0.1994	0.0223	0.1764	0	0.4027	0
14	92067078	M7807	0	0	0	0.125	0	0.1841	0	0	0	0
5	24040949	M7805	0	0	0.0281	0.1467	0	0.1841	0	0	0	0
15	97349993	M7786	0	0	0.0281	0.1467	0	0.1841	0	0.4436	0	0
8	98235301	M7790	0	0	0.0281	0.1467	0	0.1841	0	0.4436	0	0
14	35548542	M7795	0	0.3507	0.387	0	0.0022	0	0.2578	0	0	0.4567
20	50712636	M7796	0	0.3507	0.387	0	0.0022	0	0.2578	0	0	0.4567
17	30779903	M7826	0	0	0	0.125	0	0	0	0	0	0
15	68998688	M7829	0	0.1312	0.387	0	0	0	0.0722	0	0	0
4	69560280	M7856	0	0	0.387	0	0	0	0	0	0	0
23	5116997	M7812	0	0.1204	0	0	0	0.0223	0	0	0	0
18	60602381	M7806	0	0	0	0	0.2116	0.1998	0	0	0.0701	0
