#chrom	pos	desc	normal	sample1	sample2	sample3	sample4	sample5	sample6	sample7	sample8	sample9	sample10	sample11	sample12	sample13	sample14
23	23025195	M9729	0	0.4521	0.0003	0.0003	0	0.1469	0.0001	0.0001	0.1906	0.4449	0.0004	0.0003	0.0324	0.0004	0.0004
10	92752135	M9792	0	0.0001	0.0002	0.0003	0.1239	0.0002	0.0003	0.1877	0.0003	0.0003	0.0004	0.0002	0.0003	0.0006	0.0007
11	108056815	M9732	0	0.0006	0.4191	0.1752	0.1251	0.1658	0.0006	0.0004	0.1028	0.0005	0.4437	0.0001	0.3486	0.4228	0.4635
21	29360910	M9817	0	0.0005	0	0.0004	0.0002	0.0001	0.0004	0.0002	0.0005	0	0.4396	0.0002	0.0003	0.0007	0.0004
3	94131525	M9752	0	0.2373	0.0002	0.0004	0.0003	0.0002	0.0002	0.0002	0.0004	0.4483	0.0002	0.0003	0.0003	0.0005	0.0003
10	44523017	M9762	0	0.0003	0.0003	0.0004	0.0004	0.0847	0.2097	0.1657	0.0004	0.0002	0.0004	0.1646	0.0005	0.0005	0.0002
13	98720426	M9831	0	0	0.0006	0.0007	0.0003	0.0003	0.0003	0.0006	0.0885	0.0003	0.0002	0.0003	0.0002	0.0004	0.0002
19	55386946	M9840	0	0	0.0002	0.0003	0.0002	0.0004	0.0003	0.0003	0.0006	0.0002	0.0001	0.0003	0.0329	0.0002	0.0006
9	130759615	M9733	0	0.0001	0.0133	0.3071	0.2973	0.0852	0.2314	0.4581	0.1444	0.0004	0.0002	0.4396	0.2246	0.0003	0.0007
14	79607259	M9976	0	0.0001	0.014	0.0002	0.0004	0.0007	0.0006	0.0002	0.0002	0.0005	0.0003	0.0002	0.0003	0.0003	0.0001
15	64841128	M9855	0	0.0003	0.0004	0.0004	0.0001	0.0002	0.0222	0.0003	0.0001	0.0002	0.0003	0.0003	0.0003	0.0002	0.0005
5	179928908	M9847	0	0.2341	0.0004	0.0004	0.0005	0.0002	0.0005	0.0005	0.0005	0.4459	0.0004	0.0002	0.0004	0.0003	0.0001
19	68592551	M9915	0	0	0.0146	0.0003	0.0003	0.0003	0.0004	0.0002	0.0578	0.0006	0.0005	0.0006	0.0003	0.0006	0.0006
21	37107840	M9821	0	0.0001	0.0003	0.0003	0.0005	0.0004	0.0004	0.0006	0.0002	0.0009	0.0005	0.0004	0.2323	0.0002	0.0004
13	118223284	M9777	0	0.0002	0.0002	0.0006	0.1231	0.1271	0.0003	0.0003	0.0002	0.0002	0.0004	0.0004	0.0005	0.0002	0.0002
22	11427623	M9797	0	0.2417	0.0005	0.0008	0.0005	0.0001	0.0002	0.0005	0.0001	0.454	0.0003	0.0002	0.0001	0	0.0007
5	92637122	M9731	0	0.0002	0.4216	0.1798	0.1275	0.1794	0.0003	0.0002	0.1046	0.0003	0.4383	0.0005	0.2165	0.4231	0.4586
11	48590382	M9970	0	0.2112	0.0003	0.0005	0.0005	0.0001	0.0004	0.0005	0.1865	0.0003	0	0.0005	0.0004	0.0006	0.0004
9	139791683	M10031	0	0.2152	0.0003	0.0004	0.0004	0.0004	0.0011	0.0008	0.0004	0.0002	0.0005	0.0004	0.0004	0.0006	0.0001
10	135546317	M9771	0	0.0002	0.4231	0.0004	0.1331	0.1321	0.0007	0.0005	0.0005	0.0003	0.4488	0.0002	0.0002	0.4204	0.0003
19	32287421	M9898	0	0.0006	0.4248	0	0.0002	0.0005	0.0003	0.0001	0.0004	0.0003	0.0008	0.0002	0.0003	0.4255	0.0003
20	31133898	M9758	0	0.0006	0	0.3159	0.0004	0.0004	0.0001	0.1023	0.0006	0.0005	0.0002	0.0748	0.2336	0.0005	0.0004
17	14388285	M9785	0	0.0001	0.0004	0.0001	0.0002	0.0353	0.0005	0.0002	0.0003	0.0003	0.0004	0.0005	0.0003	0.0001	0
5	78504803	M9772	0	0.0005	0.0006	0.0003	0.0004	0.1539	0.0008	0.0001	0.0006	0.0005	0	0.0001	0.0005	0.0001	0.0005
8	70997540	M9871	0	0.0001	0.0003	0.0633	0.001	0.0002	0.0002	0.0003	0.0001	0.0005	0.0007	0.0003	0.0004	0.0007	0.0001
5	26281771	M9767	0	0.0003	0.0106	0	0.0002	0.0004	0.0003	0.0001	0.0562	0.0007	0	0.0001	0.0003	0.0004	0.0002
9	1176454	M9893	0	0.0003	0.0005	0.0004	0.0002	0.0003	0.0003	0.0007	0.0004	0.0002	0.0006	0.0002	0.029	0.0001	0.0004
17	47506537	M9745	0	0.0002	0.0006	0.3041	0.1692	0.0861	0.2292	0.2709	0.084	0.0005	0.0002	0.4351	0.2338	0.0004	0.0005
20	62984784	M9808	0	0.0002	0.0003	0.0003	0.0008	0.0001	0.2024	0.0004	0.0003	0.0001	0.0004	0.1656	0.0001	0.0001	0.0001
6	159340722	M9941	0	0.0003	0.0001	0.0004	0.0002	0.0003	0.0002	0.0004	0.0004	0.0001	0.4474	0	0.0004	0.0002	0.0002
21	50689511	M9850	0	0.0005	0.0004	0.1772	0.0002	0.0006	0.0004	0.0005	0.092	0.0001	0.0004	0.0001	0.0002	0.0002	0.4674
15	82323608	M9737	0	0.0004	0.0002	0.3115	0.2964	0.0886	0.2242	0.4544	0.0864	0.0004	0.0002	0.4412	0.2314	0.0001	0.0002
20	8614791	M9996	0	0	0.0005	0.0004	0.0003	0.1287	0.0004	0.0002	0.0004	0.0007	0.0005	0.0002	0.0006	0.0005	0.0003
1	30734168	M9998	0	0.0005	0.0004	0.0005	0.1232	0.0003	0.0001	0.0001	0.0003	0.0003	0.0005	0.0003	0.0006	0.0003	0.0005
6	129359963	M9734	0	0.4488	0.0003	0.0001	0.0004	0.0001	0.0004	0.0005	0.182	0.4504	0.0006	0.0005	0.0005	0.0003	0.0003
23	5412955	M9768	0	0.0002	0.0006	0.0001	0.0004	0.0867	0.2108	0.1687	0.0003	0.0003	0.0003	0.1644	0.0003	0.0002	0.0003
1	54259839	M10019	0	0.0005	0.0005	0.0001	0.0004	0.0003	0.0002	0.0001	0.0004	0.4503	0.0005	0.0006	0.0003	0.0002	0.0005
16	37959992	M9780	0	0.0001	0.0002	0.0005	0.0004	0.0004	0.2546	0.0002	0.0002	0.0003	0.0006	0.0001	0.0003	0.0004	0.0007
5	48246568	M9867	0	0.0006	0.0002	0.0006	0.1218	0.0005	0.0005	0.0003	0.0002	0.0003	0.0001	0.0007	0.0006	0.0008	0.0003
10	14205203	M9736	0	0.0002	0.4216	0.1783	0.1309	0.1635	0.0003	0.0001	0.1032	0.0004	0.4349	0.0001	0.2154	0.4323	0.4687
11	76470100	M9744	0	0.0001	0.4158	0.1828	0.1221	0.1619	0.0002	0.0001	0.1036	0.0001	0.4432	0.0006	0.1784	0.416	0.4659
11	3359514	M9765	0	0.0001	0.0004	0.0002	0.1206	0.0003	0.0004	0.18	0.0008	0.0003	0.0002	0.0001	0.0005	0.0002	0.0003
1	109664056	M9769	0	0.0003	0.0002	0.0004	0.0007	0.0004	0.2453	0.0003	0.0004	0.0006	0.0005	0.0004	0.0005	0.0005	0.0002
7	63857297	M9753	0	0.0002	0.4258	0.1774	0.1304	0.1312	0.0003	0.0003	0.1069	0.0007	0.4404	0.0001	0.0001	0.4239	0.4696
23	6574311	M9754	0	0.0005	0.0004	0.0003	0.1225	0.0862	0.2097	0.1559	0.0808	0.0005	0.0003	0.1608	0.0003	0.0005	0.0003
23	45187218	M9809	0	0.0002	0.0006	0.0002	0.0005	0.0003	0.2575	0.0002	0.0001	0.0005	0.0004	0.0001	0.0001	0.0004	0.0002
3	180457204	M9794	0	0.0003	0	0.0002	0.0003	0.1523	0	0.0004	0.0002	0.0004	0.0002	0.0003	0.0006	0.0004	0.0006
2	70607352	M9830	0	0.0004	0.0006	0.1825	0.0002	0	0.0002	0.0004	0.105	0.0004	0.0002	0.0005	0.0003	0.0003	0.46
22	26228941	M9743	0	0.0002	0.0142	0.0003	0.0006	0.0002	0.0005	0.0004	0.0592	0.0004	0.0006	0.0002	0.0004	0.0005	0.0002
16	99330038	M9793	0	0.0002	0.0006	0.0005	0.0008	0.0861	0.0004	0.1724	0.0004	0.0005	0.0002	0.0002	0.0004	0.0005	0.0004
14	25742675	M9985	0	0	0.0006	0.0002	0.0003	0.0003	0.0002	0.0001	0.0004	0.0003	0.0003	0.2057	0.0003	0.0004	0.0006
2	237778608	M9866	0	0.0001	0.0007	0.0004	0.0485	0.0004	0.0002	0.0004	0.0003	0.0002	0.0005	0.0003	0.0006	0.0004	0.0002
19	30023073	M9750	0	0.0004	0.0003	0.0004	0.1288	0.0003	0.0005	0.1865	0.0001	0.0003	0.0006	0.0002	0.0001	0.0005	0.0006
1	78174656	M9956	0	0.0002	0.0006	0.0002	0.0005	0.0004	0.0005	0.0004	0.0001	0	0.0003	0.0001	0.0004	0.4224	0.0005
3	87127661	M9979	0	0.0003	0.0003	0.0006	0.0001	0.0002	0.2486	0.0005	0.0004	0.0003	0.0002	0	0.0001	0.0004	0.0004
11	88380827	M10025	0	0.0004	0.0005	0.0005	0.0003	0.0004	0.0004	0.0001	0.0609	0.0002	0.0009	0.0003	0.0003	0.0002	0.0001
2	187578680	M9748	0	0.0002	0.0007	0.303	0.0002	0.0001	0.0241	0.1072	0.0003	0.0002	0.0004	0.2757	0.2319	0.0003	0.0006
12	65774909	M9761	0	0.0001	0.0007	0.0005	0.0001	0.0003	0.0226	0.0003	0.0004	0.0003	0.0002	0.1982	0.0004	0.0001	0.0002
22	42294171	M9860	0	0.0004	0.0002	0.0004	0.0002	0.0002	0.0003	0.166	0.0004	0.0003	0	0.0001	0.0002	0.0002	0.0003
23	13874767	M9932	0	0.0002	0.0001	0.1772	0.0009	0.0002	0.0004	0.0005	0.1064	0.0002	0.0002	0.0005	0.0002	0.0009	0.4682
10	86191010	M9862	0	0.2113	0.0005	0.0002	0.0002	0.0005	0.0005	0.0001	0.1861	0	0.0002	0.0001	0.0002	0.0002	0.0004
6	33791639	M9763	0	0.0003	0.0004	0.0004	0.0003	0.0002	0.0004	0.1082	0.0004	0.0003	0.0004	0.0004	0.0007	0.0002	0.0002
8	144794054	M9791	0	0.0002	0.0007	0.0656	0	0.0002	0.0003	0.0003	0.0001	0.0004	0.0002	0.0001	0.2238	0.0004	0.0004
18	13686043	M9869	0	0.0003	0.0003	0.0002	0.0002	0.0002	0.0003	0.0004	0.0002	0.0003	0.0005	0.0003	0.2177	0.0004	0.0005
17	43695450	M9788	0	0.0002	0.0004	0.0003	0.1164	0.1284	0	0.0002	0.0001	0.0003	0.0004	0.0004	0.0002	0.0004	0.0001
11	33629801	M9977	0	0.0006	0.0002	0.1796	0.0004	0.0003	0.0005	0.0006	0.0001	0.0002	0.0002	0.0002	0.0003	0.0001	0.0003
19	32813420	M9834	0	0.0001	0.0002	0.0003	0.0001	0.1315	0.0005	0.0004	0.0002	0.0006	0.0004	0.0001	0.0002	0.0002	0.0005
10	100783289	M9842	0	0.2145	0.0004	0.0003	0.0004	0.0005	0.0007	0.0004	0.189	0.0004	0.0005	0.0004	0.0001	0.0005	0.0005
16	12238544	M9741	0	0.0004	0.0005	0.3139	0.1773	0.0878	0.2209	0.2751	0.0863	0.0006	0.0001	0.4412	0.233	0.0005	0.0002
3	83001850	M9764	0	0	0.0002	0.0003	0.0007	0.1487	0.0002	0.0001	0.0004	0.0005	0.0003	0.0007	0.0003	0.0003	0
23	27553090	M9940	0	0.0005	0.0006	0.0005	0.0003	0.0002	0.2419	0.0005	0.0004	0.0006	0.0001	0.0003	0.0002	0.0003	0
