#chrom	pos	desc	normal	sample1	sample2	sample3	sample4	sample5	sample6	sample7	sample8	sample9	sample10	sample11	sample12	sample13	sample14
23	23025195	M9729	0	0.44	0	0	0	0.158	0.001	0	0.19	0.435	0	0	0.023	0.001	0.001
10	92752135	M9792	0	0	0.001	0	0.122	0.001	0	0.193	0	0	0	0	0.001	0	0
11	108056815	M9732	0	0	0.455	0.178	0.132	0.167	0	0	0.105	0.001	0.446	0	0.343	0.407	0.482
21	29360910	M9817	0	0	0	0.001	0	0.001	0	0	0	0	0.438	0	0	0	0
3	94131525	M9752	0	0.249	0	0	0	0	0	0	0	0.449	0	0	0.001	0.001	0
10	44523017	M9762	0	0	0	0	0	0.082	0.213	0.169	0	0.001	0	0.166	0	0	0.001
13	98720426	M9831	0	0	0	0	0	0	0	0	0.075	0	0	0	0	0.001	0.001
19	55386946	M9840	0	0	0	0	0	0	0	0	0.001	0.001	0.001	0	0.032	0	0
9	130759615	M9733	0	0	0.016	0.293	0.291	0.089	0.242	0.444	0.133	0	0	0.453	0.21	0	0
14	79607259	M9976	0	0	0.01	0	0	0	0	0.001	0	0	0	0.003	0	0	0.001
15	64841128	M9855	0	0	0	0	0	0.001	0.023	0.001	0	0.001	0	0.001	0.001	0	0
5	179928908	M9847	0	0.219	0	0	0.001	0	0	0	0	0.454	0.001	0	0.001	0	0
19	68592551	M9915	0	0.001	0.014	0	0.001	0	0	0.001	0.065	0	0	0.002	0	0	0.001
21	37107840	M9821	0	0	0	0.001	0	0	0	0	0	0	0	0	0.237	0.001	0
13	118223284	M9777	0	0	0	0	0.14	0.127	0.001	0.002	0	0	0	0.001	0.002	0	0.001
22	11427623	M9797	0	0.235	0.001	0	0	0	0	0.001	0	0.474	0	0	0	0	0.001
5	92637122	M9731	0	0	0.422	0.169	0.114	0.169	0	0	0.094	0	0.433	0.001	0.199	0.407	0.479
11	48590382	M9970	0	0.224	0	0	0	0.001	0.001	0	0.189	0	0	0.001	0	0	0
9	139791683	M10031	0	0.206	0	0	0	0	0.002	0	0	0.001	0	0.001	0	0	0
10	135546317	M9771	0	0	0.429	0	0.151	0.136	0.001	0	0	0	0.459	0	0.001	0.417	0.002
19	32287421	M9898	0	0.001	0.446	0.001	0	0.001	0	0	0	0.001	0	0	0	0.396	0
20	31133898	M9758	0	0	0	0.315	0	0	0	0.104	0	0	0	0.099	0.229	0	0
17	14388285	M9785	0	0	0	0	0	0.034	0	0	0	0.001	0	0	0	0	0.001
5	78504803	M9772	0	0	0	0.002	0	0.135	0.001	0	0	0	0.001	0	0.001	0	0
8	70997540	M9871	0	0.002	0	0.047	0	0	0	0	0	0.001	0	0	0	0	0
5	26281771	M9767	0	0.001	0.016	0	0	0.001	0.003	0	0.056	0	0	0	0	0	0
9	1176454	M9893	0	0.001	0	0	0	0	0	0	0.002	0	0	0.001	0.03	0.001	0
17	47506537	M9745	0	0	0	0.274	0.159	0.085	0.231	0.274	0.086	0.001	0	0.425	0.212	0	0
20	62984784	M9808	0	0	0	0	0	0	0.193	0	0	0	0	0.155	0.001	0.001	0
6	159340722	M9941	0	0.001	0	0	0	0.001	0.002	0	0	0	0.439	0	0	0	0
21	50689511	M9850	0	0.001	0.001	0.193	0	0	0	0	0.098	0.001	0	0	0	0.001	0.461
15	82323608	M9737	0	0.001	0.002	0.299	0.313	0.103	0.213	0.455	0.082	0	0	0.436	0.218	0.001	0
20	8614791	M9996	0	0	0	0	0.001	0.132	0	0	0	0	0	0.001	0	0	0
1	30734168	M9998	0	0	0	0	0.128	0.001	0	0	0.002	0	0.001	0	0	0	0.001
6	129359963	M9734	0	0.431	0	0	0	0	0.002	0	0.182	0.488	0.001	0.001	0	0	0.001
23	5412955	M9768	0	0	0.001	0	0	0.096	0.223	0.17	0	0	0	0.18	0	0	0.001
1	54259839	M10019	0	0	0	0	0	0	0.001	0.001	0.001	0.454	0.001	0	0.001	0	0
16	37959992	M9780	0	0	0	0.001	0	0	0.249	0	0	0.001	0.002	0	0	0	0
5	48246568	M9867	0	0.001	0	0	0.134	0	0	0	0	0.001	0.001	0	0	0	0
10	14205203	M9736	0	0.001	0.415	0.179	0.122	0.18	0	0	0.089	0.001	0.423	0	0.241	0.408	0.457
11	76470100	M9744	0	0.001	0.419	0.173	0.132	0.179	0	0	0.102	0	0.426	0	0.161	0.424	0.478
11	3359514	M9765	0	0.001	0	0	0.127	0	0	0.184	0	0	0.001	0.001	0	0.001	0.001
1	109664056	M9769	0	0	0.001	0	0	0.001	0.228	0.001	0.001	0	0	0	0.001	0	0
7	63857297	M9753	0	0	0.431	0.185	0.119	0.126	0	0.001	0.101	0.001	0.433	0	0	0.413	0.469
23	6574311	M9754	0	0.001	0	0	0.122	0.08	0.198	0.162	0.069	0.001	0.001	0.149	0	0	0
23	45187218	M9809	0	0	0	0.001	0	0	0.259	0.002	0	0	0	0.002	0	0	0
3	180457204	M9794	0	0	0	0.002	0	0.165	0.002	0.001	0	0	0	0.001	0	0	0.002
2	70607352	M9830	0	0	0	0.18	0.001	0	0.001	0	0.11	0.001	0	0.001	0	0.001	0.481
22	26228941	M9743	0	0.001	0.011	0	0.002	0	0.001	0	0.059	0	0	0	0	0	0
16	99330038	M9793	0	0.001	0.002	0	0	0.084	0	0.148	0.001	0	0.002	0	0.001	0	0
14	25742675	M9985	0	0	0	0	0	0	0	0	0	0.001	0	0.183	0	0	0
2	237778608	M9866	0	0.002	0.001	0	0.059	0	0	0	0	0	0	0	0	0.001	0
19	30023073	M9750	0	0	0.001	0	0.125	0	0	0.198	0	0	0	0	0	0	0
1	78174656	M9956	0	0	0.003	0	0.002	0.001	0	0	0	0	0	0.001	0.002	0.433	0.001
3	87127661	M9979	0	0.001	0	0	0.001	0	0.236	0.001	0	0	0	0	0	0	0
11	88380827	M10025	0	0.002	0.001	0.001	0.002	0.001	0	0.001	0.06	0.001	0	0.002	0	0.001	0.001
2	187578680	M9748	0	0	0	0.33	0	0	0.017	0.091	0.001	0	0	0.249	0.234	0	0
12	65774909	M9761	0	0	0	0	0.001	0	0.03	0	0.001	0	0	0.201	0	0	0
22	42294171	M9860	0	0.001	0	0.001	0	0.001	0.001	0.139	0	0	0.001	0	0	0.002	0
23	13874767	M9932	0	0	0	0.177	0	0	0.001	0	0.105	0	0	0.001	0	0.001	0.478
10	86191010	M9862	0	0.199	0.002	0.001	0.001	0	0.001	0.001	0.214	0	0	0	0	0	0
6	33791639	M9763	0	0.001	0	0	0	0.001	0	0.097	0.001	0	0	0	0.001	0.002	0.001
8	144794054	M9791	0	0	0	0.062	0	0	0	0.001	0	0	0	0	0.226	0	0
18	13686043	M9869	0	0	0	0	0	0	0	0	0	0	0.001	0.001	0.234	0	0.003
17	43695450	M9788	0	0.001	0	0.002	0.1	0.142	0	0	0	0	0.001	0	0	0.001	0.001
11	33629801	M9977	0	0	0.001	0.168	0	0	0.002	0	0.001	0	0.001	0	0	0.001	0
19	32813420	M9834	0	0	0	0.001	0	0.121	0.001	0.001	0.001	0.001	0.001	0.001	0	0	0.002
10	100783289	M9842	0	0.205	0.001	0	0	0	0	0	0.198	0	0	0.001	0	0	0.001
16	12238544	M9741	0	0	0.002	0.317	0.177	0.09	0.209	0.28	0.089	0.001	0	0.447	0.237	0	0
3	83001850	M9764	0	0.001	0	0.001	0	0.143	0	0	0	0	0	0	0	0	0
23	27553090	M9940	0	0.001	0	0	0.001	0	0.257	0.001	0	0	0.001	0	0	0.001	0
