#chrom	pos	desc	normal	sample1	sample2	sample3	sample4	sample5	sample6	sample7	sample8	sample9
23	30454905	M10004	0	0.1273	0.0003	0.0003	0.0004	0.0005	0.0004	0.0004	0.0003	0.0004
16	9215202	M9872	0	0.0004	0.2471	0.0004	0.0005	0.0004	0.0001	0.0004	0.0005	0.0004
23	23025195	M9729	0	0.26	0.0001	0.0001	0	0.071	0.0002	0.172	0.0002	0.2111
10	14047324	M9951	0	0.0003	0.2144	0.0003	0.0006	0.0003	0.0002	0.0004	0.0005	0.0003
10	92752135	M9792	0	0.0005	0.2522	0.0001	0.0001	0	0.0001	0.156	0.0002	0.0002
11	108056815	M9732	0	0.0006	0.0002	0.1092	0.1186	0.0001	0.0409	0.1271	0.0003	0.241
17	11076038	M9874	0	0.0003	0.0005	0.0002	0.0004	0.3208	0.0005	0.0002	0.0003	0.0004
15	52868943	M9870	0	0.0003	0.0007	0.0003	0	0.0003	0.0001	0.0004	0.2692	0.0004
3	94131525	M9752	0	0.0002	0.0003	0.0001	0.0005	0.0003	0.0006	0.0004	0.0007	0.2094
15	105696366	M9868	0	0.0004	0.0004	0.0002	0.0002	0.0005	0.0897	0.0002	0.0311	0.0004
2	172383745	M9884	0	0.0001	0.0005	0.0007	0.0003	0.0003	0.031	0.0004	0.0004	0.0005
10	44523017	M9762	0	0.0004	0.0431	0.0004	0.0003	0.0003	0.0002	0.0006	0.0006	0.0003
9	130759615	M9733	0	0.0519	0.4919	0.3556	0.2987	0.3315	0.1184	0.1905	0.454	0.0005
13	37098512	M9894	0	0.0006	0.0003	0.0004	0.0001	0.0005	0.0002	0.0002	0.0309	0.0001
21	37107840	M9821	0	0.0003	0.0003	0.0001	0.0002	0.0115	0.0006	0.0003	0.0005	0.0002
4	99799398	M9827	0	0.0494	0.0003	0.0004	0.0007	0.0001	0.0001	0.0004	0.0002	0.0002
8	11036014	M9999	0	0.0002	0.0001	0.0005	0.0001	0.0005	0.0002	0.0385	0.0005	0.0003
13	118223284	M9777	0	0.0002	0.0002	0.0487	0.0006	0	0.0002	0.0002	0.0004	0.2379
3	32518155	M9755	0	0	0.0002	0.0006	0.0003	0.0001	0.0002	0.1245	0.0003	0.0001
5	92637122	M9731	0	0.0003	0.0007	0.1076	0.1201	0.0001	0.0362	0.1212	0.0004	0.2328
11	48590382	M9970	0	0.0003	0.0001	0.0004	0.0002	0.0002	0.0003	0.1778	0.0004	0.0005
10	135546317	M9771	0	0.0001	0.0001	0.0504	0.0001	0.0004	0.0002	0.0002	0.0004	0.2404
4	117564719	M9964	0	0.0008	0.0004	0.1333	0.0003	0.0006	0.0001	0.0004	0.0005	0.0002
1	4491176	M9971	0	0.0001	0.0005	0.0006	0.15	0.0004	0.0005	0.0002	0.0003	0.0009
17	12213344	M9799	0	0.0002	0.0002	0.0004	0.0003	0.3239	0.0005	0.0004	0.0004	0.0002
20	31133898	M9758	0	0.0001	0.0001	0.0001	0.0003	0.0116	0.0006	0.0002	0.0978	0.0003
12	52867425	M9746	0	0.0004	0.0006	0.0003	0.0005	0.0004	0.0322	0.0002	0.0004	0.0005
5	78504803	M9772	0	0.2504	0	0.0004	0.0001	0.0006	0	0	0.0001	0.0003
17	14388285	M9785	0	0.0003	0.0002	0.0003	0.0009	0.0003	0.0417	0.0003	0.0003	0.0002
11	10798463	M9813	0	0.0002	0.1914	0.0008	0.0004	0.0004	0.0004	0.0002	0.0007	0.0006
5	26281771	M9767	0	0.0002	0.1944	0.0002	0.0002	0.0001	0.0002	0.0364	0.0003	0.0003
17	47506537	M9745	0	0.0004	0.0573	0.3477	0.1441	0.3267	0.1202	0.0007	0.41	0.0005
6	85269603	M9802	0	0.0001	0.0002	0.0004	0.0002	0.0006	0.0397	0.0002	0.0002	0.0003
20	62984784	M9808	0	0.0006	0.05	0.0002	0.0001	0.0006	0.0003	0.0004	0.0003	0.0002
13	112607624	M9875	0	0.0003	0.0561	0.0004	0.0004	0.0003	0.0002	0.0005	0.0006	0.0003
21	50689511	M9850	0	0.0001	0.0003	0.0582	0.0003	0.0002	0.0004	0.0004	0.0005	0.0003
21	18882171	M10010	0	0.0002	0.0003	0.0003	0.0002	0.0005	0.0004	0.0003	0.0006	0.1846
15	82323608	M9737	0	0.0003	0.3023	0.3468	0.2959	0.3357	0.1242	0.1524	0.4493	0.0001
10	84138060	M9881	0	0.0005	0.0005	0.0004	0.15	0.0007	0	0.0004	0.0002	0.0001
20	8614791	M9996	0	0.0004	0.0003	0.0006	0.0005	0.0004	0.0002	0.0003	0.0004	0.2426
1	30734168	M9998	0	0.0003	0.0004	0.2127	0.0007	0.0002	0.0002	0.0005	0.0001	0.0008
8	42067466	M9839	0	0.0002	0.0003	0.0002	0.149	0.0001	0.0002	0.0003	0.0002	0.0006
23	5412955	M9768	0	0.0005	0.0501	0.0004	0.0004	0.0005	0.0004	0.0005	0.0007	0.0003
6	129359963	M9734	0	0.0004	0.0001	0.0006	0.0003	0.073	0.0004	0.1808	0.0007	0.2169
16	59529106	M9776	0	0.0004	0.1918	0.0005	0.0002	0.0004	0.0006	0.0004	0.0005	0.0003
16	37959992	M9780	0	0.0002	0.0006	0.0001	0.0004	0.0002	0.2794	0.0004	0.0005	0.0001
5	48246568	M9867	0	0.0005	0.0003	0.2064	0.0004	0.0003	0.0003	0	0.0003	0.0004
10	14205203	M9736	0	0.0002	0	0.1028	0.1188	0.0003	0.0374	0.0002	0.0003	0.2497
11	76470100	M9744	0	0.0001	0.0002	0.1132	0.1202	0.0005	0.0371	0.0004	0.0006	0.2466
7	17285702	M9815	0	0.0003	0.0003	0.0007	0.1507	0.0001	0.0003	0.0003	0.0495	0.0007
11	3359514	M9765	0	0.0003	0.2462	0.0004	0.1508	0.0002	0.0002	0.1567	0.051	0.0002
13	91113084	M9782	0	0.0005	0.0004	0.1415	0.0006	0.0005	0.0002	0.0005	0.0005	0.0005
1	109664056	M9769	0	0.0002	0.0001	0.0002	0.0001	0.0004	0.2704	0.0005	0.0004	0.0002
23	6574311	M9754	0	0.0004	0.048	0.2034	0.0003	0.3132	0.0003	0.0004	0.0004	0.0003
7	63857297	M9753	0	0.0002	0.0004	0.1085	0.1172	0.0001	0.0004	0.0003	0.0003	0.2449
10	601556	M9773	0	0.0005	0.0003	0.1383	0.0003	0.0007	0.0003	0.0004	0.0002	0.0001
17	56733335	M9837	0	0.1145	0.0003	0.0002	0.0001	0.0002	0.0002	0.0003	0.0002	0.0001
23	45187218	M9809	0	0.0006	0.0001	0.0004	0.0005	0.0006	0.278	0.0001	0.0005	0.0005
23	21375952	M9783	0	0.0001	0.0006	0.0483	0.0001	0.0004	0.0005	0.0004	0.0003	0.0002
10	36591593	M9804	0	0.2638	0.0003	0.0006	0.0002	0.0004	0.0003	0.0005	0.0001	0.0006
3	180457204	M9794	0	0.2561	0.0005	0	0.0004	0.0007	0.0004	0.0003	0.0001	0.0002
2	70607352	M9830	0	0.0002	0.0005	0.0593	0	0.0003	0.0007	0.0004	0.0003	0.0001
15	70252274	M10030	0	0.0002	0.2478	0.0006	0	0.0001	0.0004	0.0003	0.0002	0.0003
11	63772348	M9861	0	0.0004	0.0003	0.0003	0.155	0.0003	0.0002	0.0002	0.0003	0.0002
1	70337842	M9790	0	0.0006	0.0003	0.0005	0.0003	0.0002	0.0002	0.1286	0.0005	0.0003
22	26228941	M9743	0	0.0001	0.2007	0.0002	0.0003	0.0006	0.0006	0.0381	0.0003	0.0003
19	30023073	M9750	0	0.0002	0.2438	0.0004	0.153	0.0004	0.0002	0.1546	0.0479	0.0006
3	87127661	M9979	0	0.0006	0.0003	0	0.0002	0.0002	0.276	0.0003	0.0006	0.0003
6	168164028	M9946	0	0.0002	0.0001	0.0631	0.0001	0.0002	0.0001	0.0005	0.0005	0.0005
2	187578680	M9748	0	0.0003	0.0002	0.0003	0.0004	0.0124	0.0873	0.0002	0.4146	0.0007
13	62722860	M9913	0	0.0003	0.0003	0.0004	0.0004	0.0005	0.0343	0.0002	0.0005	0.0005
12	65774909	M9761	0	0.0006	0.0007	0	0.0007	0.0008	0.0821	0.0004	0.0323	0.0003
3	131506100	M9739	0	0.0519	0.0001	0.0003	0.0003	0.0002	0.0002	0.0004	0	0.0003
5	113307506	M9838	0	0.0002	0.1858	0.0005	0.0004	0.0003	0.0004	0.0003	0.0001	0.0003
18	52896182	M9826	0	0.0005	0.0002	0.0498	0.0004	0.0007	0	0	0.0005	0.0004
1	216090451	M9994	0	0.0006	0.0003	0.0499	0.0002	0.0004	0.0003	0.0001	0.0005	0
10	86191010	M9862	0	0.0002	0.0002	0.0003	0	0.0742	0.0002	0.1807	0.0004	0.0004
8	144794054	M9791	0	0.0005	0.0004	0.0001	0.0003	0.0117	0.0005	0.0003	0	0.0005
17	42379335	M9806	0	0.0003	0.0004	0.0001	0.1481	0.0003	0.0003	0.0004	0	0.0003
17	43695450	M9788	0	0.0005	0.0005	0.0005	0.0001	0.0004	0.0001	0.0004	0.0001	0.2417
7	148579706	M9938	0	0.0003	0.0001	0.0002	0.0003	0.0006	0.0006	0.0003	0.0004	0.0192
1	232168250	M9910	0	0.0002	0.0004	0.0008	0.0004	0.3207	0.0002	0.0004	0.0004	0.0002
19	32813420	M9834	0	0.0005	0.0001	0.0003	0.0004	0.0009	0.0007	0.0003	0.0004	0.2439
16	12238544	M9741	0	0.0005	0.0572	0.3457	0.1447	0.3295	0.1132	0.0004	0.4113	0.0001
10	100783289	M9842	0	0.0002	0.0004	0.0006	0.0001	0.0727	0.0003	0.1732	0.0004	0.0006
3	83001850	M9764	0	0.2495	0.0001	0.0003	0.0004	0.0004	0.0005	0.0005	0.0006	0
23	27553090	M9940	0	0.0005	0.0005	0.0005	0.0004	0.0003	0.2732	0	0.0001	0.0002
10	29503620	M9774	0	0.0004	0.0003	0.0004	0.0002	0	0.0003	0.0007	0.2733	0.0002
