#chrom	pos	desc	normal	sample1	sample2	sample3	sample4	sample5	sample6	sample7	sample8	sample9
23	30454905	M10004	0	0.132	0.001	0	0	0	0	0	0	0
16	9215202	M9872	0	0	0.242	0.001	0	0	0	0.001	0.001	0.001
23	23025195	M9729	0	0.27	0	0	0.001	0.073	0	0.169	0.001	0.225
10	14047324	M9951	0	0.001	0.205	0	0.001	0	0.001	0	0.002	0
10	92752135	M9792	0	0	0.254	0.002	0	0	0	0.144	0.001	0
11	108056815	M9732	0	0	0	0.108	0.116	0	0.052	0.12	0	0.246
17	11076038	M9874	0	0	0	0	0	0.321	0.002	0.001	0.001	0
15	52868943	M9870	0	0	0	0	0	0	0	0.001	0.286	0
3	94131525	M9752	0	0.001	0.001	0	0.001	0	0	0.001	0	0.213
15	105696366	M9868	0	0	0	0	0.001	0	0.084	0	0.033	0
2	172383745	M9884	0	0	0.001	0	0	0	0.035	0	0.001	0
10	44523017	M9762	0	0	0.048	0.001	0	0	0	0	0.001	0
9	130759615	M9733	0	0.05	0.48	0.357	0.323	0.308	0.113	0.186	0.462	0.001
13	37098512	M9894	0	0	0.001	0	0	0	0.001	0	0.027	0
21	37107840	M9821	0	0	0.001	0.001	0	0.012	0	0	0	0
4	99799398	M9827	0	0.057	0	0.001	0.002	0	0	0.001	0	0
8	11036014	M9999	0	0.001	0	0	0.001	0.001	0	0.044	0	0
13	118223284	M9777	0	0.001	0.002	0.054	0.001	0	0	0	0	0.258
3	32518155	M9755	0	0.001	0	0.001	0	0	0	0.134	0	0
5	92637122	M9731	0	0.001	0.001	0.108	0.126	0	0.033	0.117	0	0.243
11	48590382	M9970	0	0	0	0	0.001	0.002	0	0.182	0	0
10	135546317	M9771	0	0	0	0.044	0	0	0.001	0	0	0.221
4	117564719	M9964	0	0.001	0	0.142	0	0.001	0.001	0	0	0
1	4491176	M9971	0	0.001	0.002	0	0.149	0	0	0.001	0	0
17	12213344	M9799	0	0.001	0.001	0	0.002	0.313	0	0	0	0
20	31133898	M9758	0	0	0	0	0.002	0.019	0.002	0	0.104	0
12	52867425	M9746	0	0.001	0	0	0	0	0.043	0	0	0
5	78504803	M9772	0	0.254	0	0	0	0.001	0	0	0.001	0
17	14388285	M9785	0	0	0	0	0.001	0	0.042	0	0	0
11	10798463	M9813	0	0	0.194	0	0	0	0.001	0.001	0	0.001
5	26281771	M9767	0	0.001	0.186	0.001	0.001	0	0	0.038	0.002	0
17	47506537	M9745	0	0	0.056	0.343	0.16	0.337	0.12	0	0.425	0
6	85269603	M9802	0	0	0	0	0.001	0	0.035	0	0.001	0
20	62984784	M9808	0	0	0.059	0.001	0	0.001	0	0	0.001	0
13	112607624	M9875	0	0	0.054	0	0	0	0.001	0	0	0
21	50689511	M9850	0	0.002	0	0.06	0	0.001	0.001	0	0	0
21	18882171	M10010	0	0	0	0	0	0.001	0.001	0	0	0.209
15	82323608	M9737	0	0	0.289	0.347	0.28	0.323	0.115	0.154	0.465	0
10	84138060	M9881	0	0	0	0	0.153	0	0	0.001	0	0
20	8614791	M9996	0	0	0	0	0	0.001	0	0	0.002	0.249
1	30734168	M9998	0	0	0.002	0.197	0	0	0	0	0	0
8	42067466	M9839	0	0	0	0.002	0.162	0.001	0	0	0	0
23	5412955	M9768	0	0.001	0.064	0.001	0.001	0	0	0	0	0
6	129359963	M9734	0	0.001	0.002	0	0.001	0.066	0.001	0.194	0.001	0.23
16	59529106	M9776	0	0	0.186	0	0	0	0	0.001	0	0
16	37959992	M9780	0	0	0	0	0	0	0.258	0.001	0	0
5	48246568	M9867	0	0	0	0.206	0	0	0	0	0.002	0.001
10	14205203	M9736	0	0	0	0.098	0.121	0.001	0.042	0	0	0.228
11	76470100	M9744	0	0	0	0.121	0.107	0	0.04	0	0	0.237
7	17285702	M9815	0	0	0.001	0	0.156	0	0	0.001	0.056	0
11	3359514	M9765	0	0.001	0.25	0	0.159	0	0	0.158	0.058	0.001
13	91113084	M9782	0	0	0.001	0.142	0.001	0.001	0	0.001	0	0
1	109664056	M9769	0	0	0	0	0	0	0.241	0	0.002	0
23	6574311	M9754	0	0	0.049	0.213	0	0.296	0	0	0.001	0.004
7	63857297	M9753	0	0.001	0	0.093	0.135	0	0	0.001	0	0.243
10	601556	M9773	0	0.001	0	0.146	0	0	0	0	0	0
17	56733335	M9837	0	0.103	0	0	0.001	0	0	0	0	0
23	45187218	M9809	0	0	0.001	0.001	0	0	0.273	0	0.001	0
23	21375952	M9783	0	0	0.001	0.061	0.002	0	0	0.001	0	0
10	36591593	M9804	0	0.254	0	0	0	0.001	0	0	0.001	0
3	180457204	M9794	0	0.299	0	0.001	0	0.001	0	0	0	0
2	70607352	M9830	0	0.001	0	0.059	0.001	0.001	0	0	0	0
15	70252274	M10030	0	0	0.236	0.001	0	0.001	0	0	0.001	0
11	63772348	M9861	0	0	0	0	0.137	0.001	0	0	0.003	0.001
1	70337842	M9790	0	0	0	0	0	0	0.001	0.127	0.001	0
22	26228941	M9743	0	0	0.176	0	0	0	0	0.036	0	0.001
19	30023073	M9750	0	0.001	0.247	0.002	0.173	0.001	0	0.139	0.045	0
3	87127661	M9979	0	0	0	0	0	0	0.269	0.001	0	0
6	168164028	M9946	0	0	0	0.055	0	0	0.001	0.001	0	0
2	187578680	M9748	0	0.001	0	0.002	0	0.012	0.088	0	0.423	0.001
13	62722860	M9913	0	0	0	0	0	0	0.033	0	0	0.001
12	65774909	M9761	0	0	0.001	0	0	0	0.088	0	0.034	0
3	131506100	M9739	0	0.056	0.001	0.001	0.001	0.001	0	0.002	0	0
5	113307506	M9838	0	0	0.207	0	0	0	0	0	0	0
18	52896182	M9826	0	0.001	0	0.047	0.001	0	0.001	0	0	0
1	216090451	M9994	0	0.001	0	0.051	0	0	0	0	0	0
10	86191010	M9862	0	0.001	0	0	0	0.066	0	0.194	0	0
8	144794054	M9791	0	0	0	0	0	0.014	0	0	0	0
17	42379335	M9806	0	0.001	0	0	0.112	0	0.002	0	0	0.001
17	43695450	M9788	0	0	0	0.001	0	0.002	0.001	0.001	0	0.249
7	148579706	M9938	0	0	0.001	0	0	0	0.001	0	0	0.016
1	232168250	M9910	0	0	0	0	0	0.345	0	0	0.001	0.001
19	32813420	M9834	0	0	0	0	0	0	0.002	0.001	0	0.248
16	12238544	M9741	0	0	0.061	0.325	0.138	0.312	0.139	0	0.413	0.001
10	100783289	M9842	0	0	0.001	0.002	0.002	0.088	0	0.186	0.001	0
3	83001850	M9764	0	0.244	0.002	0	0.001	0	0	0	0	0
23	27553090	M9940	0	0	0.001	0	0.002	0.001	0.24	0.001	0.001	0
10	29503620	M9774	0	0	0.001	0	0	0	0	0.001	0.277	0.001
