#chrom	pos	desc	normal	sample1	sample2	sample3	sample4	sample5	sample6	sample7	sample8	sample9
23	30454905	M10004	0	0.1288	0	0	0	0	0	0	0	0
16	9215202	M9872	0	0	0.2461	0	0	0	0	0	0	0
23	23025195	M9729	0	0.2547	0	0	0	0.0734	0	0.1737	0	0.2149
10	14047324	M9951	0	0	0.2065	0	0	0	0	0	0	0
10	92752135	M9792	0	0	0.2461	0	0	0	0	0.1535	0	0
11	108056815	M9732	0	0	0	0.1068	0.1198	0	0.0384	0.1246	0	0.2408
17	11076038	M9874	0	0	0	0	0	0.3177	0	0	0	0
15	52868943	M9870	0	0	0	0	0	0	0	0	0.276	0
3	94131525	M9752	0	0	0	0	0	0	0	0	0	0.2149
15	105696366	M9868	0	0	0	0	0	0	0.0852	0	0.0322	0
2	172383745	M9884	0	0	0	0	0	0	0.0341	0	0	0
10	44523017	M9762	0	0	0.0435	0	0	0	0	0	0	0
9	130759615	M9733	0	0.0516	0.4899	0.3493	0.2963	0.3296	0.1193	0.1918	0.4608	0
13	37098512	M9894	0	0	0	0	0	0	0	0	0.0322	0
21	37107840	M9821	0	0	0	0	0	0.011	0	0	0	0
4	99799398	M9827	0	0.0516	0	0	0	0	0	0	0	0
8	11036014	M9999	0	0	0	0	0	0	0	0.0383	0	0
13	118223284	M9777	0	0	0	0.0484	0	0	0	0	0	0.2408
3	32518155	M9755	0	0	0	0	0	0	0	0.1246	0	0
5	92637122	M9731	0	0	0	0.1068	0.1198	0	0.0384	0.1246	0	0.2408
11	48590382	M9970	0	0	0	0	0	0	0	0.1803	0	0
10	135546317	M9771	0	0	0	0.0484	0	0	0	0	0	0.2408
4	117564719	M9964	0	0	0	0.1424	0	0	0	0	0	0
1	4491176	M9971	0	0	0	0	0.1525	0	0	0	0	0
17	12213344	M9799	0	0	0	0	0	0.3177	0	0	0	0
20	31133898	M9758	0	0	0	0	0	0.0119	0	0	0.1022	0
12	52867425	M9746	0	0	0	0	0	0	0.0341	0	0	0
5	78504803	M9772	0	0.2547	0	0	0	0	0	0	0	0
17	14388285	M9785	0	0	0	0	0	0	0.0384	0	0	0
11	10798463	M9813	0	0	0.1919	0	0	0	0	0	0	0
5	26281771	M9767	0	0	0.1919	0	0	0	0	0.0383	0	0
17	47506537	M9745	0	0	0.0518	0.3493	0.1438	0.3296	0.1193	0	0.4104	0
6	85269603	M9802	0	0	0	0	0	0	0.0384	0	0	0
20	62984784	M9808	0	0	0.0518	0	0	0	0	0	0	0
13	112607624	M9875	0	0	0.0518	0	0	0	0	0	0	0
21	50689511	M9850	0	0	0	0.0584	0	0	0	0	0	0
21	18882171	M10010	0	0	0	0	0	0	0	0	0	0.1941
15	82323608	M9737	0	0	0.298	0.3493	0.2963	0.3296	0.1193	0.1535	0.4608	0
10	84138060	M9881	0	0	0	0	0.1525	0	0	0	0	0
20	8614791	M9996	0	0	0	0	0	0	0	0	0	0.2408
1	30734168	M9998	0	0	0	0.2069	0	0	0	0	0	0
8	42067466	M9839	0	0	0	0	0.1525	0	0	0	0	0
23	5412955	M9768	0	0	0.0518	0	0	0	0	0	0	0
6	129359963	M9734	0	0	0	0	0	0.0734	0	0.1803	0	0.2149
16	59529106	M9776	0	0	0.1919	0	0	0	0	0	0	0
16	37959992	M9780	0	0	0	0	0	0	0.2722	0	0	0
5	48246568	M9867	0	0	0	0.2069	0	0	0	0	0	0
10	14205203	M9736	0	0	0	0.1068	0.1198	0	0.0384	0	0	0.2408
11	76470100	M9744	0	0	0	0.1068	0.1198	0	0.0384	0	0	0.2408
7	17285702	M9815	0	0	0	0	0.1525	0	0	0	0.0505	0
11	3359514	M9765	0	0	0.2461	0	0.1525	0	0	0.1535	0.0505	0
13	91113084	M9782	0	0	0	0.1424	0	0	0	0	0	0
1	109664056	M9769	0	0	0	0	0	0	0.2722	0	0	0
23	6574311	M9754	0	0	0.0518	0.2069	0	0.3177	0	0	0	0
7	63857297	M9753	0	0	0	0.1068	0.1198	0	0	0	0	0.2408
10	601556	M9773	0	0	0	0.1424	0	0	0	0	0	0
17	56733335	M9837	0	0.1118	0	0	0	0	0	0	0	0
23	45187218	M9809	0	0	0	0	0	0	0.2722	0	0	0
23	21375952	M9783	0	0	0	0.0484	0	0	0	0	0	0
10	36591593	M9804	0	0.2547	0	0	0	0	0	0	0	0
3	180457204	M9794	0	0.2547	0	0	0	0	0	0	0	0
2	70607352	M9830	0	0	0	0.0584	0	0	0	0	0	0
15	70252274	M10030	0	0	0.2461	0	0	0	0	0	0	0
11	63772348	M9861	0	0	0	0	0.1525	0	0	0	0	0
1	70337842	M9790	0	0	0	0	0	0	0	0.1246	0	0
22	26228941	M9743	0	0	0.1919	0	0	0	0	0.0383	0	0
19	30023073	M9750	0	0	0.2461	0	0.1525	0	0	0.1535	0.0505	0
3	87127661	M9979	0	0	0	0	0	0	0.2722	0	0	0
6	168164028	M9946	0	0	0	0.0584	0	0	0	0	0	0
2	187578680	M9748	0	0	0	0	0	0.0119	0.0852	0	0.4104	0
13	62722860	M9913	0	0	0	0	0	0	0.0341	0	0	0
12	65774909	M9761	0	0	0	0	0	0	0.0852	0	0.0322	0
3	131506100	M9739	0	0.0516	0	0	0	0	0	0	0	0
5	113307506	M9838	0	0	0.1919	0	0	0	0	0	0	0
18	52896182	M9826	0	0	0	0.0484	0	0	0	0	0	0
1	216090451	M9994	0	0	0	0.0484	0	0	0	0	0	0
10	86191010	M9862	0	0	0	0	0	0.0734	0	0.1803	0	0
8	144794054	M9791	0	0	0	0	0	0.0119	0	0	0	0
17	42379335	M9806	0	0	0	0	0.1438	0	0	0	0	0
17	43695450	M9788	0	0	0	0	0	0	0	0	0	0.2408
7	148579706	M9938	0	0	0	0	0	0	0	0	0	0.0208
1	232168250	M9910	0	0	0	0	0	0.3177	0	0	0	0
19	32813420	M9834	0	0	0	0	0	0	0	0	0	0.2408
16	12238544	M9741	0	0	0.0518	0.3493	0.1438	0.3296	0.1193	0	0.4104	0
10	100783289	M9842	0	0	0	0	0	0.0734	0	0.1803	0	0
3	83001850	M9764	0	0.2547	0	0	0	0	0	0	0	0
23	27553090	M9940	0	0	0	0	0	0	0.2722	0	0	0
10	29503620	M9774	0	0	0	0	0	0	0	0	0.276	0
