#chrom	pos	desc	normal	sample1	sample2	sample3	sample4	sample5	sample6	sample7	sample8	sample9	sample10	sample11	sample12	sample13	sample14
23	23025195	M9729	0	0.4515	0	0	0	0.1503	0	0	0.1894	0.4481	0	0	0.0306	0	0
10	92752135	M9792	0	0	0	0	0.124	0	0	0.1872	0	0	0	0	0	0	0
11	108056815	M9732	0	0	0.4233	0.1777	0.1275	0.1659	0	0	0.1033	0	0.4421	0	0.3523	0.4239	0.4653
21	29360910	M9817	0	0	0	0	0	0	0	0	0	0	0.4421	0	0	0	0
3	94131525	M9752	0	0.2385	0	0	0	0	0	0	0	0.4481	0	0	0	0	0
10	44523017	M9762	0	0	0	0	0	0.0872	0.2057	0.1672	0	0	0	0.1624	0	0	0
13	98720426	M9831	0	0	0	0	0	0	0	0	0.0837	0	0	0	0	0	0
19	55386946	M9840	0	0	0	0	0	0	0	0	0	0	0	0	0.0306	0	0
9	130759615	M9733	0	0	0.0131	0.3077	0.2942	0.0872	0.2274	0.4583	0.1401	0	0	0.4355	0.232	0	0
14	79607259	M9976	0	0	0.0131	0	0	0	0	0	0	0	0	0	0	0	0
15	64841128	M9855	0	0	0	0	0	0	0.0217	0	0	0	0	0	0	0	0
5	179928908	M9847	0	0.2385	0	0	0	0	0	0	0	0.4481	0	0	0	0	0
19	68592551	M9915	0	0	0.0131	0	0	0	0	0	0.0563	0	0	0	0	0	0
21	37107840	M9821	0	0	0	0	0	0	0	0	0	0	0	0	0.232	0	0
13	118223284	M9777	0	0	0	0	0.1275	0.1307	0	0	0	0	0	0	0	0	0
22	11427623	M9797	0	0.2385	0	0	0	0	0	0	0	0.4481	0	0	0	0	0
5	92637122	M9731	0	0	0.4233	0.1777	0.1275	0.1659	0	0	0.1033	0	0.4421	0	0.2138	0.4239	0.4653
11	48590382	M9970	0	0.213	0	0	0	0	0	0	0.1894	0	0	0	0	0	0
9	139791683	M10031	0	0.213	0	0	0	0	0	0	0	0	0	0	0	0	0
10	135546317	M9771	0	0	0.4233	0	0.1275	0.1307	0	0	0	0	0.4421	0	0	0.4239	0
19	32287421	M9898	0	0	0.4233	0	0	0	0	0	0	0	0	0	0	0.4239	0
20	31133898	M9758	0	0	0	0.3077	0	0	0	0.1039	0	0	0	0.0742	0.232	0	0
17	14388285	M9785	0	0	0	0	0	0.0352	0	0	0	0	0	0	0	0	0
5	78504803	M9772	0	0	0	0	0	0.1503	0	0	0	0	0	0	0	0	0
8	70997540	M9871	0	0	0	0.0605	0	0	0	0	0	0	0	0	0	0	0
5	26281771	M9767	0	0	0.0131	0	0	0	0	0	0.0563	0	0	0	0	0	0
9	1176454	M9893	0	0	0	0	0	0	0	0	0	0	0	0	0.0306	0	0
17	47506537	M9745	0	0	0	0.3077	0.1702	0.0872	0.2274	0.2711	0.0837	0	0	0.4355	0.232	0	0
20	62984784	M9808	0	0	0	0	0	0	0.2057	0	0	0	0	0.1624	0	0	0
6	159340722	M9941	0	0	0	0	0	0	0	0	0	0	0.4421	0	0	0	0
21	50689511	M9850	0	0	0	0.1777	0	0	0	0	0.0869	0	0	0	0	0	0.4653
15	82323608	M9737	0	0	0	0.3077	0.2942	0.0872	0.2274	0.4583	0.0837	0	0	0.4355	0.232	0	0
20	8614791	M9996	0	0	0	0	0	0.1307	0	0	0	0	0	0	0	0	0
1	30734168	M9998	0	0	0	0	0.1228	0	0	0	0	0	0	0	0	0	0
6	129359963	M9734	0	0.4515	0	0	0	0	0	0	0.1894	0.4481	0	0	0	0	0
23	5412955	M9768	0	0	0	0	0	0.0872	0.2057	0.1672	0	0	0	0.1624	0	0	0
1	54259839	M10019	0	0	0	0	0	0	0	0	0	0.4481	0	0	0	0	0
16	37959992	M9780	0	0	0	0	0	0	0.2498	0	0	0	0	0	0	0	0
5	48246568	M9867	0	0	0	0	0.1228	0	0	0	0	0	0	0	0	0	0
10	14205203	M9736	0	0	0.4233	0.1777	0.1275	0.1659	0	0	0.1033	0	0.4421	0	0.2138	0.4239	0.4653
11	76470100	M9744	0	0	0.4233	0.1777	0.1275	0.1659	0	0	0.1033	0	0.4421	0	0.1762	0.4239	0.4653
11	3359514	M9765	0	0	0	0	0.124	0	0	0.1872	0	0	0	0	0	0	0
1	109664056	M9769	0	0	0	0	0	0	0.2498	0	0	0	0	0	0	0	0
7	63857297	M9753	0	0	0.4233	0.1777	0.1275	0.1307	0	0	0.1033	0	0.4421	0	0	0.4239	0.4653
23	6574311	M9754	0	0	0	0	0.1228	0.0872	0.2057	0.1672	0.0837	0	0	0.1624	0	0	0
23	45187218	M9809	0	0	0	0	0	0	0.2498	0	0	0	0	0	0	0	0
3	180457204	M9794	0	0	0	0	0	0.1503	0	0	0	0	0	0	0	0	0
2	70607352	M9830	0	0	0	0.1777	0	0	0	0	0.1033	0	0	0	0	0	0.4653
22	26228941	M9743	0	0	0.0131	0	0	0	0	0	0.0563	0	0	0	0	0	0
16	99330038	M9793	0	0	0	0	0	0.0872	0	0.1672	0	0	0	0	0	0	0
14	25742675	M9985	0	0	0	0	0	0	0	0	0	0	0	0.1989	0	0	0
2	237778608	M9866	0	0	0	0	0.0474	0	0	0	0	0	0	0	0	0	0
19	30023073	M9750	0	0	0	0	0.124	0	0	0.1872	0	0	0	0	0	0	0
1	78174656	M9956	0	0	0	0	0	0	0	0	0	0	0	0	0	0.4239	0
3	87127661	M9979	0	0	0	0	0	0	0.2498	0	0	0	0	0	0	0	0
11	88380827	M10025	0	0	0	0	0	0	0	0	0.0563	0	0	0	0	0	0
2	187578680	M9748	0	0	0	0.3077	0	0	0.0217	0.1039	0	0	0	0.2731	0.232	0	0
12	65774909	M9761	0	0	0	0	0	0	0.0217	0	0	0	0	0.1989	0	0	0
22	42294171	M9860	0	0	0	0	0	0	0	0.1672	0	0	0	0	0	0	0
23	13874767	M9932	0	0	0	0.1777	0	0	0	0	0.1033	0	0	0	0	0	0.4653
10	86191010	M9862	0	0.213	0	0	0	0	0	0	0.1894	0	0	0	0	0	0
6	33791639	M9763	0	0	0	0	0	0	0	0.1039	0	0	0	0	0	0	0
8	144794054	M9791	0	0	0	0.0605	0	0	0	0	0	0	0	0	0.232	0	0
18	13686043	M9869	0	0	0	0	0	0	0	0	0	0	0	0	0.2138	0	0
17	43695450	M9788	0	0	0	0	0.1131	0.1307	0	0	0	0	0	0	0	0	0
11	33629801	M9977	0	0	0	0.1777	0	0	0	0	0	0	0	0	0	0	0
19	32813420	M9834	0	0	0	0	0	0.1307	0	0	0	0	0	0	0	0	0
10	100783289	M9842	0	0.213	0	0	0	0	0	0	0.1894	0	0	0	0	0	0
16	12238544	M9741	0	0	0	0.3077	0.1702	0.0872	0.2274	0.2711	0.0837	0	0	0.4355	0.232	0	0
3	83001850	M9764	0	0	0	0	0	0.1503	0	0	0	0	0	0	0	0	0
23	27553090	M9940	0	0	0	0	0	0	0.2498	0	0	0	0	0	0	0	0
