#chrom	pos	desc	normal	sample1	sample2	sample3	sample4	sample5	sample6	sample7	sample8	sample9
8	20149731	M9337	0	0	0.001	0	0	0	0	0	0.412	0
3	132531932	M9350	0	0.001	0.001	0.011	0	0	0	0	0.001	0.001
3	5490028	M9405	0	0.001	0.001	0.001	0.001	0	0	0.316	0	0
22	51136556	M10424	0	0	0	0.001	0.001	0	0	0.001	0.064	0
8	10796359	M9428	0	0	0	0	0	0.001	0	0	0	0.009
4	116567201	M9412	0	0.001	0	0	0.113	0.002	0	0	0.001	0
22	31660993	M9465	0	0.001	0	0	0	0	0	0.001	0.001	0.226
2	167737678	M10225	0	0	0	0.025	0	0	0	0	0.001	0
3	129297894	M9432	0	0	0	0	0.001	0.053	0	0.002	0	0.002
19	40381554	M9383	0	0	0.001	0	0.11	0	0	0.001	0	0.001
9	60268554	M9368	0	0	0	0.001	0	0	0	0.362	0	0
13	131068685	M9672	0	0	0	0.146	0	0.001	0	0	0	0
8	98976825	M9333	0	0.352	0	0	0.001	0	0	0.393	0.062	0.206
4	86430099	M9338	0	0	0.001	0.025	0.001	0	0	0	0	0
22	32499999	M9577	0	0	0	0	0	0	0.14	0	0	0
22	309305	M10158	0	0	0.001	0.001	0.057	0	0.001	0	0	0.001
12	55235532	M10589	0	0	0	0.001	0.001	0	0.002	0.103	0	0
4	2816620	M9739	0	0	0.001	0.002	0.105	0	0	0	0	0.002
23	38599413	M9427	0	0	0	0	0.001	0.171	0	0	0	0
15	37095056	M9332	0	0.075	0.001	0.017	0.1	0.19	0.001	0.086	0	0
18	23944726	M9534	0	0	0	0	0.104	0	0	0.001	0	0
8	67858571	M9357	0	0.001	0.001	0.001	0	0.001	0	0	0.064	0
6	160441252	M9354	0	0	0	0.001	0.001	0.146	0.204	0	0.001	0
19	35468229	M9381	0	0	0	0	0	0.002	0.097	0	0	0.001
11	10662351	M9441	0	0.001	0.001	0.02	0.001	0	0	0	0	0
3	55435244	M9628	0	0	0.348	0.001	0	0	0.001	0	0.001	0
17	3208146	M9402	0	0	0	0	0	0	0.002	0.002	0.001	0.203
5	61980018	M9376	0	0	0.001	0.148	0.002	0	0	0.001	0	0
22	17626933	M10463	0	0	0	0.001	0.093	0.001	0.001	0	0	0
1	129479408	M9360	0	0	0	0	0.001	0	0	0	0	0.184
3	94313434	M9375	0	0	0	0.143	0	0	0	0	0	0.001
22	17348928	M9395	0	0	0.001	0	0	0	0.249	0	0	0
1	188023726	M10427	0	0	0	0.001	0	0	0.001	0.001	0	0.201
11	18597181	M9344	0	0.001	0.001	0	0	0.186	0	0.146	0	0.001
18	14460103	M9461	0	0	0	0	0.001	0	0.231	0.001	0	0
4	24254988	M9386	0	0	0.357	0.154	0.124	0	0	0	0.001	0
14	8481064	M10063	0	0	0	0	0.001	0	0.104	0	0	0.001
21	47554013	M9512	0	0.348	0	0	0	0	0	0	0.001	0
4	157254657	M9359	0	0	0.001	0	0.001	0.085	0.111	0	0	0
8	64328277	M9691	0	0	0	0	0.001	0	0.001	0	0.001	0.214
23	12068684	M9355	0	0	0	0.001	0	0	0	0.001	0	0.007
12	92285199	M9336	0	0	0	0	0.112	0	0.001	0.001	0.001	0.196
1	89716528	M9339	0	0	0.001	0	0	0	0	0	0.001	0.348
3	170589623	M9688	0	0	0	0	0	0	0	0	0.062	0.001
8	149448820	M9645	0	0.001	0	0	0	0	0	0.375	0.001	0.001
9	59052351	M9358	0	0	0.001	0.001	0.088	0	0	0	0	0
12	100510368	M9335	0	0	0	0	0.001	0.082	0.123	0.001	0.001	0
4	164779241	M9453	0	0	0	0.136	0.101	0	0	0.001	0	0
15	100562088	M9334	0	0	0	0	0.064	0	0.14	0.002	0	0
13	2353544	M9892	0	0	0	0	0	0	0	0.148	0	0
15	42598457	M9380	0	0.352	0	0	0	0.001	0	0.001	0	0
6	95706946	M9330	0	0.321	0	0	0.119	0.139	0.191	0.385	0.059	0.419
6	48579287	M9361	0	0	0.001	0	0	0	0	0	0.414	0.001
3	160206930	M9462	0	0.003	0	0.001	0	0	0.001	0	0.06	0.001
10	44991842	M10281	0	0.355	0	0	0.001	0	0	0	0	0.001
7	56136868	M9363	0	0.001	0	0	0	0	0	0	0	0.335
23	25974156	M9751	0	0	0	0	0.001	0.087	0	0	0.001	0.001
14	7308841	M9880	0	0	0.001	0.155	0.099	0	0.001	0.001	0	0
4	125428591	M9397	0	0	0.001	0	0.001	0.002	0	0.001	0.057	0
22	26658235	M10412	0	0	0	0.138	0.001	0	0	0.001	0.001	0
20	43668751	M9356	0	0.072	0	0	0	0.001	0	0.001	0	0
14	55469613	M9437	0	0	0	0	0	0.189	0	0	0	0.001
22	25702380	M9513	0	0	0	0	0.001	0.001	0.119	0	0.001	0.001
5	51367776	M9399	0	0	0.001	0	0.001	0	0.129	0	0	0
18	76676498	M9400	0	0.001	0	0.001	0.002	0	0	0	0	0.206
18	53277569	M9331	0	0	0	0	0.001	0	0.001	0.001	0.415	0.011
7	54382538	M9579	0	0	0	0.001	0.001	0	0	0.001	0	0.353
