#chrom	pos	desc	normal	sample1	sample2	sample3	sample4	sample5	sample6	sample7	sample8	sample9
13	113144799	M3250	0	0.165	0.479	0.25	0.466	0.497	0.428	0.247	0.413	0.43
1	100947210	M3271	0	0.336	0.001	0.206	0	0	0	0.144	0	0.002
15	7386934	M3298	0	0	0	0.001	0	0	0	0	0	0.096
10	16229660	M3259	0	0	0.452	0.088	0.001	0	0	0.096	0.425	0
17	72792686	M3251	0	0.145	0.477	0.094	0.23	0	0	0.203	0.408	0.215
23	42628422	M3296	0	0	0	0.214	0	0	0	0	0	0
6	9845849	M3299	0	0	0	0	0.12	0	0	0	0	0
23	30817473	M3282	0	0	0	0	0.075	0	0	0	0	0
3	33349470	M3267	0	0.001	0	0	0	0.213	0.429	0	0.003	0
13	122005136	M3260	0	0	0	0.001	0.001	0	0	0	0	0.105
14	38063543	M3277	0	0	0	0	0	0	0	0.002	0	0.01
11	77240165	M3287	0	0	0	0	0	0	0	0	0	0.093
23	7878899	M3274	0	0	0	0	0.085	0	0.001	0	0.001	0.001
13	64426436	M3265	0	0	0.001	0	0	0	0	0	0	0.093
20	48666946	M3291	0	0.14	0.002	0	0	0	0	0.079	0	0
12	36896389	M3300	0	0	0	0.001	0	0	0	0.123	0	0.001
5	68693568	M3256	0	0	0.473	0.081	0	0	0	0.111	0.466	0.102
16	54985169	M3264	0	0.001	0.002	0	0	0	0	0.107	0.001	0
3	189203656	M3268	0	0	0.468	0.001	0	0	0	0	0.456	0.001
4	48709532	M3257	0	0.001	0	0	0	0.208	0.402	0	0	0
22	6167831	M3283	0	0	0	0	0	0	0	0.073	0	0.001
22	24505891	M3266	0	0	0	0.001	0.157	0	0	0	0.001	0.001
10	133208052	M3253	0	0.139	0.002	0.002	0.001	0.002	0.003	0.081	0.001	0.104
18	72519583	M3252	0	0.001	0	0.147	0.219	0.516	0.386	0.086	0	0.238
11	76074205	M3286	0	0	0.433	0	0.001	0.001	0	0	0.437	0
20	7003511	M3289	0	0	0	0.22	0	0	0	0	0.001	0
9	103841654	M3254	0	0	0	0	0.214	0.226	0.401	0	0.001	0.001
16	96796739	M3293	0	0	0.001	0.002	0	0	0.001	0	0	0.018
