#chrom	pos	desc	normal	sample1	sample2	sample3	sample4	sample5	sample6	sample7	sample8	sample9
13	113144799	M3250	0	0.16	0.4755	0.2403	0.4654	0.4942	0.4125	0.2696	0.4413	0.4399
1	100947210	M3271	0	0.3048	0	0.2007	0	0	0	0.1467	0	0
15	7386934	M3298	0	0	0	0	0	0	0	0	0	0.1056
10	16229660	M3259	0	0	0.4755	0.0862	0	0	0	0.1084	0.4413	0
17	72792686	M3251	0	0.16	0.4755	0.0862	0.2321	0	0	0.1846	0.4413	0.2145
23	42628422	M3296	0	0	0	0.2007	0	0	0	0	0	0
6	9845849	M3299	0	0	0	0	0.1274	0	0	0	0	0
23	30817473	M3282	0	0	0	0	0.0777	0	0	0	0	0
3	33349470	M3267	0	0	0	0	0	0.1997	0.4125	0	0	0
13	122005136	M3260	0	0	0	0	0	0	0	0	0	0.0995
14	38063543	M3277	0	0	0	0	0	0	0	0	0	0.0119
11	77240165	M3287	0	0	0	0	0	0	0	0	0	0.0995
23	7878899	M3274	0	0	0	0	0.0777	0	0	0	0	0
13	64426436	M3265	0	0	0	0	0	0	0	0	0	0.0995
20	48666946	M3291	0	0.16	0	0	0	0	0	0.0762	0	0
12	36896389	M3300	0	0	0	0	0	0	0	0.1084	0	0
5	68693568	M3256	0	0	0.4755	0.0862	0	0	0	0.1084	0.4413	0.0995
16	54985169	M3264	0	0	0	0	0	0	0	0.1084	0	0
3	189203656	M3268	0	0	0.4755	0	0	0	0	0	0.4413	0
4	48709532	M3257	0	0	0	0	0	0.1997	0.4125	0	0	0
22	6167831	M3283	0	0	0	0	0	0	0	0.085	0	0
22	24505891	M3266	0	0	0	0	0.1387	0	0	0	0	0
10	133208052	M3253	0	0.16	0	0	0	0	0	0.0762	0	0.1056
18	72519583	M3252	0	0	0	0.1541	0.2051	0.4942	0.4125	0.085	0	0.2229
11	76074205	M3286	0	0	0.4755	0	0	0	0	0	0.4413	0
20	7003511	M3289	0	0	0	0.2007	0	0	0	0	0	0
9	103841654	M3254	0	0	0	0	0.2051	0.1997	0.4125	0	0	0
16	96796739	M3293	0	0	0	0	0	0	0	0	0	0.0119
