#chrom	pos	desc	normal	sample1	sample2	sample3	sample4	sample5	sample6	sample7	sample8	sample9
13	113144799	M3250	0	0.1657	0.4819	0.2354	0.468	0.4865	0.4144	0.2637	0.449	0.4357
1	100947210	M3271	0	0.3082	0.0004	0.2101	0.0002	0.0003	0.0005	0.1479	0	0.0003
15	7386934	M3298	0	0.0002	0.0003	0.0007	0.0005	0.0002	0.0003	0.0004	0.0003	0.1016
10	16229660	M3259	0	0.0004	0.4763	0.0867	0.0002	0.0003	0.0006	0.106	0.4348	0.0004
17	72792686	M3251	0	0.1574	0.4742	0.0902	0.2383	0.0005	0.0001	0.1893	0.4439	0.2108
23	42628422	M3296	0	0.0002	0.0006	0.1962	0.0005	0.0004	0.0003	0.0005	0.0003	0.0002
6	9845849	M3299	0	0.0006	0.0003	0.0003	0.1244	0.0005	0	0.0003	0.0004	0.0004
23	30817473	M3282	0	0.0003	0.0002	0.0002	0.0785	0.0003	0	0.0007	0.0002	0.0001
3	33349470	M3267	0	0.0003	0.0003	0.0006	0	0.1987	0.4094	0.0005	0.0002	0
13	122005136	M3260	0	0.0002	0.0003	0.0005	0.0004	0.0003	0.0001	0.0007	0	0.1028
14	38063543	M3277	0	0.0004	0.0005	0.0003	0.0003	0.0001	0.0005	0.0004	0.0003	0.0128
11	77240165	M3287	0	0.0004	0.0002	0.0007	0.0002	0.0001	0.0005	0.0003	0.0003	0.1015
23	7878899	M3274	0	0.0005	0.0002	0.0002	0.0774	0.0002	0.0001	0.0003	0.0007	0.0001
13	64426436	M3265	0	0.0007	0.0003	0.0003	0.0004	0.0001	0.0005	0.0006	0.0003	0.1025
20	48666946	M3291	0	0.1671	0.0003	0.0002	0.0005	0.0001	0.0005	0.0747	0.0003	0.0002
12	36896389	M3300	0	0.0002	0.0001	0.0008	0.0001	0.0003	0.0003	0.1073	0.0002	0.0002
5	68693568	M3256	0	0.0006	0.4787	0.0857	0.0003	0.0004	0.0004	0.1066	0.4434	0.1017
16	54985169	M3264	0	0.0008	0.0004	0.0003	0.0004	0.0005	0.0005	0.1094	0.0003	0.0004
3	189203656	M3268	0	0.0002	0.4784	0.0001	0.0003	0.0002	0.0004	0.0004	0.4392	0.0003
4	48709532	M3257	0	0.0002	0.0004	0.0004	0.0004	0.1999	0.4089	0.0002	0.0007	0.0001
22	6167831	M3283	0	0.0001	0.0003	0.0002	0.0005	0.0001	0.0004	0.0901	0.0005	0.0004
22	24505891	M3266	0	0.0003	0	0.0003	0.1386	0.0001	0.0002	0.0003	0.0003	0.0004
10	133208052	M3253	0	0.1549	0.0002	0.0004	0.0002	0.0001	0.0006	0.0782	0.0003	0.1045
18	72519583	M3252	0	0.0005	0.0004	0.158	0.2064	0.4876	0.4178	0.0818	0.0003	0.2178
11	76074205	M3286	0	0.0003	0.4837	0.0002	0.0004	0.0005	0.0003	0.0005	0.4409	0.0003
20	7003511	M3289	0	0.0001	0.0007	0.2006	0.0001	0.0002	0.0004	0.0004	0.0003	0.0003
9	103841654	M3254	0	0.0005	0.0007	0.0006	0.2127	0.1988	0.4192	0.0005	0.0005	0.0001
16	96796739	M3293	0	0.0003	0.0004	0	0.0002	0.0002	0.0001	0.0002	0.0006	0.0128
