#chrom	pos	desc	normal	sample1	sample2	sample3	sample4	sample5	sample6	sample7	sample8	sample9
15	98979837	M1142	0	0	0	0.138	0	0	0.001	0.003	0	0.086
16	13536930	M1134	0	0	0.162	0.094	0.002	0.166	0.217	0	0	0
23	15157936	M1130	0	0.001	0.016	0	0	0	0	0	0.229	0
12	67207662	M1217	0	0	0.022	0	0	0.001	0.001	0	0	0
22	55549081	M1196	0	0	0	0	0.409	0	0	0	0	0.002
11	91537404	M1148	0	0	0.188	0	0.001	0	0	0.001	0	0
18	11310044	M1235	0	0	0	0.001	0.001	0	0	0	0.243	0.001
14	104127231	M1239	0	0	0.001	0	0	0.126	0	0	0.081	0
7	45903925	M1215	0	0	0.002	0	0	0	0	0	0	0.084
3	53766092	M1143	0	0	0.107	0	0	0	0	0	0	0.001
5	153668843	M1180	0	0.069	0	0.001	0.001	0	0	0.001	0	0.001
7	55560495	M1194	0	0	0	0.092	0	0.001	0	0.001	0	0.001
10	27489948	M1165	0	0	0	0	0	0	0	0.118	0	0.001
12	61354316	M1135	0	0	0	0.084	0.001	0	0	0.268	0	0
14	9867415	M1152	0	0	0	0	0	0.148	0	0	0.102	0
2	168312939	M1149	0	0.001	0	0	0	0	0	0.03	0.002	0
15	48528139	M1191	0	0.001	0	0	0	0.145	0	0	0.097	0
11	15861721	M1173	0	0	0.156	0.002	0.001	0	0	0	0.001	0.001
18	54256867	M1195	0	0.235	0	0.167	0.002	0	0	0	0	0.386
5	53682754	M1150	0	0	0.021	0	0	0	0	0	0	0
5	164429291	M1145	0	0	0	0.089	0	0.001	0.202	0	0	0.001
20	57786632	M1151	0	0.07	0.001	0	0	0.001	0	0	0.063	0
10	90556994	M1160	0	0	0	0.09	0	0.001	0.222	0	0	0.002
22	47955469	M1190	0	0.067	0	0	0.002	0	0.001	0	0	0.002
17	87797120	M1193	0	0.001	0	0	0.002	0	0.001	0	0	0
20	50428405	M1154	0	0	0.167	0	0	0.001	0	0	0	0
3	119886383	M1210	0	0.001	0	0.106	0	0	0	0.001	0	0.002
22	30862193	M1128	0	0.085	0.138	0.091	0.001	0.15	0	0.282	0.339	0
10	55191438	M1162	0	0.261	0	0.179	0	0	0	0	0	0.376
1	84770470	M1163	0	0	0	0	0.406	0.001	0	0	0	0
23	44691975	M1232	0	0.086	0	0	0	0.001	0.001	0	0	0.001
19	1772353	M1158	0	0	0.001	0	0	0	0.001	0.003	0	0
20	53387889	M1188	0	0.001	0.002	0	0	0.001	0	0.025	0.001	0
16	32283802	M1137	0	0.05	0.001	0.001	0	0	0	0	0	0.002
8	117001725	M1240	0	0	0.181	0	0.001	0	0.001	0	0	0.001
11	31151189	M1129	0	0	0	0	0.424	0.001	0.2	0.001	0.003	0.001
15	29079668	M1201	0	0.002	0.186	0	0	0	0.001	0	0	0
17	31384080	M1132	0	0.004	0.084	0	0	0.128	0	0	0.091	0.001
10	9679018	M1223	0	0	0	0	0.001	0	0.206	0	0	0
6	93589328	M1186	0	0	0.001	0.001	0	0.001	0	0	0.214	0
12	89681983	M1131	0	0.089	0	0.142	0	0.138	0	0.113	0.068	0.088
18	26059301	M1140	0	0.001	0	0	0	0	0.223	0	0.001	0
23	47490463	M1141	0	0	0.003	0	0	0	0.002	0	0.237	0
