#chrom	pos	desc	normal	sample1	sample2	sample3	sample4	sample5	sample6	sample7	sample8	sample9
15	98979837	M1142	0	0	0	0.1371	0	0	0	0.0013	0	0.0914
16	13536930	M1134	0	0	0.1813	0.0859	0	0.1633	0.2144	0	0	0
23	15157936	M1130	0	0	0.0203	0	0	0	0	0	0.232	0
12	67207662	M1217	0	0	0.0203	0	0	0	0	0	0	0
22	55549081	M1196	0	0	0	0	0.4228	0	0	0	0	0
11	91537404	M1148	0	0	0.1815	0	0	0	0	0	0	0
18	11310044	M1235	0	0	0	0	0	0	0	0	0.232	0
14	104127231	M1239	0	0	0	0	0	0.1371	0	0	0.0952	0
7	45903925	M1215	0	0	0	0	0	0	0	0	0	0.0914
3	53766092	M1143	0	0	0.1099	0	0	0	0	0	0	0
5	153668843	M1180	0	0.0752	0	0	0	0	0	0	0	0
7	55560495	M1194	0	0	0	0.0859	0	0	0	0	0	0
10	27489948	M1165	0	0	0	0	0	0	0	0.1155	0	0
12	61354316	M1135	0	0	0	0.0849	0	0	0	0.2652	0	0
14	9867415	M1152	0	0	0	0	0	0.1371	0	0	0.0952	0
2	168312939	M1149	0	0	0	0	0	0	0	0.0315	0	0
15	48528139	M1191	0	0	0	0	0	0.1371	0	0	0.0952	0
11	15861721	M1173	0	0	0.1815	0	0	0	0	0	0	0
18	54256867	M1195	0	0.2538	0	0.168	0	0	0	0	0	0.3754
5	53682754	M1150	0	0	0.0203	0	0	0	0	0	0	0
5	164429291	M1145	0	0	0	0.0859	0	0	0.2144	0	0	0
20	57786632	M1151	0	0.0604	0	0	0	0	0	0	0.0737	0
10	90556994	M1160	0	0	0	0.0859	0	0	0.2144	0	0	0
22	47955469	M1190	0	0.0604	0	0	0	0	0	0	0	0
17	87797120	M1193	0	0	0	0	0	0	0	0.0013	0	0
20	50428405	M1154	0	0	0.1813	0	0	0	0	0	0	0
3	119886383	M1210	0	0	0	0.0849	0	0	0	0	0	0
22	30862193	M1128	0	0.0752	0.1301	0.0849	0	0.1371	0	0.2968	0.3273	0
10	55191438	M1162	0	0.2538	0	0.168	0	0	0	0	0	0.3754
1	84770470	M1163	0	0	0	0	0.4228	0	0	0	0	0
23	44691975	M1232	0	0.0752	0	0	0	0	0	0	0	0
19	1772353	M1158	0	0	0	0	0	0	0	0.0013	0	0
20	53387889	M1188	0	0	0	0	0	0	0	0.0315	0	0
16	32283802	M1137	0	0.0368	0	0	0	0	0	0	0	0
8	117001725	M1240	0	0	0.1813	0	0	0	0	0	0	0
11	31151189	M1129	0	0	0	0	0.4228	0	0.2023	0	0	0
15	29079668	M1201	0	0	0.1815	0	0	0	0	0	0	0
17	31384080	M1132	0	0	0.1099	0	0	0.1371	0	0	0.0952	0
10	9679018	M1223	0	0	0	0	0	0	0.2144	0	0	0
6	93589328	M1186	0	0	0	0	0	0	0	0	0.232	0
12	89681983	M1131	0	0.0972	0	0.1371	0	0.1412	0	0.1168	0.0737	0.0914
18	26059301	M1140	0	0	0	0	0	0	0.2023	0	0	0
23	47490463	M1141	0	0	0	0	0	0	0	0	0.232	0
