#chrom	pos	desc	normal	sample1	sample2	sample3	sample4	sample5	sample6	sample7	sample8	sample9
22	38095938	M188	0	0	0.144	0	0	0	0.142	0	0	0
12	30583469	M237	0	0	0.114	0	0	0	0.001	0	0.001	0
4	29498076	M171	0	0	0	0.061	0.001	0	0	0	0	0
14	38306447	M167	0	0	0.001	0	0.002	0.001	0.14	0	0	0.001
4	160586729	M242	0	0	0	0.164	0	0.001	0	0.001	0	0
21	13436261	M151	0	0	0.126	0	0	0	0.179	0.198	0	0.001
19	64017674	M144	0	0.001	0	0.001	0	0.111	0	0	0.001	0
18	4965856	M158	0	0	0.134	0.002	0	0	0.154	0.198	0.001	0.001
14	26068383	M205	0	0	0	0	0	0	0	0.172	0.193	0.001
5	43406911	M209	0	0.002	0	0.078	0	0	0	0.001	0	0
20	28217887	M182	0	0	0.099	0	0	0	0	0	0.001	0.002
17	44147125	M178	0	0.001	0	0	0.191	0	0	0	0	0.224
17	63994785	M221	0	0.009	0.001	0	0.001	0	0	0.001	0	0
15	46662801	M213	0	0	0.124	0	0.002	0	0.001	0	0	0.001
3	162435192	M183	0	0	0.001	0.172	0	0	0	0.001	0	0.017
20	4186316	M203	0	0	0	0	0	0.002	0	0.209	0	0
13	3696965	M145	0	0.401	0.238	0.362	0.276	0.153	0.276	0.386	0.493	0.338
16	53623729	M175	0	0.001	0.131	0	0	0	0	0	0.001	0
9	131886382	M217	0	0	0.001	0	0	0	0.099	0	0.146	0
22	25300373	M215	0	0.411	0.001	0	0	0.001	0.002	0	0	0
7	157868463	M152	0	0	0.041	0.077	0.001	0	0.16	0.001	0	0
22	4039086	M253	0	0	0	0.001	0.001	0.001	0	0.081	0.001	0
17	63083191	M256	0	0.001	0.121	0	0	0	0	0	0	0
16	60985544	M159	0	0.002	0	0	0	0	0.152	0	0.001	0
11	87545774	M193	0	0	0.001	0.001	0	0.001	0.001	0	0.001	0.131
9	127344248	M143	0	0.434	0.249	0.333	0.405	0.16	0.238	0.364	0.536	0.329
11	112438801	M148	0	0.431	0	0.163	0.264	0.146	0.116	0.149	0.317	0.334
12	80783405	M218	0	0	0	0	0	0	0	0	0	0.134
18	74560025	M149	0	0.001	0.001	0	0	0.249	0	0.087	0.001	0
12	100265205	M185	0	0.431	0	0.003	0	0	0.001	0	0	0
23	33731542	M162	0	0.001	0	0	0	0	0	0.16	0.179	0.101
17	77261575	M156	0	0	0	0	0	0	0	0.088	0.001	0
11	16147988	M173	0	0	0	0	0	0.001	0	0.093	0	0.001
13	6687859	M147	0	0.001	0	0	0.116	0.001	0.001	0	0	0.002
12	31071508	M146	0	0	0.059	0.073	0	0.001	0.133	0.001	0.001	0.001
8	82321390	M176	0	0	0	0	0	0.001	0.001	0	0.001	0.109
11	33769255	M197	0	0	0.001	0	0	0	0	0	0.18	0
9	19701467	M165	0	0	0.001	0	0.173	0.132	0.099	0.001	0.159	0.21
6	13488036	M153	0	0.427	0	0.001	0	0	0	0	0.001	0
10	81836058	M192	0	0.001	0.001	0	0.02	0	0.102	0.001	0.134	0
9	47286756	M155	0	0	0	0	0.281	0.149	0.098	0	0.137	0.236
1	58977087	M194	0	0	0	0	0.18	0.001	0.001	0	0	0.001
5	171129162	M168	0	0	0	0	0	0	0	0	0	0.126
6	7346372	M210	0	0	0	0	0	0.002	0	0.096	0	0
4	51743611	M160	0	0	0.138	0	0.002	0	0	0	0	0
15	46950481	M258	0	0.417	0	0	0	0.001	0	0.001	0.001	0.002
20	17310306	M211	0	0	0	0.001	0	0	0	0.001	0	0.108
