#chrom	pos	desc	normal	sample1	sample2	sample3	sample4	sample5	sample6	sample7	sample8	sample9
22	38095938	M188	0	0	0.1286	0	0	0	0.1577	0	0	0
12	30583469	M237	0	0	0.1288	0	0	0	0	0	0	0
4	29498076	M171	0	0	0	0.0663	0	0	0	0	0	0
14	38306447	M167	0	0	0	0	0	0	0.148	0	0	0
4	160586729	M242	0	0	0	0.1725	0	0	0	0	0	0
21	13436261	M151	0	0	0.1286	0	0	0	0.1577	0.2064	0	0
19	64017674	M144	0	0	0	0	0	0.1054	0	0	0	0
18	4965856	M158	0	0	0.1286	0	0	0	0.1577	0.2064	0	0
14	26068383	M205	0	0	0	0	0	0	0	0.1649	0.1697	0
5	43406911	M209	0	0	0	0.0663	0	0	0	0	0	0
20	28217887	M182	0	0	0.1192	0	0	0	0	0	0	0
17	44147125	M178	0	0	0	0	0.1696	0	0	0	0	0.2196
17	63994785	M221	0	0.0057	0	0	0	0	0	0	0	0
15	46662801	M213	0	0	0.1192	0	0	0	0	0	0	0
3	162435192	M183	0	0	0	0.1725	0	0	0	0	0	0.0198
20	4186316	M203	0	0	0	0	0	0	0	0.2064	0	0
13	3696965	M145	0	0.4184	0.2478	0.3546	0.2775	0.1498	0.2554	0.3713	0.4909	0.3396
16	53623729	M175	0	0	0.1288	0	0	0	0	0	0	0
9	131886382	M217	0	0	0	0	0	0	0.0977	0	0.1363	0
22	25300373	M215	0	0.4184	0	0	0	0	0	0	0	0
7	157868463	M152	0	0	0.0513	0.0663	0	0	0.148	0	0	0
22	4039086	M253	0	0	0	0	0	0	0	0.0872	0	0
17	63083191	M256	0	0	0.1192	0	0	0	0	0	0	0
16	60985544	M159	0	0	0	0	0	0	0.148	0	0	0
11	87545774	M193	0	0	0	0	0	0	0	0	0	0.1339
9	127344248	M143	0	0.4241	0.2478	0.3546	0.4141	0.1498	0.2554	0.3713	0.4909	0.3396
11	112438801	M148	0	0.4184	0	0.1725	0.2775	0.1498	0.0977	0.1649	0.3059	0.3396
12	80783405	M218	0	0	0	0	0	0	0	0	0	0.1339
18	74560025	M149	0	0	0	0	0	0.2361	0	0.0872	0	0
12	100265205	M185	0	0.4184	0	0	0	0	0	0	0	0
23	33731542	M162	0	0	0	0	0	0	0	0.1649	0.1697	0.1002
17	77261575	M156	0	0	0	0	0	0	0	0.0872	0	0
11	16147988	M173	0	0	0	0	0	0	0	0.0872	0	0
13	6687859	M147	0	0	0	0	0.1366	0	0	0	0	0
12	31071508	M146	0	0	0.0513	0.0663	0	0	0.148	0	0	0
8	82321390	M176	0	0	0	0	0	0	0	0	0	0.1002
11	33769255	M197	0	0	0	0	0	0	0	0	0.185	0
9	19701467	M165	0	0	0	0	0.194	0.1498	0.0977	0	0.1363	0.2196
6	13488036	M153	0	0.4184	0	0	0	0	0	0	0	0
10	81836058	M192	0	0	0	0	0.0244	0	0.0977	0	0.1363	0
9	47286756	M155	0	0	0	0	0.2775	0.1498	0.0977	0	0.1363	0.2196
1	58977087	M194	0	0	0	0	0.1696	0	0	0	0	0
5	171129162	M168	0	0	0	0	0	0	0	0	0	0.1339
6	7346372	M210	0	0	0	0	0	0	0	0.0872	0	0
4	51743611	M160	0	0	0.1288	0	0	0	0	0	0	0
15	46950481	M258	0	0.4184	0	0	0	0	0	0	0	0
20	17310306	M211	0	0	0	0	0	0	0	0	0	0.1002
