#chrom	pos	desc	normal	sample1	sample2	sample3	sample4	sample5	sample6	sample7	sample8	sample9
18	2450457	M331	0	0.0615	0	0	0	0	0	0	0	0.2948
11	46744577	M344	0	0	0	0.0838	0	0	0	0	0	0
18	28911127	M326	0	0.0591	0	0	0	0	0	0	0	0
17	86504168	M283	0	0	0	0	0	0	0	0	0.4181	0
16	53091867	M252	0	0	0	0	0.078	0	0	0	0	0
23	10957930	M296	0	0	0	0.0895	0	0	0	0	0	0
11	120385872	M323	0	0	0	0	0.1656	0	0	0	0	0
8	149895159	M338	0	0	0.2071	0	0	0	0	0	0	0
7	41791112	M290	0	0	0	0	0	0.2218	0	0.2341	0	0
21	28357411	M317	0	0	0.1042	0	0	0	0	0	0	0.1203
20	28889555	M353	0	0.0615	0	0	0	0	0	0	0	0
18	37109764	M242	0	0.3498	0	0.099	0.4387	0.2495	0.4443	0.1309	0	0
7	88323955	M346	0	0	0	0	0	0.2218	0	0	0	0
12	101427687	M271	0	0	0	0.0895	0	0	0	0	0	0
14	114613449	M351	0	0	0.1042	0	0	0	0	0	0	0
11	63506427	M342	0	0.0591	0	0	0	0	0	0	0	0
12	89140772	M335	0	0	0	0	0.1951	0	0	0	0	0
2	72496176	M287	0	0	0	0	0.1951	0	0.4443	0	0	0
22	32011012	M336	0	0	0	0	0	0	0	0.1897	0	0
2	78954181	M251	0	0.069	0	0.099	0.1951	0.2495	0.4443	0	0	0
19	8944258	M274	0	0.069	0	0.099	0.1951	0	0.4443	0	0	0
18	66970632	M243	0	0.0615	0.4953	0.309	0	0.2218	0	0.3345	0.4181	0.4151
2	225564809	M267	0	0	0	0	0.1656	0	0	0	0	0
21	49968159	M337	0	0	0	0.0895	0	0	0	0	0	0
21	20681079	M281	0	0	0	0	0	0	0.0043	0	0	0
13	18980866	M253	0	0.0615	0.2882	0	0	0	0	0	0	0.4151
4	147626808	M302	0	0	0	0	0	0	0.0043	0	0	0
20	9448272	M270	0	0	0.2071	0.1357	0	0	0	0.1003	0	0
13	35163440	M268	0	0.069	0	0.099	0.1951	0.2495	0.4443	0	0	0
9	116246277	M264	0	0.0615	0.2882	0	0	0	0	0	0	0.4151
16	58478106	M241	0	0.0615	0.4953	0.309	0	0.2218	0	0.3345	0.4181	0.4151
6	29523272	M246	0	0.2217	0	0	0.1656	0	0	0	0	0
1	10889706	M278	0	0	0.2882	0	0	0	0	0	0	0.1203
14	21532427	M301	0	0	0.2071	0.1357	0	0	0	0.1003	0	0
10	4317102	M282	0	0.0591	0	0	0	0	0	0.1309	0	0
8	95145812	M303	0	0	0	0	0.078	0	0	0	0	0
5	51201776	M260	0	0.0615	0.2882	0	0	0	0	0	0	0.4151
