#chrom	pos	desc	normal	sample1	sample2	sample3	sample4	sample5	sample6	sample7	sample8	sample9	sample10	sample11	sample12	sample13	sample14
17	21083824	M11068	0	0.0008	0.0003	0.0004	0.0001	0.0004	0.0005	0.0002	0.0004	0.0005	0.0001	0.0002	0.0001	0.0198	0.0001
14	40460833	M10744	0	0.0005	0.0003	0.0003	0.0001	0.0004	0.0003	0.0005	0.0003	0.0005	0.1673	0.0876	0.0002	0.0002	0.0005
23	2709978	M10672	0	0.0004	0.0003	0.2053	0.0005	0.0003	0.0006	0.0002	0.0006	0.0004	0	0.0003	0.0004	0.0004	0.0001
7	81787466	M10936	0	0.0004	0.0004	0.0005	0.0004	0.0002	0.0004	0.0002	0.0002	0.0004	0.0005	0.1053	0.0004	0.0005	0.0002
3	110188312	M10758	0	0.0002	0.0008	0.1177	0.0006	0.0003	0.0001	0.0002	0	0.0007	0.0001	0.0004	0.0004	0.0008	0.0001
23	8848627	M11024	0	0.0003	0.0003	0.0001	0.0002	0.0002	0.0002	0.0003	0.0003	0.2192	0.0005	0.0003	0.0007	0.1751	0.0003
12	16453021	M10803	0	0.0005	0.0003	0.0002	0.0005	0.0003	0.0001	0.0005	0.0006	0.0004	0.0001	0.077	0.0004	0.0002	0.0003
2	99635645	M10589	0	0.0005	0.4174	0.3179	0.0006	0.2528	0.3736	0.1515	0.5959	0.1962	0.0003	0.0004	0.2586	0.1424	0.4754
1	175012370	M10606	0	0.0004	0.0004	0.0003	0.4393	0.1632	0.0004	0.0002	0.0006	0.0001	0.0007	0.0003	0.1312	0.0003	0.0003
21	22363328	M11101	0	0.0004	0.0002	0.0002	0.0007	0	0.0006	0.0001	0.0003	0.0007	0.0005	0.0002	0.049	0.0003	0.0003
12	43271550	M10948	0	0.0006	0.0002	0.0004	0.0004	0.0002	0.0006	0.0003	0.0003	0.0001	0.3206	0.0003	0.0002	0.0001	0.0003
3	29269555	M10798	0	0.001	0.1336	0.0001	0.0002	0.0001	0.0001	0.0001	0.0005	0.0004	0.0005	0.0007	0.0004	0.0004	0.0002
22	32955363	M10681	0	0.0004	0.0003	0.0001	0.0007	0.0002	0.0003	0.0002	0	0.0001	0.0003	0.1902	0.0001	0.0002	0.0004
18	78369761	M10657	0	0.0001	0.0002	0.0002	0.441	0.1559	0.0001	0.0002	0.0002	0.0004	0.0004	0.0004	0.0002	0.0001	0.0003
16	52331009	M10783	0	0.0003	0.0004	0.0002	0.0005	0	0.2191	0.0002	0.0002	0	0.0003	0.0004	0.0004	0.0005	0.0002
12	2836943	M10598	0	0.0004	0.3279	0.3085	0.0005	0.2587	0.0002	0.0004	0.4236	0.0003	0.0002	0.0008	0.0005	0.0005	0.0003
2	119618939	M11131	0	0.0004	0.0005	0.0001	0.0005	0.0002	0.0007	0.0005	0.0002	0.203	0.0006	0.0002	0.0005	0.0003	0.0002
23	45208629	M10617	0	0.0003	0.0008	0.0004	0.0005	0.0005	0.0002	0.0002	0.0002	0.2177	0.3218	0.0002	0.0002	0.1501	0.0001
2	35341424	M10853	0	0.0003	0.0002	0.0001	0.0005	0.0006	0.0001	0.0011	0.0004	0.0002	0.0003	0.1017	0.0004	0.0008	0.0003
7	141579838	M10588	0	0.4708	0.0004	0.0003	0.0007	0.0006	0.0004	0.0005	0.0003	0.0004	0.1537	0.1002	0.0003	0.0002	0.0004
23	10058399	M10639	0	0.0004	0.1401	0.0002	0.0005	0.0005	0.0005	0.0002	0.0001	0.0001	0.0004	0.0004	0.0004	0.0001	0.0001
19	75960233	M11218	0	0.0001	0.0005	0.0001	0.0004	0.0001	0.1571	0.0006	0	0.0004	0.0002	0.0004	0.0004	0.0004	0.0003
14	63245803	M10994	0	0.0003	0.2042	0.0003	0.0002	0.0004	0.0006	0.0004	0.0005	0.0001	0.0005	0.0005	0.0001	0.0001	0.0002
7	92769280	M10877	0	0.0004	0.0007	0.0003	0.0004	0.1615	0.0008	0.0003	0.0007	0.0005	0.0002	0.0004	0.0002	0.0001	0.0001
16	30653977	M10610	0	0.0004	0.0002	0.0006	0.0001	0.0005	0.0004	0.0608	0.0001	0.0005	0.0003	0.0003	0.0009	0.0006	0.0004
1	87723904	M10662	0	0.0005	0.0004	0.0003	0.0001	0.0002	0.0002	0.0626	0	0	0.0005	0.0003	0.0001	0.0003	0.0003
19	66074130	M10832	0	0.0005	0.0004	0.0003	0.0003	0.0004	0.0003	0.0004	0.0003	0.0001	0.0093	0.0002	0.0002	0.0002	0.0003
17	7406097	M10961	0	0.0003	0.0001	0.0002	0.0004	0.0005	0.0006	0.0002	0.0006	0.2079	0.0001	0	0.0003	0.0002	0.0003
1	23486395	M10719	0	0.0002	0.0003	0.0003	0.0003	0.0004	0.0007	0.1872	0.0003	0.0002	0.0001	0.0002	0.0004	0.0006	0.0004
19	25932641	M10913	0	0.0007	0.0003	0.0004	0.0004	0.0004	0.001	0.0005	0.0004	0.2248	0.0002	0.0004	0.0007	0.1776	0.0003
5	72072019	M10603	0	0.0002	0.1393	0.3131	0.0001	0.2599	0.0005	0.0004	0.4183	0.0004	0.0005	0.0005	0.0002	0.0006	0.0004
7	152596915	M10640	0	0.0004	0.0002	0	0.0003	0.0002	0.0003	0.1881	0.0003	0.0002	0.0004	0.0003	0.0007	0.0003	0.0008
12	95473976	M10931	0	0.0002	0.0002	0.0002	0.0004	0.0001	0.0805	0.0006	0.0002	0.0003	0.0005	0.0002	0.0003	0.0004	0.0001
15	49429128	M10691	0	0.0001	0.0002	0.0001	0.0001	0.0002	0.0006	0.0003	0.0001	0.0003	0.1687	0.0978	0.0005	0.0003	0.0004
2	129375649	M10711	0	0.0004	0.1989	0.0003	0.0005	0.0003	0.0005	0.0006	0.0004	0.0001	0.0002	0.0005	0.0009	0.0002	0.0003
8	30004697	M10777	0	0.0002	0.0004	0.0003	0.0002	0.0005	0.0003	0.0004	0.0006	0.0001	0.0001	0.0004	0.1614	0.0003	0.0005
8	128724963	M10819	0	0.0007	0.0002	0.0003	0.0008	0.0001	0.0003	0.0001	0.0005	0.0003	0.0003	0.0005	0.1332	0	0.0003
15	35029789	M10601	0	0.0004	0.0004	0.0005	0.0005	0	0.3785	0.0001	0.0004	0.2075	0.0006	0.0001	0.1089	0.1395	0.4641
16	23954930	M10614	0	0.0002	0.0594	0.0007	0.0003	0.0005	0.0005	0.0003	0.0002	0.0007	0.0003	0.0007	0.0003	0.0003	0.0006
18	34721000	M11180	0	0.0008	0.0003	0.0004	0.0005	0.0004	0.0816	0.0002	0.0001	0.0004	0.0005	0.0004	0.0004	0.0003	0.0005
10	6223717	M10622	0	0.0004	0.1379	0.1142	0.0003	0.2613	0.0001	0.0001	0.0002	0.0005	0.0002	0.0003	0.0007	0.0002	0.0005
7	141295019	M10907	0	0.0004	0.0003	0.0006	0.0007	0.1632	0.0005	0.0001	0.0002	0.0003	0.0004	0.0004	0.0003	0.0002	0.0001
17	6643813	M10620	0	0	0.0002	0.0001	0.0004	0	0.0002	0.0007	0.0004	0.0002	0.0006	0.0818	0.0004	0.1838	0.0003
2	25704171	M10791	0	0.0002	0.0005	0.0005	0.0007	0.0005	0.0794	0.0007	0.0005	0.0001	0.0006	0	0.0001	0.0004	0.0002
6	37517985	M10741	0	0.0003	0.0004	0.0002	0.0007	0.0002	0.0003	0.0007	0.4271	0.0003	0.0003	0	0.0003	0.0005	0.0002
13	36205674	M10651	0	0.0002	0.1017	0.0003	0.0004	0.0005	0.0003	0.0002	0.0003	0.0002	0.0002	0.0001	0.0004	0.0001	0.0003
8	12409562	M11255	0	0.0004	0.0002	0	0.0001	0.0006	0.0004	0.0003	0.0002	0.1967	0.0007	0.0001	0.0007	0.0006	0.0001
4	100371879	M10638	0	0.0004	0.0003	0.1985	0.0003	0.0001	0.0003	0.0005	0.0004	0.0001	0.0003	0.0002	0.0003	0.0006	0.0001
2	144412447	M10703	0	0.0002	0.0006	0.0005	0.0002	0.0001	0.0003	0.0004	0.0007	0.1981	0.0003	0.0005	0.0522	0.0002	0.4648
19	43650870	M10632	0	0.0002	0.0004	0.0008	0.436	0.1586	0.0006	0.0004	0.0004	0.0001	0.0005	0.0003	0.0009	0.0001	0.0004
23	45404258	M10823	0	0.0002	0.0006	0.0005	0.0002	0.0002	0	0.0006	0.0004	0.0006	0.0004	0.0004	0.1362	0.0003	0.0005
18	34789405	M10611	0	0.0002	0.0003	0.0003	0.0003	0.0309	0.0002	0.0006	0.0004	0	0.0006	0.1024	0.0002	0.0001	0.0002
9	75277159	M10663	0	0.0005	0.0004	0.0006	0.0003	0.0005	0.0004	0.0002	0.0003	0.2182	0.318	0.0007	0.0003	0.1695	0.0007
19	26390019	M10637	0	0.0004	0.0002	0.0001	0.0002	0.0005	0.0002	0.0004	0.0004	0.0004	0.0008	0.11	0.0005	0.0005	0.0002
21	15464139	M10619	0	0.0002	0.0002	0.0003	0.0005	0.0004	0.0003	0.0006	0.0005	0.0003	0.0001	0.1871	0.0003	0.0005	0.0002
10	50889813	M11153	0	0.0004	0.0007	0.0005	0.4341	0.0002	0.0001	0.0005	0.0003	0.0004	0.0006	0.0001	0.0009	0.0004	0.0005
7	93104933	M10815	0	0.0003	0.0002	0.0003	0.0002	0.0004	0.0005	0.0001	0.4343	0.0007	0.0002	0.0005	0.0004	0.0002	0.0001
19	67154291	M10858	0	0.0006	0.0002	0	0.0003	0.0005	0.1603	0.0002	0.0003	0.0004	0.0007	0.0001	0.0006	0.0008	0.0007
12	64253702	M10596	0	0.0002	0.0003	0.0001	0.0004	0.0003	0.0793	0.0641	0.0003	0.0003	0.009	0.0834	0.0006	0.186	0.0001
8	23924683	M10594	0	0.0005	0.4147	0.3195	0	0.2568	0.3882	0.0003	0.4217	0.2064	0.0004	0.0002	0.2685	0.1419	0.4783
19	18934342	M10615	0	0.0004	0.0005	0.2053	0.0004	0.0002	0.0005	0.0003	0.423	0.0005	0.0004	0.0001	0.0003	0.0003	0.0003
8	14880516	M10899	0	0.0005	0.0002	0.0003	0	0.0001	0.0004	0	0.0002	0.0005	0.0003	0.0002	0.0441	0.0002	0.4697
11	114593080	M10825	0	0.0002	0.0002	0.124	0.0003	0.0003	0	0.0002	0.0003	0.0002	0.0004	0.0005	0.0003	0.0002	0.0003
14	41135789	M11006	0	0.0001	0.0003	0.0002	0.0004	0.0006	0.0003	0.0004	0.0001	0.0006	0.0004	0.0007	0.151	0.0004	0.0003
23	9429598	M10592	0	0.0005	0.4269	0.3163	0.0008	0.2537	0.3758	0.1448	0.4248	0.2055	0.0003	0.0002	0.2777	0.1435	0.4765
12	68405178	M10688	0	0.0003	0.0003	0.0003	0.0004	0.0004	0.0003	0.0005	0.0003	0.0004	0.0003	0.0003	0.0006	0.1816	0.0008
8	114122364	M10693	0	0.0004	0.0008	0	0.0006	0.0001	0.0747	0.0004	0.0003	0.0002	0.0002	0.0003	0.0002	0.0003	0.0007
1	34657524	M10633	0	0.0003	0.0005	0.0005	0.0004	0.0003	0.1637	0.0003	0.0002	0.0004	0	0.0004	0.0004	0.1461	0.0001
23	1911960	M11110	0	0.3233	0.0004	0.0003	0.0003	0.0006	0.0004	0.0004	0.0009	0.0004	0.0001	0	0.0004	0.0004	0.0004
8	84707725	M10670	0	0.0001	0.0003	0.1127	0.0002	0.1977	0.0003	0.0002	0.0005	0.0004	0.0004	0.0001	0.0005	0.0004	0.0003
19	30063001	M10822	0	0.0001	0.0003	0.0005	0	0.1561	0.0004	0.0005	0.0005	0	0.0002	0	0.0007	0.0002	0
12	97824480	M11052	0	0.0001	0.1319	0.0004	0.0006	0.0005	0.0004	0.0002	0.0002	0.0002	0.0002	0.0002	0.0003	0.0002	0.0002
1	71000427	M11067	0	0.0005	0.0002	0.0003	0.0008	0.0003	0.0875	0.0004	0	0.0003	0.0003	0.0002	0.0002	0.0003	0.0005
11	25493658	M11120	0	0.0001	0.0003	0	0.0001	0.0003	0.0001	0.0006	0.0002	0.0004	0.0004	0	0.0005	0.1636	0.0001
4	190680317	M10680	0	0.0002	0.0002	0.0006	0.0001	0.0001	0	0.0003	0.4231	0	0.0005	0.0003	0.0006	0.0002	0.0006
16	66225743	M10668	0	0.0004	0.0001	0.0003	0.0003	0.0002	0.0004	0.0005	0.0003	0.2041	0.0003	0	0.0458	0.0003	0.4669
11	73677029	M11212	0	0.0003	0.0002	0.0001	0.0003	0.0002	0.0001	0.0005	0.0002	0.0004	0.0008	0.0007	0.1354	0.0002	0.0002
4	100034255	M10786	0	0.0002	0.0003	0.0003	0.0001	0.1537	0.0007	0.0006	0.0001	0.0005	0.0003	0	0.0003	0.0002	0.0005
20	35918178	M11021	0	0.0006	0.0007	0.1248	0.0001	0.0002	0.0003	0.0004	0.0001	0.0002	0.0005	0.0004	0.0003	0.0002	0.0004
3	194207913	M10607	0	0.0002	0.1958	0.0004	0.0002	0.0002	0.0003	0.0003	0.0003	0.0003	0.0002	0.0002	0	0.0002	0.0005
22	1817605	M11108	0	0.0003	0.0001	0.0005	0.0003	0.0002	0.0005	0.0001	0.0003	0.0004	0.0004	0.1056	0.0003	0.0005	0.0004
13	108091500	M10631	0	0.0001	0.0003	0.0004	0.0004	0.0003	0.0003	0.0003	0.0001	0.0002	0.0004	0.0002	0.0616	0.0003	0.0007
1	169247785	M10738	0	0.0004	0.0004	0.0004	0.0004	0.1541	0.0005	0.0005	0.0003	0.0007	0.0004	0.0005	0.0005	0.0006	0.0003
9	69679506	M10953	0	0.0003	0.0003	0.0003	0.0004	0.0004	0.0002	0.0004	0.0005	0.0003	0.0003	0.0002	0.0002	0.0215	0
7	9024657	M10621	0	0.0004	0.0003	0.0001	0.0007	0	0.3898	0.0004	0.0003	0.0005	0.0005	0.0004	0.0007	0.1436	0.0003
3	170897041	M10897	0	0.0001	0.0005	0.1223	0.0003	0.0001	0.0007	0.0001	0.0004	0.0002	0.0002	0.0007	0.0002	0.0005	0.0001
22	16358144	M11086	0	0.0002	0.0002	0.0001	0.0002	0.2623	0.0001	0.0004	0.0002	0.0004	0.0003	0.0001	0.0003	0.0004	0.0003
13	83883240	M10605	0	0.0001	0.0003	0.0002	0.0001	0.0357	0.0006	0.0003	0.0002	0.0001	0.0003	0.1087	0.0007	0	0.0004
6	63729196	M10762	0	0.0004	0.0004	0.0002	0.0005	0	0.0804	0.0001	0.0003	0.0002	0.0002	0.0004	0.0003	0.0001	0.0004
19	35917095	M10942	0	0.3206	0.0001	0.0002	0.0004	0.0003	0.0001	0.0005	0.0001	0.0002	0.0007	0.0005	0.0002	0.0003	0.0002
13	79033191	M11069	0	0.0003	0.0002	0.0002	0.0003	0.0001	0.0005	0.0004	0.0004	0.2096	0.0002	0.0004	0.0004	0.0003	0.0002
2	62890145	M10696	0	0.0005	0.0001	0.0003	0.0002	0.0001	0.0003	0.0002	0.0002	0.0006	0.0093	0.0004	0.0007	0.0005	0.0006
16	29155112	M10618	0	0.0005	0.0002	0.0002	0.0003	0.0006	0.0005	0.0001	0.0003	0	0.0083	0.0001	0.0005	0.0002	0.0001
3	187572508	M10835	0	0.0002	0.0002	0.0005	0.0002	0.0004	0	0.0006	0.0001	0.0001	0.0002	0.0002	0.0002	0.1585	0.0004
16	37689315	M10951	0	0.0004	0.0003	0.1992	0.0002	0.0005	0.0005	0.0001	0.0004	0.0007	0.0003	0.0001	0.0003	0.0003	0.0004
15	1787944	M10979	0	0.151	0.0006	0.0004	0.0004	0.0004	0.0002	0.0004	0.0002	0.0005	0.0002	0.0004	0.0001	0.0006	0.0001
21	29788516	M10694	0	0.0005	0.0001	0.0006	0.0002	0.0369	0.0001	0.0006	0.0007	0.0005	0.0002	0.0003	0	0.0005	0.0003
11	2872762	M10838	0	0.1533	0.0006	0.0004	0.0006	0.0006	0.0005	0.0003	0.0004	0.0006	0.0006	0.0001	0.0003	0	0.0004
3	155867407	M11049	0	0.0001	0.0004	0.1175	0.0003	0.0002	0.0007	0.0009	0.0004	0.0005	0.0005	0.0004	0.0001	0.0005	0.0004
21	19235062	M10861	0	0.0004	0.0004	0.0004	0.4423	0.0009	0.0001	0.0003	0.0004	0.0012	0.0007	0.0003	0.0002	0.0002	0.0002
8	15514450	M10901	0	0.1485	0.0003	0.0003	0.0002	0.0003	0.0005	0.0003	0	0.0004	0.0003	0.0004	0.0002	0.0006	0.0003
10	56449239	M11071	0	0.1585	0.0004	0	0.0005	0.0003	0.0003	0.0001	0.0007	0.0002	0.0003	0.0005	0.0005	0.0001	0.0002
23	8242331	M10779	0	0.0006	0.0006	0.0003	0.0004	0.0003	0.0002	0.0004	0.0001	0.0005	0.0005	0.1902	0.0003	0.0005	0.0001
12	121381168	M10667	0	0.0001	0.0003	0.0004	0.0002	0.0004	0.0008	0.0003	0.0002	0.0003	0.0003	0.0005	0.1577	0.0003	0.0004
7	64285906	M10714	0	0.0003	0.0003	0.0004	0.0002	0.0002	0.2202	0.0003	0.0006	0.0003	0.0005	0.0004	0.0001	0.0004	0.0002
16	42335507	M10871	0	0.0003	0.0004	0.0003	0.0005	0.0003	0.2248	0.0001	0.0002	0.0006	0.0005	0.0001	0.0004	0.0002	0.0002
8	110565169	M10595	0	0.0002	0.0004	0.0004	0.0001	0.0259	0.0004	0.0007	0.0002	0.0004	0.0001	0.28	0.0003	0.0006	0.0002
22	11693788	M10739	0	0.0006	0.0003	0.0003	0.0003	0.0003	0.0003	0.1594	0.0003	0.0004	0.0006	0.0006	0.0002	0.0006	0.0003
16	30777683	M10836	0	0.0002	0.0006	0.0003	0.0004	0.0005	0.0003	0.0004	0.0004	0.0006	0.0006	0.0005	0.0533	0.0005	0.4698
16	40115647	M10775	0	0.0006	0.0003	0.0005	0.0003	0.0002	0.0003	0.0004	0.0003	0.0004	0.0003	0.0003	0.0003	0.1481	0.0001
21	58388236	M10600	0	0	0.0582	0.0005	0.0005	0.0003	0.0002	0.1779	0.0002	0.0001	0.0003	0.0002	0.0004	0.0003	0.0004
8	21818064	M10742	0	0.0001	0.0003	0.0006	0.0005	0.0007	0.0002	0.0003	0.0002	0.0001	0	0	0.0002	0.1585	0.0006
10	95602214	M10751	0	0.1487	0.0006	0.0005	0.0005	0.0006	0.0003	0.0002	0.0004	0.0003	0.0004	0.0005	0.0001	0.0003	0.0004
22	49861774	M10720	0	0.0001	0.0002	0.0004	0.4386	0.0002	0.0003	0.0003	0	0.0001	0.0003	0.0004	0.0001	0.0008	0.0002
20	61585401	M10650	0	0.0002	0.0002	0.0006	0.0004	0.0003	0.0003	0.1806	0.0003	0.0003	0.0004	0.0002	0.0002	0.0004	0.0004
16	14099719	M11009	0	0.0001	0.0003	0.0009	0.0003	0	0.0002	0.0004	0.0002	0.0003	0.0103	0.0002	0.0001	0.0003	0.0002
8	109688524	M10626	0	0.0005	0.0003	0.123	0.0003	0.0002	0.0002	0.0004	0.0002	0.0004	0.0004	0.0002	0.0003	0.0004	0.0003
18	41438239	M10912	0	0.0007	0.0008	0.0003	0.0006	0.0006	0.0003	0.0642	0.0004	0.0006	0.0005	0.0004	0.0004	0.0002	0.0001
