#chrom	pos	desc	normal	sample1	sample2	sample3	sample4	sample5	sample6	sample7	sample8	sample9
5	126153807	M10623	0	0	0	0	0	0	0	0	0.4639	0
3	193118288	M10792	0	0	0	0	0	0.0275	0	0	0	0.0724
19	43650870	M10632	0	0	0	0	0	0	0	0	0	0.2674
18	34789405	M10611	0	0	0.0219	0	0.1467	0	0	0	0	0
22	31345344	M10625	0	0	0	0	0	0	0.483	0	0	0
21	42636164	M11088	0	0	0	0	0	0	0	0.2171	0	0
14	41683276	M10717	0	0	0.202	0	0	0	0	0	0	0
6	6670034	M10886	0	0	0	0	0	0	0	0	0	0.1347
7	102482083	M10957	0	0	0	0	0.1533	0	0	0	0	0
7	93104933	M10815	0	0.0913	0	0	0	0	0	0	0	0
12	16453021	M10803	0	0	0	0	0	0.1472	0	0	0	0
5	38875608	M10900	0	0	0	0	0	0	0	0.2796	0	0
16	5322372	M10683	0	0	0	0	0	0	0	0	0.4639	0
2	99635645	M10589	0	0.1919	0.202	0.4917	0	0.2848	0	0.2171	0	0.1347
1	175012370	M10606	0	0	0	0	0	0	0	0	0	0.2674
23	4353617	M10866	0	0	0	0	0	0	0	0	0	0.2674
8	67214111	M11265	0	0	0	0	0	0	0	0.2796	0	0
3	29269555	M10798	0	0	0	0.163	0	0.1378	0	0	0	0
12	64253702	M10596	0	0	0	0	0.2186	0.1711	0.483	0	0.4639	0.0724
20	54380244	M10712	0	0	0	0	0.1533	0	0	0	0	0
16	45008837	M10906	0	0	0	0	0	0	0	0	0	0.2674
8	23924683	M10594	0	0.1919	0.202	0.4917	0	0.2848	0	0.2171	0	0.1347
19	18934342	M10615	0	0.0913	0	0.2768	0	0	0	0.2171	0	0
23	9429598	M10592	0	0.1919	0.202	0.4917	0	0.2848	0	0.1697	0	0.1347
21	17107016	M11163	0	0	0	0	0.1533	0	0	0	0	0
7	132791592	M11073	0	0	0	0	0	0	0.483	0	0	0
5	71817399	M10753	0	0	0	0	0	0	0	0	0	0.2674
7	88489329	M10868	0	0.1662	0	0	0	0	0	0	0	0
1	34657524	M10633	0	0.1006	0	0	0	0	0	0	0	0.1347
12	2836943	M10598	0	0.0913	0.202	0.4917	0	0.1201	0	0.2171	0	0
16	18311157	M10635	0	0.1662	0.1762	0	0	0	0	0	0	0
18	75391850	M10992	0	0.1006	0	0	0	0	0	0	0	0
12	97824480	M11052	0	0	0	0.163	0	0	0	0	0	0
2	119618939	M11131	0	0	0	0	0	0.147	0	0	0	0
13	130179639	M10915	0	0	0	0	0.2186	0	0	0	0	0
4	190680317	M10680	0	0.0913	0	0.1279	0	0	0	0	0	0
16	66225743	M10668	0	0	0	0	0	0.147	0	0	0	0
3	150696680	M10764	0	0	0	0.1489	0	0	0	0	0	0
23	10058399	M10639	0	0	0.202	0.163	0	0.1378	0	0	0	0
2	115460738	M11223	0	0	0	0	0	0	0	0	0	0.1347
5	48057872	M10671	0	0.1662	0.1762	0	0	0	0	0	0	0
7	9024657	M10621	0	0.1006	0	0	0	0	0	0	0	0.1347
16	30653977	M10610	0	0	0	0	0	0	0	0	0.4639	0
17	7406097	M10961	0	0	0	0	0	0.147	0	0	0	0
17	21366873	M10987	0	0	0	0	0	0	0.483	0	0	0
13	83883240	M10605	0	0	0.0219	0	0.1533	0	0	0	0	0
14	68007144	M10747	0	0	0	0	0	0	0	0.2796	0	0
1	23486395	M10719	0	0.0969	0	0	0.0451	0	0	0	0	0
13	79033191	M11069	0	0	0	0	0	0.147	0	0	0	0
11	52544904	M10695	0	0	0	0.1489	0	0	0	0.2171	0	0
5	25084772	M10760	0	0	0	0	0	0	0	0	0	0.1347
5	72072019	M10603	0	0.0913	0.202	0.4917	0	0.1378	0	0.2171	0	0
16	29155112	M10618	0	0	0	0	0	0	0.483	0	0	0
7	152596915	M10640	0	0.0969	0	0	0.0451	0	0	0.2796	0	0
9	131065547	M10736	0	0	0	0	0	0.0275	0	0	0	0.0724
1	236939380	M11217	0	0	0	0.0518	0	0	0	0	0	0
15	35029789	M10601	0	0.1006	0	0	0	0.147	0	0	0	0.1347
12	78438576	M10813	0	0	0.202	0	0	0	0	0	0	0
19	37496028	M10646	0	0	0	0	0	0.0275	0	0	0	0.0724
18	1126459	M10875	0	0	0	0	0	0.1688	0	0	0	0
23	22408260	M10634	0	0	0	0	0	0	0	0	0.4639	0
3	122620997	M11175	0	0	0	0.163	0	0	0	0	0	0
10	6223717	M10622	0	0	0.202	0.163	0	0.1378	0	0	0	0
21	29788516	M10694	0	0	0.0219	0	0	0	0	0	0	0
17	72113534	M10665	0	0.0917	0	0	0	0	0	0	0	0
4	50565740	M11065	0	0.0883	0	0	0	0	0	0	0	0
17	7046329	M11242	0	0	0	0.1279	0	0	0	0	0	0
12	39990911	M11260	0	0	0	0.163	0	0	0	0	0	0
17	6643813	M10620	0	0	0	0	0.2186	0.1963	0	0	0	0.0724
18	78794303	M11089	0	0	0.1762	0	0	0	0	0	0	0
21	15724963	M10677	0	0	0	0.0518	0	0	0	0	0	0
18	12680976	M10952	0	0	0	0.1279	0	0	0	0	0	0
12	10331788	M10837	0	0	0	0	0	0	0	0.2796	0	0
1	124753073	M11033	0	0	0	0.1279	0	0	0	0	0	0
8	110565169	M10595	0	0	0.0219	0	0.1213	0	0	0	0	0
1	205785176	M10759	0	0.1662	0.1762	0	0	0	0	0	0	0
19	69077424	M10848	0	0	0.202	0	0	0	0	0	0	0
6	37517985	M10741	0	0.0913	0	0	0	0	0	0	0	0
19	8460337	M11102	0	0	0	0	0	0	0	0.2796	0	0
21	58388236	M10600	0	0.088	0	0	0.0451	0	0	0.2796	0	0
20	61585401	M10650	0	0.0969	0	0	0.0451	0	0	0.2796	0	0
16	95371231	M10932	0	0	0	0	0	0.0275	0	0	0	0
21	517563	M10766	0	0	0	0	0	0.0275	0	0	0	0.0724
2	166266337	M10658	0	0.1006	0	0	0	0	0	0	0	0
14	44825934	M10857	0	0	0	0.0518	0	0	0	0	0	0
19	4804712	M11025	0	0	0	0	0.2186	0	0	0	0	0
2	144412447	M10703	0	0	0	0	0	0.147	0	0	0	0
19	593060	M11188	0	0	0	0	0	0	0	0.2796	0	0
