#chrom	pos	desc	normal	sample1	sample2	sample3	sample4	sample5	sample6	sample7	sample8	sample9
5	126153807	M10623	0	0.0002	0.0001	0.0002	0.0002	0.0004	0	0.0004	0.4686	0.0002
3	193118288	M10792	0	0.0001	0.0004	0.0003	0.0002	0.0259	0.0005	0.0007	0.0006	0.0727
19	43650870	M10632	0	0.0003	0.0004	0.0003	0.0002	0.0004	0.0003	0.0006	0.0002	0.2668
18	34789405	M10611	0	0.0003	0.0255	0.0004	0.1502	0.0003	0.0004	0.0003	0.0002	0.0004
22	31345344	M10625	0	0	0.0002	0.0003	0.0007	0.0004	0.4939	0.0004	0.0002	0
21	42636164	M11088	0	0.0002	0.0003	0.0002	0.0008	0.0004	0.0003	0.2062	0.0003	0.0003
14	41683276	M10717	0	0.0001	0.1996	0.0001	0	0.0004	0.0002	0.0002	0.0003	0.0002
6	6670034	M10886	0	0.0005	0.0009	0.0004	0.0005	0.0004	0.0001	0.0002	0.0003	0.1351
7	102482083	M10957	0	0.0004	0.0006	0.0003	0.1491	0.0006	0.0006	0.0003	0.0003	0.0002
7	93104933	M10815	0	0.0856	0.0003	0.0002	0.0004	0.0009	0.0004	0.0002	0.0001	0.0005
12	16453021	M10803	0	0.0004	0.0003	0.0005	0.0001	0.1433	0.0009	0.0003	0.0001	0.0001
5	38875608	M10900	0	0.0008	0.0006	0.0006	0.0004	0.0003	0.0004	0.2809	0.0003	0.0004
16	5322372	M10683	0	0.0003	0.0003	0.0003	0.0003	0.0005	0.0001	0.0001	0.4664	0.0003
2	99635645	M10589	0	0.1957	0.2068	0.4879	0.0003	0.2921	0.0007	0.2138	0.0007	0.1406
1	175012370	M10606	0	0.0001	0.0004	0.0002	0.0005	0.0004	0.0005	0	0.0004	0.2697
23	4353617	M10866	0	0.0001	0.0001	0.0003	0.0003	0.0003	0.0004	0.0001	0.0005	0.2655
8	67214111	M11265	0	0.0006	0	0.0005	0.0002	0.0001	0.0001	0.2778	0.0005	0.0001
3	29269555	M10798	0	0.0001	0.0003	0.1634	0.0002	0.1378	0.0001	0.0004	0.0006	0.0004
12	64253702	M10596	0	0.0001	0.0003	0.0002	0.2177	0.1687	0.4886	0.0001	0.4638	0.0713
20	54380244	M10712	0	0.0001	0.0008	0.0002	0.1585	0.0002	0.0003	0.0005	0.0003	0.0005
16	45008837	M10906	0	0.0003	0.0006	0.0002	0.0001	0.0002	0.0005	0.0003	0.0003	0.278
8	23924683	M10594	0	0.1975	0.2018	0.4932	0.0002	0.2918	0.0003	0.2166	0.0003	0.136
19	18934342	M10615	0	0.0964	0.0005	0.2836	0.0008	0.0003	0	0.215	0.0005	0.0004
23	9429598	M10592	0	0.1913	0.2082	0.4961	0.0006	0.2765	0.0005	0.1727	0.0003	0.1361
21	17107016	M11163	0	0.0003	0.0005	0.0004	0.1479	0.0004	0.0004	0.0003	0.0004	0.0001
7	132791592	M11073	0	0.0001	0.0001	0.0002	0.0003	0	0.4835	0.0003	0.0004	0.0001
5	71817399	M10753	0	0.0002	0.0001	0.0003	0.0003	0.0001	0.0004	0.0004	0.0002	0.2647
7	88489329	M10868	0	0.1691	0.0004	0.0005	0.0005	0.0002	0.0003	0.0004	0.0002	0.0004
1	34657524	M10633	0	0.1065	0.0001	0.0005	0.0001	0.0005	0	0.0002	0.0003	0.1286
12	2836943	M10598	0	0.0979	0.2089	0.4909	0.0004	0.1183	0.0007	0.2134	0.0002	0.0004
16	18311157	M10635	0	0.1607	0.1742	0.0007	0.0002	0.0003	0.0003	0.0002	0.0003	0
18	75391850	M10992	0	0.1005	0.0002	0.0004	0	0.0005	0.0006	0.0004	0.0002	0.0001
12	97824480	M11052	0	0.0005	0.0009	0.1658	0.0002	0.0005	0.0002	0.0004	0.0001	0
2	119618939	M11131	0	0.0003	0.0006	0.0004	0.0003	0.1449	0.0008	0.0004	0.0003	0.0001
13	130179639	M10915	0	0.0004	0.0005	0.0003	0.2147	0.0004	0.0003	0.0006	0.0001	0.0003
4	190680317	M10680	0	0.0874	0.0004	0.1252	0.0002	0.0002	0.0003	0.0002	0.0004	0.0004
16	66225743	M10668	0	0.0005	0.0005	0.0003	0.0004	0.1459	0.0001	0.0002	0.0001	0.0002
3	150696680	M10764	0	0.0004	0.0001	0.1438	0.0004	0.0005	0.0004	0.0003	0.0003	0.0004
23	10058399	M10639	0	0.0004	0.2012	0.1707	0	0.1363	0.0001	0.0001	0.0008	0.0004
2	115460738	M11223	0	0.0005	0.0005	0.0003	0.0002	0.0003	0.0003	0	0.0003	0.1326
5	48057872	M10671	0	0.1643	0.1757	0.0002	0.0003	0.0005	0.0002	0.0004	0.0009	0.0005
7	9024657	M10621	0	0.1025	0.0005	0.0002	0.0003	0.0002	0.0004	0.0003	0.0004	0.1315
16	30653977	M10610	0	0.0003	0.0003	0.0002	0.0003	0.0001	0.0002	0.0002	0.4555	0.0004
17	7406097	M10961	0	0.0003	0	0.0001	0.0003	0.1462	0.0003	0.0003	0.0001	0.0005
17	21366873	M10987	0	0.0003	0.0003	0.0004	0.0002	0.0003	0.4793	0.0005	0.0002	0.0002
13	83883240	M10605	0	0.0002	0.0219	0.0005	0.1525	0.0003	0.0006	0	0.0006	0.0001
14	68007144	M10747	0	0.0003	0.0004	0	0.0002	0.0002	0.0002	0.28	0.0006	0.0003
1	23486395	M10719	0	0.102	0.0003	0.0003	0.0535	0.0004	0.0005	0.0003	0.0001	0.0002
13	79033191	M11069	0	0	0.0003	0.0004	0.0002	0.1488	0.0005	0.0005	0.0003	0.0002
11	52544904	M10695	0	0.0008	0.0003	0.1511	0	0.0005	0.0003	0.2156	0.0003	0
5	25084772	M10760	0	0.0003	0.001	0.0002	0.0004	0.0001	0.0006	0.0003	0.0005	0.1401
5	72072019	M10603	0	0.0845	0.201	0.4934	0.0002	0.1353	0.0003	0.2203	0.0005	0.0003
16	29155112	M10618	0	0.0004	0.0004	0.0001	0.0004	0.0001	0.4743	0.0004	0.0002	0.0008
7	152596915	M10640	0	0.097	0.0005	0	0.0413	0.0002	0.0007	0.2766	0.0005	0.0004
9	131065547	M10736	0	0.0006	0.0001	0.0005	0.0001	0.027	0.0002	0.0001	0.0001	0.0684
1	236939380	M11217	0	0.0003	0.0005	0.049	0.0005	0.0003	0.0002	0.0002	0.0007	0.0002
15	35029789	M10601	0	0.1023	0.0004	0.0002	0.0008	0.1473	0.0004	0.0002	0.0005	0.1372
12	78438576	M10813	0	0.0002	0.206	0.0002	0.0002	0.0005	0.0006	0.0001	0.0002	0.0008
19	37496028	M10646	0	0.0003	0.0004	0.0004	0.0002	0.0285	0.0006	0.0007	0.0002	0.069
18	1126459	M10875	0	0.0004	0.0003	0.0003	0.0001	0.1695	0.0003	0.0004	0.0003	0.0001
23	22408260	M10634	0	0.0004	0.0003	0.0004	0.0004	0.0007	0.0006	0.0005	0.4578	0.0002
3	122620997	M11175	0	0.0002	0.0002	0.1639	0.0001	0.0003	0.0002	0.0004	0.0003	0.0002
10	6223717	M10622	0	0.0003	0.1966	0.1554	0.0002	0.1391	0.0003	0.0004	0.0003	0.0009
21	29788516	M10694	0	0.0008	0.024	0.0006	0.0004	0	0.0002	0.0004	0.0001	0.0008
17	72113534	M10665	0	0.0945	0.0003	0.0002	0.0007	0.0005	0.0003	0.0001	0.0002	0.0003
4	50565740	M11065	0	0.0871	0.0012	0.0003	0.0003	0.0002	0.0004	0	0	0.0004
17	7046329	M11242	0	0.0004	0.0009	0.1242	0.0004	0.0004	0.0005	0.0006	0.0001	0.0005
12	39990911	M11260	0	0.0003	0.0008	0.1612	0.0005	0.0002	0.0002	0.0002	0.0002	0.0006
17	6643813	M10620	0	0.0006	0.0006	0.0005	0.2194	0.1887	0.0002	0.0003	0.0006	0.0712
18	78794303	M11089	0	0.0006	0.1694	0.0004	0.0003	0.0006	0.0005	0.0001	0.0004	0.0003
21	15724963	M10677	0	0.0002	0.0001	0.0525	0.0002	0.0002	0	0.0003	0.0002	0.0003
18	12680976	M10952	0	0	0.0003	0.1253	0.0005	0.0005	0.0004	0	0.0001	0.0004
12	10331788	M10837	0	0.0003	0.0001	0.0001	0.0001	0.0003	0.0007	0.2778	0.0005	0.0002
1	124753073	M11033	0	0.0002	0.0003	0.1323	0.0006	0.0001	0	0.0004	0.0003	0.0004
8	110565169	M10595	0	0.0003	0.0203	0.0007	0.116	0.0002	0	0.0003	0.0004	0.0005
1	205785176	M10759	0	0.1653	0.1722	0.0004	0.0006	0.0003	0	0.0001	0.0002	0.0002
19	69077424	M10848	0	0.0004	0.2076	0.0003	0.0003	0.0002	0.0002	0.0007	0.0002	0
6	37517985	M10741	0	0.0908	0.0005	0.0001	0.0003	0.0005	0.0004	0.0005	0.0006	0.0004
19	8460337	M11102	0	0.0001	0.0003	0.0006	0.0004	0.0001	0.0001	0.2801	0.0005	0.0001
21	58388236	M10600	0	0.0846	0.0003	0.0008	0.0449	0.0002	0.0002	0.2704	0	0.0004
20	61585401	M10650	0	0.0982	0.0004	0.0001	0.0456	0.0004	0.0003	0.2789	0.0001	0.0001
16	95371231	M10932	0	0.0004	0.0004	0.0001	0.0005	0.0273	0.0002	0.0005	0.0001	0.0003
21	517563	M10766	0	0.0002	0.0003	0.0004	0.0006	0.0268	0.0005	0.0005	0.0002	0.0726
2	166266337	M10658	0	0.1016	0.0001	0.0002	0.0004	0	0.0004	0.0004	0.0001	0.0007
14	44825934	M10857	0	0.0001	0.0003	0.047	0.0002	0.0003	0.0006	0.0003	0.0003	0.0003
19	4804712	M11025	0	0.0002	0.0003	0.0001	0.2201	0.0002	0.0004	0.0001	0.0003	0.0002
2	144412447	M10703	0	0.0003	0.0006	0.0004	0.0001	0.1489	0.0005	0.0002	0.0002	0.0007
19	593060	M11188	0	0.0005	0.0002	0.0003	0.0003	0.0004	0.0004	0.2784	0.0001	0.0002
