#chrom	pos	desc	normal	sample1	sample2	sample3	sample4	sample5	sample6	sample7	sample8	sample9
15	13391780	M8577	0	0	0	0	0	0	0	0	0.055	0.459
10	100232333	M9205	0	0	0	0	0.196	0.001	0	0.002	0.001	0.002
15	45920564	M7813	0	0.097	0	0.07	0	0	0.12	0.001	0	0
11	125667071	M9662	0	0	0.001	0	0.001	0	0	0.001	0	0.454
21	17983309	M7779	0	0	0.227	0.412	0.187	0	0.076	0.097	0.18	0.633
14	3478198	M10600	0	0	0	0	0.001	0	0.087	0	0.139	0
11	134678001	M11389	0	0	0	0	0	0	0	0	0.088	0.001
11	35169589	M12939	0	0.001	0.003	0	0.001	0.002	0.089	0.001	0	0
2	41558967	M10143	0	0	0.002	0.409	0.001	0	0.001	0.001	0	0
13	54500487	M8423	0	0	0.001	0.276	0	0	0	0.001	0	0
22	20754398	M12540	0	0	0	0	0	0	0	0.001	0.114	0
19	25560528	M12425	0	0.051	0	0	0	0	0	0	0.113	0
7	106533510	M11766	0	0	0.001	0	0	0.001	0.001	0	0.062	0
6	105136806	M12853	0	0	0.138	0	0.001	0	0.001	0	0	0
15	105490008	M11496	0	0.163	0	0.002	0.002	0	0.146	0	0	0
15	41244958	M10326	0	0.001	0.001	0.001	0	0	0.08	0	0.121	0
4	40106888	M9100	0	0.218	0	0	0.001	0.001	0.146	0.186	0	0
10	96846555	M10065	0	0.053	0.104	0.001	0	0	0	0.002	0.097	0.001
1	68648294	M10576	0	0.182	0	0	0	0	0.141	0.181	0.002	0
14	15278229	M8940	0	0	0	0	0	0.002	0.001	0	0	0.498
5	85813595	M10417	0	0	0	0	0	0.001	0	0.002	0.001	0.473
15	8535693	M8174	0	0	0	0.371	0	0.001	0	0	0.001	0
10	20360809	M10138	0	0	0.001	0	0.001	0	0.145	0.001	0.001	0
17	34318456	M11661	0	0	0	0	0.001	0	0.174	0	0	0
21	4438205	M11803	0	0	0.001	0.001	0	0	0.113	0	0	0
5	49508871	M9325	0	0	0	0	0	0.454	0	0	0	0.001
14	58045444	M8004	0	0.261	0	0.143	0	0.002	0.3	0.001	0.001	0.002
3	137536291	M12465	0	0	0.131	0	0.001	0.002	0.001	0	0	0.001
20	43241693	M8487	0	0.053	0.156	0	0.001	0.001	0	0	0.111	0
18	33841652	M8962	0	0.165	0	0.057	0	0	0	0.001	0.001	0
3	33388321	M11549	0	0	0	0	0	0	0.001	0	0.064	0
3	8084730	M7827	0	0	0	0	0.218	0.002	0	0.112	0	0.001
8	145934325	M8634	0	0.002	0	0	0.001	0	0	0.046	0	0
13	27980289	M9480	0	0	0	0	0.001	0	0	0	0.047	0
14	27644735	M10217	0	0.063	0.136	0	0	0	0.001	0	0.126	0
4	101049447	M8523	0	0	0	0	0	0	0	0	0.057	0.459
6	57962054	M11245	0	0.071	0	0	0	0.002	0.002	0	0.113	0
8	14245666	M8838	0	0	0	0	0.002	0	0	0.074	0.001	0
5	19423140	M10935	0	0.001	0.001	0	0.001	0	0	0	0.102	0
4	169869139	M9109	0	0	0.26	0.001	0.001	0	0.092	0.113	0.15	0
2	69050173	M9449	0	0.151	0	0.067	0	0	0	0.001	0	0.001
3	79573660	M12657	0	0	0	0.068	0	0	0.001	0	0	0
16	55592554	M10556	0	0.136	0	0.085	0	0.001	0	0	0	0
15	53148915	M8074	0	0	0	0	0.172	0	0.002	0.065	0	0
17	79949814	M11460	0	0	0	0	0.001	0	0.001	0.056	0.001	0.001
4	182783591	M12852	0	0.065	0	0.001	0	0	0.002	0	0	0
1	107720950	M11375	0	0	0.118	0	0	0.001	0	0	0	0
20	47856498	M10300	0	0	0	0	0	0	0.131	0	0	0
23	50475657	M8426	0	0.16	0.001	0.001	0.001	0.356	0.135	0.144	0	0
11	46660500	M7881	0	0.001	0	0.001	0.235	0	0	0.102	0	0.001
7	88158783	M11067	0	0	0	0.001	0	0	0	0	0	0.464
23	8385528	M8229	0	0	0	0.003	0	0	0.153	0	0	0
8	12488411	M11991	0	0	0	0	0.225	0	0	0.051	0	0
22	37908449	M12755	0	0	0.001	0	0	0	0.149	0.001	0	0
10	7546964	M11606	0	0	0	0	0	0	0.085	0	0.142	0
2	235889930	M9136	0	0.001	0.001	0	0	0	0.164	0	0.001	0.001
9	62230339	M9576	0	0.068	0.122	0	0	0	0	0.001	0.124	0.001
13	36785057	M11529	0	0.001	0	0.001	0	0	0.112	0.001	0.001	0
21	23357377	M12283	0	0.001	0	0	0.208	0	0	0	0	0
3	179894057	M12056	0	0	0	0.001	0	0.001	0.001	0	0.125	0
20	32496269	M10749	0	0	0.001	0	0.001	0	0	0.001	0.098	0.002
1	69835334	M8376	0	0	0	0.001	0.001	0	0.164	0	0	0
20	9660522	M9697	0	0	0.268	0	0	0.001	0.089	0.114	0.15	0.001
23	2428637	M11051	0	0.002	0	0	0	0.001	0	0	0.08	0.002
3	3619056	M8608	0	0.001	0.271	0	0.198	0	0.093	0.133	0.147	0
15	78537003	M11639	0	0.001	0.001	0	0	0	0	0	0.001	0.474
16	89205097	M11885	0	0.001	0.001	0	0	0	0	0	0.001	0.472
17	2776355	M7839	0	0.268	0.127	0	0	0.438	0.155	0.19	0.122	0.001
17	4626274	M12286	0	0	0	0	0	0.001	0.151	0.001	0	0
9	131109648	M12168	0	0	0.001	0.003	0	0.45	0	0	0	0
2	41817327	M8196	0	0.13	0.001	0.073	0	0	0	0	0	0
10	114432261	M12659	0	0	0.445	0	0	0	0	0.195	0	0
14	97437213	M8911	0	0.126	0	0.063	0	0.001	0.001	0	0	0
6	169119464	M11308	0	0	0	0	0	0.001	0.161	0.001	0.001	0
18	78726001	M8467	0	0.001	0	0	0.001	0	0	0	0.052	0.475
23	26357871	M11439	0	0	0.124	0	0.001	0	0.002	0	0.001	0
7	15788850	M12256	0	0	0	0	0	0	0.001	0	0	0.466
12	38727789	M9913	0	0.001	0.246	0	0	0.001	0.099	0.124	0.14	0
7	25305160	M11205	0	0	0.001	0	0.001	0	0	0	0	0.461
23	42867765	M7844	0	0	0.002	0	0.358	0	0	0.109	0	0
18	32250808	M10540	0	0	0.001	0	0	0.433	0	0	0	0.001
20	6211061	M11920	0	0	0	0	0.23	0	0	0.042	0.001	0
6	70440903	M7901	0	0	0	0.415	0	0	0.002	0	0.002	0
9	26571611	M12783	0	0	0.002	0	0	0.465	0	0.001	0.001	0
3	142802384	M11179	0	0.002	0.001	0	0	0	0.164	0	0	0
13	93301572	M8560	0	0.051	0.147	0	0	0.001	0	0	0.126	0
18	32658600	M11999	0	0.063	0	0.001	0	0.001	0	0.002	0.098	0.001
12	91538101	M12272	0	0.001	0.001	0.407	0	0	0	0	0	0.001
11	31016926	M11412	0	0.001	0	0	0.232	0	0	0.047	0.001	0
8	138893475	M11903	0	0.001	0	0	0	0.001	0.173	0	0.001	0
12	89711696	M9501	0	0.196	0	0	0	0	0.183	0.201	0	0
12	77925998	M9074	0	0	0	0	0.206	0	0	0	0	0
3	194242239	M11174	0	0.003	0.001	0	0	0.454	0.001	0.002	0	0
12	44173129	M8436	0	0.001	0.001	0.001	0.002	0	0.18	0.001	0.001	0.002
13	39054361	M12004	0	0.135	0	0.002	0	0.001	0.002	0	0	0
2	17805021	M12386	0	0	0.001	0.001	0	0.001	0	0.001	0.138	0
15	64844241	M12165	0	0	0.008	0	0.002	0.001	0	0	0.001	0.001
1	55655034	M8205	0	0.237	0.152	0	0	0.457	0.138	0.188	0.116	0
16	79971774	M10598	0	0.001	0	0	0	0.001	0	0	0.07	0.002
22	28537578	M11420	0	0.141	0	0.084	0	0	0	0	0	0
14	27010702	M12984	0	0	0	0	0.216	0	0	0.001	0.003	0.001
9	71977121	M12259	0	0.142	0	0.065	0.001	0	0.001	0.001	0	0.002
12	101270293	M13084	0	0	0.101	0	0	0.001	0.001	0	0	0.001
20	57924060	M11706	0	0	0.14	0	0	0.001	0	0	0	0
3	73377277	M8813	0	0	0	0.42	0	0	0.001	0	0.001	0
10	14638650	M10562	0	0	0.001	0.396	0	0	0	0.001	0	0
22	32850832	M7744	0	0.408	0.158	0.058	0.217	0.607	0.303	0.296	0.117	0.001
16	81032895	M11772	0	0	0	0	0.001	0	0.001	0.056	0	0
3	115479647	M12355	0	0	0	0.001	0	0	0	0.044	0.001	0
4	172661414	M7810	0	0.002	0.25	0.392	0.219	0	0.087	0.121	0.219	0.493
23	1056604	M10226	0	0.223	0	0	0	0.001	0.138	0.179	0.001	0
7	93569919	M12607	0	0.001	0	0	0.216	0	0	0	0.001	0
11	88786159	M12858	0	0	0	0.001	0	0.002	0.001	0	0	0.471
1	120670752	M12709	0	0.001	0	0	0	0	0	0	0.001	0.467
13	122912017	M7865	0	0	0	0.001	0.209	0	0.001	0.105	0	0.001
20	17451888	M12563	0	0.168	0.001	0.001	0.002	0	0	0	0	0
20	34429233	M11998	0	0	0	0.437	0	0	0.001	0.002	0	0
9	128320766	M9686	0	0	0	0	0	0	0.144	0	0	0
7	126599319	M9186	0	0	0.233	0.001	0.001	0	0.08	0.129	0.137	0
18	22563988	M9758	0	0.054	0.141	0	0	0	0	0	0.109	0
22	9987734	M11798	0	0.001	0.001	0	0	0	0	0.001	0.144	0
14	94655431	M9164	0	0.001	0	0.359	0	0	0.001	0	0	0.001
10	52896623	M9931	0	0	0	0	0.232	0	0	0.042	0	0.001
17	81758094	M8565	0	0	0	0	0.245	0	0.001	0.031	0.001	0.002
19	44943474	M11738	0	0	0	0.001	0	0	0.089	0	0	0.003
20	34380688	M9428	0	0	0	0.001	0	0	0.128	0.001	0	0
15	39071108	M11858	0	0	0.185	0.001	0	0	0	0.094	0.001	0
9	8227488	M13164	0	0	0.001	0	0.001	0	0	0.001	0.138	0
4	133670570	M7777	0	0.427	0.141	0.07	0.217	0.448	0.308	0.251	0.118	0
22	13875370	M9312	0	0.162	0	0.001	0	0	0.14	0.182	0	0
12	107465579	M13036	0	0	0.001	0.075	0	0	0	0.003	0	0
13	76840822	M10900	0	0	0	0	0.001	0	0.09	0	0.128	0
18	1695656	M7786	0	0.282	0.124	0.001	0.216	0.465	0.169	0.272	0.117	0
11	76168118	M12602	0	0.005	0	0	0	0	0.097	0.001	0.001	0.001
13	66610923	M8829	0	0.002	0.002	0	0	0.001	0.001	0	0.039	0.316
20	13090554	M10049	0	0.146	0	0.061	0	0.001	0	0	0.001	0
7	34937044	M10665	0	0.063	0.14	0.001	0.001	0	0.001	0	0.101	0.001
13	55333384	M12328	0	0	0.001	0.001	0	0	0	0	0.043	0
7	27268004	M12181	0	0	0.001	0	0	0	0	0.19	0	0
18	79997455	M12685	0	0.203	0.001	0	0	0	0.002	0	0	0
22	4321744	M12146	0	0	0	0.391	0	0.002	0	0	0	0.001
9	116278597	M12212	0	0	0	0.001	0	0.001	0	0	0.064	0
13	97547582	M8381	0	0	0.263	0	0.149	0	0.099	0.109	0.211	0.637
14	6566580	M9902	0	0	0.001	0.408	0	0.003	0	0	0.001	0.001
17	51991853	M12849	0	0	0	0.073	0	0	0	0	0	0
1	219958608	M12448	0	0	0	0	0.207	0	0.001	0	0	0
18	34892880	M8736	0	0	0	0	0.236	0	0	0.062	0.001	0
6	47654932	M11160	0	0	0	0	0	0	0	0	0	0.466
8	56092140	M11955	0	0.126	0	0.079	0	0	0	0	0.001	0
18	22379003	M8919	0	0.188	0	0.001	0.001	0	0.156	0.187	0	0.001
2	204391995	M10273	0	0	0	0	0	0	0	0	0.05	0
14	39893305	M10144	0	0.001	0.277	0	0.001	0.001	0.001	0.116	0	0
22	7034929	M8138	0	0.12	0.001	0.07	0	0	0.144	0	0	0
9	58390080	M12578	0	0	0.001	0	0	0	0.001	0.045	0	0
13	25857803	M8407	0	0.21	0.096	0	0.001	0.306	0.117	0.126	0.069	0.001
20	22878280	M12401	0	0	0.002	0	0	0.001	0.158	0	0.003	0
4	69892606	M7982	0	0.268	0.124	0	0.001	0.438	0.104	0.176	0.116	0
15	54072450	M8726	0	0.05	0.122	0	0	0	0	0	0.099	0
23	42132878	M8887	0	0.049	0.151	0	0.001	0.002	0	0	0.113	0
1	215765023	M12864	0	0	0	0	0	0.457	0	0	0	0
14	79401181	M11845	0	0	0.124	0	0	0	0	0	0	0
5	73131814	M11030	0	0.144	0	0.087	0	0	0.001	0	0	0.002
4	144615025	M12297	0	0	0.256	0	0	0	0.001	0.115	0.001	0
5	150976340	M10821	0	0.001	0	0.001	0	0	0.17	0	0.001	0
9	138151992	M11612	0	0	0.09	0	0	0	0	0	0.003	0.001
14	76821454	M8306	0	0.135	0	0.057	0.001	0	0	0	0	0
1	217297206	M8580	0	0	0	0.001	0	0	0	0.046	0	0
3	106818547	M9556	0	0	0.272	0	0	0	0.093	0.131	0.147	0
7	349422	M11235	0	0	0.129	0	0.002	0	0	0	0	0
15	41701615	M12218	0	0	0	0.001	0.001	0	0.002	0.042	0.001	0
23	6391738	M12080	0	0.002	0.001	0	0.206	0	0	0.047	0	0
9	60476872	M10784	0	0	0	0.392	0	0.001	0.001	0	0.001	0
14	68133125	M12033	0	0	0.001	0.001	0.232	0	0	0.044	0	0
20	7362821	M9262	0	0.002	0.002	0	0	0	0.163	0.001	0	0
15	76480186	M11329	0	0	0	0.001	0	0	0.078	0	0.136	0
22	47275587	M10649	0	0.001	0.002	0	0	0.284	0	0	0	0
4	73178213	M8021	0	0.002	0.001	0	0.221	0	0	0.116	0	0
15	49639693	M13101	0	0	0	0	0	0	0	0.047	0	0
10	34299467	M10651	0	0.002	0.002	0	0	0.001	0.162	0.001	0	0
3	136908735	M11278	0	0	0.001	0.001	0.001	0	0.001	0.068	0	0
21	30094941	M8861	0	0	0.257	0.001	0.218	0	0.105	0.127	0.121	0
1	32550793	M8718	0	0.001	0	0	0.244	0	0.001	0.045	0.001	0
11	133818894	M8898	0	0	0	0.002	0.205	0.002	0.001	0.001	0	0
15	2049930	M10800	0	0	0	0	0.142	0.001	0	0	0	0.001
7	44631694	M7967	0	0	0.001	0.402	0	0.001	0	0	0.001	0
8	30383817	M8760	0	0	0	0	0	0	0.001	0.068	0	0.001
17	17092514	M11142	0	0	0.137	0	0	0.001	0	0	0.001	0
3	140708611	M9964	0	0	0	0	0	0	0.001	0.002	0	0.438
12	28834377	M7801	0	0.27	0.143	0	0.216	0.453	0.14	0.322	0.126	0
15	35113445	M11948	0	0	0.001	0.001	0.001	0	0.128	0.001	0.001	0
23	35811488	M9546	0	0.048	0.155	0	0	0	0	0.001	0.121	0
9	4464087	M9601	0	0.067	0.102	0	0	0	0.001	0	0.114	0
21	47644132	M10450	0	0	0.017	0	0.001	0	0	0	0	0
6	151837830	M12675	0	0	0.129	0.001	0	0	0	0	0	0
5	49211881	M10673	0	0.001	0.016	0	0	0.001	0	0	0.001	0
20	12161919	M8338	0	0.002	0.284	0.002	0.201	0	0.08	0.116	0.221	0.487
4	50385436	M10461	0	0.231	0	0	0.001	0	0.127	0.182	0	0
10	71495197	M8478	0	0	0.402	0.002	0.195	0	0.105	0.207	0.14	0
16	73617033	M9489	0	0.001	0	0.386	0	0.001	0	0	0	0
10	29570639	M9819	0	0.225	0	0	0	0	0.167	0.329	0.001	0
12	115455673	M8458	0	0	0.282	0	0.182	0	0.095	0.125	0.138	0
17	510533	M9481	0	0.062	0.15	0.002	0	0	0.001	0	0.099	0
16	95475484	M12883	0	0.145	0.001	0	0.001	0	0	0.001	0	0
22	38906202	M10102	0	0	0	0	0	0	0	0	0.045	0.001
6	142307290	M13065	0	0	0	0.001	0	0	0	0	0.119	0
9	126363405	M8365	0	0	0	0.291	0.001	0	0.001	0	0.001	0
8	53331202	M9571	0	0.183	0	0	0.001	0	0.164	0.199	0	0
8	44847308	M8700	0	0	0.001	0.001	0.001	0.478	0	0	0	0.001
21	28491817	M11705	0	0	0	0	0	0	0.067	0	0	0
1	106880770	M11498	0	0	0	0	0.231	0	0	0.048	0.002	0.001
15	52774664	M7756	0	0.337	0.215	0.074	0.168	0.311	0.272	0.224	0.203	0.001
19	25721487	M10785	0	0.002	0	0	0	0	0.104	0	0.148	0.001
13	46041246	M8707	0	0	0.001	0	0	0	0	0.039	0	0.001
10	81495757	M12962	0	0	0	0	0	0.443	0	0.001	0.001	0
10	116437938	M12217	0	0.001	0	0	0	0.001	0	0	0.04	0
13	52014389	M8807	0	0	0	0.001	0	0.284	0	0	0	0
12	13039627	M9335	0	0	0	0.001	0.25	0.001	0.001	0.051	0	0
13	130709150	M8826	0	0.12	0	0.059	0	0	0	0	0	0
9	17150110	M8653	0	0.057	0.097	0	0	0	0	0	0.108	0
1	115109654	M7919	0	0.221	0.14	0.001	0	0.432	0.13	0.193	0.115	0
10	63456707	M10341	0	0	0.304	0	0	0	0	0.114	0.001	0.001
5	170840052	M12671	0	0.067	0	0.001	0.001	0	0	0.001	0	0.001
1	52878079	M10426	0	0.174	0	0	0	0	0.145	0.197	0	0
9	1160235	M8260	0	0.001	0.182	0.001	0.192	0	0.083	0.136	0.186	0.452
5	62357493	M7789	0	0.153	0	0.07	0	0.001	0.146	0	0	0
19	49787480	M7740	0	0.438	0.431	0.483	0.515	0.465	0.413	0.438	0.345	0.476
