#chrom	pos	desc	normal	sample1	sample2	sample3	sample4	sample5	sample6	sample7	sample8	sample9
6	31363202	M3286	0	0	0.001	0	0.001	0	0.001	0	0	0.149
23	40318569	M3241	0	0	0	0	0.093	0	0	0	0.112	0.001
2	142429794	M3220	0	0.001	0	0	0.257	0	0.45	0.066	0	0.195
14	10297036	M3204	0	0.282	0.124	0.296	0.084	0.483	0	0.001	0.212	0.082
9	129886512	M3308	0	0	0	0.282	0.001	0	0	0	0	0
22	12533420	M3316	0	0	0.001	0.001	0.081	0	0.001	0	0.134	0
6	57036612	M3215	0	0.001	0.129	0.289	0	0.491	0.002	0.001	0.065	0.001
22	7510193	M3256	0	0	0	0	0.067	0	0	0	0	0.158
1	151876619	M3305	0	0	0	0.001	0.173	0	0	0.001	0	0
8	23906309	M3309	0	0.277	0	0	0	0	0	0.001	0	0.08
7	101651961	M3227	0	0.002	0.136	0.274	0	0.465	0	0.001	0.073	0
16	55186549	M3252	0	0	0.13	0	0.001	0.219	0.001	0	0.001	0.001
21	9555673	M3304	0	0	0.001	0.001	0	0.257	0	0	0.081	0.002
8	17507709	M3125	0	0.29	0.138	0.285	0.092	0.454	0	0	0.187	0.072
10	28283618	M3170	0	0	0.334	0.008	0.37	0.001	0.419	0.513	0.232	0.335
19	67062478	M3288	0	0.001	0	0	0.16	0	0.445	0.073	0	0.001
5	86532004	M3299	0	0	0	0.001	0.185	0.001	0.449	0	0	0
9	74760508	M3297	0	0	0.001	0	0.001	0.243	0.001	0	0.081	0
21	9159363	M3267	0	0.277	0	0	0	0.001	0	0	0	0.065
22	48849418	M3180	0	0	0.358	0.006	0.347	0.002	0.432	0.521	0.23	0.343
6	146779644	M3296	0	0.001	0	0	0.146	0	0	0.001	0	0.184
18	27676951	M3276	0	0.274	0	0.001	0	0.001	0	0	0	0.066
3	116461750	M3269	0	0.001	0	0.266	0	0.272	0	0	0.065	0
10	71046307	M3243	0	0	0	0	0.057	0	0	0	0.001	0.159
21	40525015	M3226	0	0.001	0	0.002	0	0	0.001	0	0.001	0
7	60095781	M3245	0	0	0.001	0.297	0.001	0.26	0	0.001	0.071	0.001
16	66477966	M3157	0	0	0.318	0.007	0.352	0.001	0.466	0.495	0.226	0.344
16	78917258	M3277	0	0	0	0.008	0	0	0	0	0	0.001
7	143613626	M3261	0	0	0	0.161	0.001	0	0.002	0	0	0
4	25298416	M3251	0	0	0	0.001	0.124	0.001	0	0	0	0.182
15	55926681	M3158	0	0.276	0.132	0.294	0.085	0.478	0.001	0	0.196	0.073
13	48050880	M3237	0	0	0.001	0	0.057	0	0	0	0	0.139
9	141592672	M3300	0	0	0	0	0	0	0.001	0	0.103	0
9	89276889	M3150	0	0	0.337	0.006	0.365	0	0.434	0.491	0.241	0.328
12	42130848	M3315	0	0	0	0.001	0.122	0.001	0	0	0.001	0.175
2	11496765	M3211	0	0	0.362	0.008	0.002	0	0	0.434	0	0
9	33936364	M3151	0	0.3	0.128	0.3	0.115	0.469	0	0	0.193	0.07
12	81691314	M3186	0	0	0	0.001	0.372	0	0.439	0.058	0.23	0.37
7	131381088	M3292	0	0	0.001	0	0.001	0	0	0	0.112	0.001
21	57705784	M3312	0	0.001	0	0.186	0.001	0	0	0.001	0	0
19	63769198	M3311	0	0.179	0.001	0	0	0	0	0.001	0	0.001
11	39309239	M3285	0	0	0.23	0	0.001	0	0.001	0.295	0	0
7	63875419	M3139	0	0	0.318	0.009	0.383	0.001	0.441	0.489	0.234	0.365
2	94809179	M3257	0	0.001	0.139	0	0	0.234	0	0.001	0	0.002
21	41466042	M3225	0	0	0.001	0	0.155	0	0.462	0.07	0.001	0.001
8	150657306	M3254	0	0	0.333	0	0	0	0.001	0.445	0	0
5	43810690	M3192	0	0	0	0	0.296	0	0.458	0.059	0.002	0.2
22	50668867	M3307	0	0	0	0	0.088	0	0	0	0.132	0
