#chrom	pos	desc	normal	sample1	sample2	sample3	sample4	sample5	sample6	sample7	sample8	sample9
8	85665912	M639	0	0.001	0	0	0	0	0.034	0	0	0
1	43570327	M662	0	0	0.002	0.19	0.001	0.001	0	0	0.001	0
3	6454447	M727	0	0	0.1	0.003	0.001	0.001	0	0	0	0
5	91487872	M720	0	0	0	0.151	0	0	0	0	0.001	0.001
8	99948994	M690	0	0	0	0	0	0	0.038	0	0	0.001
7	77811980	M652	0	0	0	0	0.14	0	0.001	0	0.122	0
17	55211721	M627	0	0	0	0	0.071	0	0	0	0	0
14	50896467	M622	0	0.001	0	0.001	0.002	0	0.2	0	0.001	0
7	53263467	M607	0	0.222	0	0.173	0	0.001	0	0	0.002	0
19	27036983	M665	0	0	0.316	0	0	0	0	0	0	0
3	57128125	M659	0	0	0.001	0	0.001	0.001	0.001	0	0	0
16	20166021	M643	0	0	0	0.001	0	0	0	0.001	0	0.001
1	185629638	M621	0	0	0.003	0.149	0.052	0	0.001	0	0	0.181
6	170641953	M657	0	0	0.001	0	0	0	0	0.001	0	0.195
12	83716866	M636	0	0.001	0.001	0	0.151	0.001	0	0	0.002	0.001
18	44760020	M650	0	0	0.002	0	0	0	0.043	0.001	0.001	0
19	73100391	M678	0	0	0	0	0	0	0.206	0	0	0
19	5437667	M671	0	0	0.001	0.183	0.097	0.001	0.001	0.001	0	0
11	26533220	M721	0	0	0	0	0.001	0	0.001	0.001	0.095	0
16	63506994	M645	0	0	0.094	0.001	0	0.001	0	0.001	0.1	0.001
18	49604204	M700	0	0	0	0	0.055	0	0.002	0	0	0
23	13337842	M694	0	0	0	0	0	0	0.209	0	0.002	0
7	135255538	M623	0	0.226	0	0	0	0.002	0.22	0.495	0.126	0.054
16	45817790	M616	0	0.001	0.001	0.15	0.234	0.001	0	0.001	0.001	0
7	140515070	M667	0	0	0.001	0.002	0	0	0	0.001	0	0.21
19	53870284	M701	0	0	0.003	0	0.001	0	0	0	0.082	0
13	122516775	M693	0	0	0.001	0.001	0	0	0	0.349	0.001	0
11	97444551	M655	0	0	0.002	0.158	0.108	0	0	0	0	0
11	79136058	M717	0	0	0.001	0	0.001	0.001	0	0.001	0	0.177
16	89644071	M614	0	0.216	0.001	0.177	0	0.002	0	0.001	0	0.001
19	16887424	M604	0	0.422	0.448	0.34	0.227	0.502	0.283	0.51	0.441	0.444
12	7084290	M626	0	0.001	0	0.174	0.222	0	0.001	0	0	0.002
21	34367338	M687	0	0.002	0.11	0	0.001	0	0.001	0	0	0.002
11	105319092	M682	0	0.002	0	0	0	0	0	0	0.099	0
10	49547142	M634	0	0	0.001	0	0	0	0.001	0	0	0.224
19	31758857	M648	0	0.236	0	0.001	0	0.001	0	0.001	0	0
13	104475202	M672	0	0.001	0	0	0.001	0	0	0	0.002	0.001
21	47694240	M608	0	0.227	0	0	0.148	0.518	0.298	0.482	0.247	0.053
20	38464877	M681	0	0	0	0.137	0.108	0	0	0	0.002	0
3	122329215	M610	0	0.002	0.002	0.001	0.149	0.514	0.044	0	0.12	0
15	99654754	M625	0	0.002	0.338	0	0	0	0.001	0	0.001	0.001
23	38723856	M615	0	0	0.338	0.16	0.054	0	0	0.001	0.113	0.214
