#chrom	pos	desc	normal	sample1	sample2	sample3	sample4	sample5	sample6	sample7	sample8	sample9
8	85665912	M639	0	0	0	0	0	0	0.0333	0	0	0
1	43570327	M662	0	0	0	0.1778	0	0	0	0	0	0
3	6454447	M727	0	0	0.1	0	0	0	0	0	0	0
5	91487872	M720	0	0	0	0.1663	0	0	0	0	0	0
8	99948994	M690	0	0	0	0	0	0	0.0333	0	0	0
7	77811980	M652	0	0	0	0	0.1476	0	0	0	0.1337	0
17	55211721	M627	0	0	0	0	0.0601	0	0	0	0	0
14	50896467	M622	0	0	0	0	0	0	0.1995	0	0	0
7	53263467	M607	0	0.2086	0	0.1779	0	0	0	0	0	0
19	27036983	M665	0	0	0.3398	0	0	0	0	0	0	0
3	57128125	M659	0	0	0	0.0004	0	0	0	0	0	0
16	20166021	M643	0	0	0	0.0004	0	0	0	0	0	0
1	185629638	M621	0	0	0	0.1522	0.0601	0	0	0	0	0.1979
6	170641953	M657	0	0	0	0	0	0	0	0	0	0.1979
12	83716866	M636	0	0	0	0	0.1319	0	0	0	0	0
18	44760020	M650	0	0	0	0	0	0	0.0409	0	0	0
19	73100391	M678	0	0	0	0	0	0	0.23	0	0	0
19	5437667	M671	0	0	0	0.1663	0.0965	0	0	0	0	0
11	26533220	M721	0	0	0	0	0	0	0	0	0.1097	0
16	63506994	M645	0	0	0.1	0	0	0	0	0	0.0936	0
18	49604204	M700	0	0	0	0	0.0601	0	0	0	0	0
23	13337842	M694	0	0	0	0	0	0	0.23	0	0	0
7	135255538	M623	0	0.2329	0	0	0	0	0.23	0.4905	0.1079	0.0549
16	45817790	M616	0	0	0	0.1663	0.2284	0	0	0	0	0
7	140515070	M667	0	0	0	0	0	0	0	0	0	0.1982
19	53870284	M701	0	0	0	0	0	0	0	0	0.0936	0
13	122516775	M693	0	0	0	0	0	0	0	0.3291	0	0
11	97444551	M655	0	0	0	0.1663	0.0965	0	0	0	0	0
11	79136058	M717	0	0	0	0	0	0	0	0	0	0.1982
16	89644071	M614	0	0.2086	0	0.1779	0	0	0	0	0	0
19	16887424	M604	0	0.4415	0.4398	0.3305	0.2077	0.4864	0.2709	0.4905	0.4449	0.4511
12	7084290	M626	0	0	0	0.1663	0.2284	0	0	0	0	0
21	34367338	M687	0	0	0.1	0	0	0	0	0	0	0
11	105319092	M682	0	0	0	0	0	0	0	0	0.1097	0
10	49547142	M634	0	0	0	0	0	0	0	0	0	0.1979
19	31758857	M648	0	0.2329	0	0	0	0	0	0	0	0
13	104475202	M672	0	0	0	0.0004	0	0	0	0	0	0
21	47694240	M608	0	0.2329	0	0	0.1476	0.4864	0.2709	0.4905	0.2416	0.0549
20	38464877	M681	0	0	0	0.1663	0.0965	0	0	0	0	0
3	122329215	M610	0	0	0	0	0.1476	0.4864	0.0409	0	0.1337	0
15	99654754	M625	0	0	0.3398	0	0	0	0	0	0	0
23	38723856	M615	0	0	0.3398	0.1522	0.0601	0	0	0	0.1097	0.1979
