#chrom	pos	desc	normal	sample1	sample2	sample3	sample4	sample5	sample6	sample7	sample8	sample9
2	105482131	M7287	0	0	0	0.108	0	0	0	0	0	0
19	14975925	M6628	0	0.0491	0	0	0.1206	0	0	0	0.1152	0.2217
3	20975435	M6705	0	0	0	0	0	0	0	0	0.0778	0
3	20691964	M7060	0	0	0	0.0544	0	0	0	0	0	0
5	146211494	M8101	0	0	0	0.0516	0	0	0	0	0	0
8	44184284	M6624	0	0	0.0842	0	0	0	0	0	0	0
15	31800098	M6788	0	0	0	0	0	0	0.2445	0	0	0
5	151121731	M7385	0	0	0	0	0	0	0	0	0.1152	0
22	2017343	M7137	0	0	0	0	0	0.1853	0	0	0	0
6	71697302	M7726	0	0	0	0	0	0	0.2378	0	0	0
10	103466910	M7108	0	0	0.1391	0	0	0	0	0	0	0
17	9247268	M6740	0	0.0491	0	0	0	0	0	0	0	0
14	10142907	M6668	0	0.0491	0	0	0	0	0	0	0	0
2	98362066	M6714	0	0	0	0.2149	0	0	0	0	0	0
11	129602652	M6625	0	0	0	0.2541	0.1486	0	0.2445	0	0.095	0
9	19800039	M7354	0	0	0	0	0	0	0	0	0.0852	0
4	130745983	M7403	0	0	0	0	0	0	0.1965	0	0	0
1	240263862	M7001	0	0	0	0	0	0	0	0	0	0.2616
15	17996812	M6629	0	0	0	0	0	0	0	0	0.1041	0
4	139610845	M6634	0	0	0.1391	0	0	0	0	0.4927	0	0
2	31874374	M7394	0	0	0	0	0	0	0	0	0	0.2616
3	177555465	M6640	0	0	0	0	0.1206	0	0	0	0	0
2	34326831	M6647	0	0.0491	0	0	0	0	0	0	0.1152	0
21	25647984	M6658	0	0	0	0	0.1538	0	0	0	0	0
1	224839750	M6770	0	0	0	0	0	0	0	0	0	0.2616
22	33238807	M7068	0	0	0	0	0.0947	0	0	0	0	0
19	43317834	M6645	0	0	0	0.0544	0	0	0	0	0	0
22	47228970	M6644	0	0	0	0	0	0	0.2445	0	0	0
14	72281478	M6677	0	0	0	0	0.1486	0	0	0	0	0
4	77669642	M6627	0	0	0.2023	0	0	0	0	0.4927	0	0
12	132002041	M6648	0	0	0	0	0	0	0.2378	0	0	0
5	167879111	M7584	0	0	0	0	0	0.2953	0	0	0	0
5	8095810	M6745	0	0	0	0.1277	0	0	0	0	0	0
8	9834809	M6622	0	0	0.2864	0	0	0.1853	0	0.4927	0.0852	0
20	35461307	M7862	0	0	0	0	0	0.1853	0	0	0	0
15	94447239	M7133	0	0	0	0	0.1486	0	0	0	0	0
22	39240758	M7164	0	0	0	0.2149	0	0	0	0	0	0
8	125467407	M6949	0	0	0	0	0	0	0	0	0.0852	0
21	11225252	M7357	0	0	0.1143	0	0	0	0	0	0	0
23	47792653	M6638	0	0	0	0	0	0	0	0	0.095	0
9	133608916	M6856	0	0	0	0	0.1206	0	0	0	0	0
18	23601133	M6664	0	0	0	0	0	0	0	0	0.114	0
1	80657471	M6709	0	0	0.1143	0	0	0	0	0	0	0
4	60113884	M6736	0	0	0	0	0.1206	0	0	0	0	0
11	106919829	M6964	0	0	0	0	0	0	0.2378	0	0	0
16	434897	M6757	0	0	0	0	0	0	0	0	0.1152	0
20	56576003	M6633	0	0	0	0.0544	0.1538	0.2953	0	0	0	0
21	47559978	M6952	0	0	0.1143	0	0	0	0	0	0	0
10	24762289	M6974	0	0.0491	0	0	0	0	0	0	0	0
