#chrom	pos	desc	normal	sample1	sample2	sample3	sample4	sample5	sample6	sample7	sample8	sample9
12	50432877	M933	0	0	0.4932	0	0	0	0	0	0	0
2	25594750	M892	0	0.2831	0	0	0	0	0	0	0	0
1	91676032	M886	0	0	0	0.1131	0	0.1501	0	0	0.1526	0.1015
3	58045933	M891	0	0	0	0	0	0	0	0	0.1636	0
18	42682888	M895	0	0	0.4932	0.3742	0	0	0	0	0.126	0
15	6168566	M889	0	0	0	0	0.4673	0	0	0.1618	0.0504	0
8	129653039	M911	0	0.2831	0	0	0	0	0	0	0	0
20	20839727	M884	0	0	0	0.1131	0	0.1501	0	0	0.1526	0.1015
17	23278722	M929	0	0	0	0	0	0	0	0.0843	0	0.34
3	60956584	M953	0	0	0	0	0	0	0	0.1618	0	0
23	16873578	M887	0	0.0829	0.4932	0.3742	0	0	0	0	0.126	0
10	20939064	M920	0	0.0697	0	0	0	0	0	0	0	0
6	46779288	M916	0	0	0	0	0	0	0	0	0.1526	0
7	68109306	M890	0	0	0	0	0	0.1577	0.2435	0.0575	0	0
10	17308798	M894	0	0	0	0.1131	0	0.1501	0	0	0	0.1015
16	57486159	M939	0	0	0	0	0	0	0	0	0.1526	0
9	143753174	M925	0	0	0	0.1131	0	0	0	0	0	0.1015
17	926799	M973	0	0	0	0	0	0	0	0	0	0.1015
11	65279255	M903	0	0	0.4932	0	0	0	0	0	0.126	0
5	137233670	M909	0	0	0	0	0.4673	0	0	0	0	0
3	130730830	M912	0	0	0	0	0	0.1501	0	0	0	0
12	104826439	M898	0	0	0	0	0	0.1563	0	0.0843	0	0.34
17	32893580	M963	0	0	0	0	0.4673	0	0	0	0	0
3	17892571	M965	0	0	0	0	0	0.1501	0	0	0	0
12	109731263	M976	0	0	0	0	0	0	0	0.0843	0	0.34
9	119154045	M952	0	0	0	0.1322	0	0	0	0	0	0
22	26734113	M885	0	0	0	0	0.4673	0	0	0.1618	0.0504	0
18	65199267	M949	0	0	0	0	0	0.1577	0.2435	0	0	0
14	44042020	M970	0	0.0697	0	0	0	0	0	0	0	0
1	6579701	M955	0	0	0	0	0	0.1563	0	0	0	0
20	10569087	M882	0	0.4357	0.4932	0.4873	0	0.3064	0	0.1949	0.4422	0.4416
14	9058098	M958	0	0	0	0	0	0	0	0	0.126	0
23	19347860	M943	0	0	0	0	0	0	0	0.1106	0	0
14	39034870	M900	0	0	0	0	0	0	0	0	0.1526	0
11	83290695	M946	0	0.0829	0	0	0	0	0	0	0	0
18	21584170	M883	0	0.4357	0.4932	0.3742	0	0	0	0	0.126	0
1	67667162	M897	0	0	0	0	0	0	0.1924	0	0	0
