#chrom	pos	desc	normal	sample1	sample2	sample3	sample4	sample5	sample6	sample7	sample8	sample9
12	50432877	M933	0	0	0.484	0	0	0	0.001	0	0	0
2	25594750	M892	0	0.297	0.001	0	0	0.003	0.001	0	0	0.001
1	91676032	M886	0	0.001	0	0.107	0.001	0.139	0.001	0.001	0.128	0.095
3	58045933	M891	0	0.001	0	0.001	0.001	0	0	0	0.167	0
18	42682888	M895	0	0.001	0.471	0.353	0.001	0	0	0.001	0.099	0
15	6168566	M889	0	0	0.001	0	0.468	0	0	0.17	0.043	0
8	129653039	M911	0	0.274	0	0.001	0	0.001	0	0	0	0
20	20839727	M884	0	0.001	0	0.12	0.002	0.171	0	0	0.143	0.11
17	23278722	M929	0	0	0.001	0	0	0	0	0.095	0.001	0.355
3	60956584	M953	0	0.001	0.001	0	0	0	0.002	0.151	0.001	0
23	16873578	M887	0	0.082	0.498	0.386	0.002	0	0	0	0.143	0.001
10	20939064	M920	0	0.087	0	0.001	0	0	0	0	0	0.001
6	46779288	M916	0	0.001	0	0	0	0.001	0.001	0	0.161	0
7	68109306	M890	0	0	0	0.001	0	0.144	0.271	0.046	0	0.001
10	17308798	M894	0	0.001	0	0.125	0	0.143	0	0	0.001	0.098
16	57486159	M939	0	0.001	0	0	0	0	0	0.001	0.14	0
9	143753174	M925	0	0	0	0.109	0.001	0	0	0	0	0.124
17	926799	M973	0	0	0	0.001	0.002	0	0.003	0	0	0.087
11	65279255	M903	0	0	0.476	0.003	0.001	0	0	0	0.131	0
5	137233670	M909	0	0.001	0.002	0.001	0.473	0	0	0.001	0.002	0.001
3	130730830	M912	0	0	0	0	0.001	0.152	0	0	0	0
12	104826439	M898	0	0	0.001	0	0	0.168	0	0.087	0	0.36
17	32893580	M963	0	0	0	0	0.446	0	0	0	0.001	0
3	17892571	M965	0	0	0.001	0	0	0.151	0	0	0	0.001
12	109731263	M976	0	0	0	0	0	0	0	0.087	0.001	0.338
9	119154045	M952	0	0.001	0	0.134	0	0.001	0.001	0.001	0	0
22	26734113	M885	0	0	0.001	0	0.459	0	0	0.171	0.041	0
18	65199267	M949	0	0	0	0	0	0.162	0.234	0	0.001	0
14	44042020	M970	0	0.053	0	0	0	0	0.001	0.001	0	0
1	6579701	M955	0	0	0	0.001	0	0.146	0.001	0.001	0	0
20	10569087	M882	0	0.464	0.47	0.513	0.001	0.324	0	0.205	0.45	0.448
14	9058098	M958	0	0.001	0	0.001	0	0	0	0	0.104	0
23	19347860	M943	0	0	0	0	0	0	0	0.1	0	0
14	39034870	M900	0	0	0.001	0	0.001	0	0	0	0.176	0
11	83290695	M946	0	0.058	0	0	0	0	0	0	0	0
18	21584170	M883	0	0.427	0.495	0.403	0	0	0	0	0.122	0
1	67667162	M897	0	0	0	0	0.001	0	0.183	0.001	0	0
