#chrom	pos	desc	normal	sample1	sample2	sample3	sample4	sample5	sample6	sample7	sample8	sample9
13	5966154	M14115	0	0	0	0	0	0	0	0	0	0.4637
19	34762379	M13263	0	0	0	0.1752	0.2043	0.1138	0	0.184	0	0
10	48256595	M14247	0	0	0	0.1388	0	0	0	0	0	0
9	25311072	M14188	0	0	0	0	0	0.1738	0	0	0	0
2	235982865	M14395	0	0	0	0	0.1531	0	0	0	0	0
8	104436653	M13780	0	0	0	0	0	0	0.1303	0.1461	0	0
11	91805203	M13853	0	0	0	0	0	0.1738	0	0	0	0
20	21726512	M14398	0	0	0	0	0	0	0	0	0.3399	0
13	1639302	M13488	0	0	0	0	0	0.1738	0	0	0	0
12	75655737	M14241	0	0	0	0	0	0.1738	0	0	0	0
2	65156836	M14049	0	0	0.2267	0.1388	0	0.1273	0.2145	0.1283	0	0
21	3480031	M14174	0	0	0	0	0	0.1138	0	0.184	0	0
21	34455889	M14434	0	0	0	0	0.1328	0	0	0	0	0
3	125196931	M14044	0	0	0	0	0	0.1738	0	0	0	0
8	83681151	M14426	0	0	0	0	0.0344	0	0	0	0	0
18	20820609	M13494	0	0.4053	0.1969	0.0913	0.3463	0	0.0947	0	0.3399	0.4637
16	4493472	M13770	0	0	0	0	0	0.1285	0	0.2255	0	0
13	5282096	M13347	0	0	0	0.1048	0.1531	0.1285	0	0.2255	0	0
15	44945370	M14225	0	0	0.1969	0	0.3119	0	0.0947	0	0.3399	0
8	41474453	M13639	0	0	0	0.0866	0.1172	0	0	0	0	0
13	63138646	M14017	0	0	0	0	0	0	0	0	0	0.4637
5	172501867	M13764	0	0	0	0	0	0.2962	0	0	0	0
20	60463817	M14229	0	0	0	0	0	0	0	0	0	0.4637
14	27363254	M14392	0	0	0	0.0787	0	0	0	0	0	0
23	23669768	M14163	0	0	0	0.1048	0.1531	0	0	0	0	0
14	9950867	M13641	0	0	0	0	0	0.1285	0	0.2255	0	0
1	227257090	M14446	0	0	0	0	0.1531	0	0	0	0	0
5	20751248	M13348	0	0.4053	0.1969	0.0913	0.3463	0	0.0947	0	0.3399	0.4637
8	108786737	M14376	0	0	0	0	0	0	0	0.1283	0	0
13	98669663	M14383	0	0	0.1969	0	0.3119	0	0.0838	0	0	0
9	18404624	M14266	0	0.3068	0	0.0913	0.0344	0	0	0	0	0
3	104146750	M13851	0	0	0	0	0	0.1285	0	0.2255	0	0
10	60144957	M13649	0	0.4053	0.1969	0.0913	0.3463	0	0.0838	0	0.3399	0.4637
5	82682563	M13305	0	0	0	0.1048	0.1531	0.1285	0	0.2255	0	0
23	22463395	M13540	0	0.4053	0.1969	0.0913	0.3463	0	0.0947	0	0.3399	0.4637
8	76877945	M14408	0	0	0	0	0	0	0	0	0	0.4637
6	128719235	M13246	0	0	0	0.1048	0.1531	0.1285	0	0.2255	0	0
2	95285135	M14035	0	0	0	0.1048	0.1531	0	0	0	0	0
23	22862604	M13250	0	0	0	0	0	0.1738	0	0	0	0
22	35215287	M14085	0	0	0.2267	0.1388	0	0.1273	0.2145	0.1283	0	0
17	25208127	M14232	0	0	0.1605	0	0.3119	0	0.078	0	0.3399	0
16	41271967	M13367	0	0	0	0	0	0.1738	0	0	0	0
9	81902419	M14367	0	0	0	0	0	0.1738	0	0	0	0
22	35030676	M13831	0	0	0	0	0	0.1285	0	0.2255	0	0
23	29466211	M13677	0	0.4053	0.1969	0.0826	0.3003	0	0.0947	0	0.3399	0.4637
8	37557657	M14147	0	0	0	0.0866	0.1172	0	0	0	0	0
13	49829399	M13787	0	0	0	0	0	0.1285	0	0.2255	0	0
20	39352321	M14413	0	0	0	0	0	0.1285	0	0.2255	0	0
19	3577122	M14378	0	0	0	0.1161	0	0	0	0	0	0
19	22187896	M14433	0	0	0	0.1161	0	0	0	0	0	0
14	69097983	M14390	0	0	0	0	0	0.1273	0	0	0	0
15	28387817	M13972	0	0	0	0	0	0.1285	0	0.2255	0	0
8	117303035	M13820	0	0	0	0	0	0.1738	0	0	0	0
6	146215335	M13828	0	0.4053	0.1969	0.0913	0.3463	0	0.0947	0	0.3399	0.4637
13	79426834	M13707	0	0	0	0	0	0.1738	0	0	0	0
8	61774643	M14345	0	0	0.1969	0	0.2388	0	0.0838	0	0	0
8	112919655	M13973	0	0.3068	0.1969	0.0913	0.3463	0	0.0947	0	0.3399	0
19	52248238	M14450	0	0	0	0	0	0	0.0947	0	0	0
13	126397880	M13940	0	0.4053	0.1969	0.0913	0.3463	0	0.0838	0	0.3399	0.4637
16	36804618	M13330	0	0	0	0	0	0	0.1303	0.1461	0	0
13	33257708	M13407	0	0	0	0	0	0.1738	0	0	0	0
6	89245849	M14327	0	0	0	0	0	0	0.2145	0	0	0
18	7238720	M13669	0	0	0	0	0	0	0.1303	0.1461	0	0
15	79124898	M13993	0	0.0985	0	0	0	0	0	0	0	0.4637
11	32068326	M13516	0	0	0	0.1048	0.1531	0	0	0	0	0
13	43891112	M13217	0	0	0	0.1048	0.1531	0.3023	0	0.2255	0	0
2	125981488	M14129	0	0	0	0	0	0	0.1153	0.1274	0	0
19	5590853	M13220	0	0	0	0.0876	0.1021	0.3817	0	0.368	0	0
17	13385432	M14422	0	0	0	0	0	0	0	0.1137	0	0
17	61358807	M14305	0	0	0	0	0	0	0	0	0.2537	0
23	10868263	M13933	0	0	0.2267	0.1388	0	0.1273	0.2145	0.1283	0	0
4	121122867	M13468	0	0	0	0	0	0.1481	0	0	0	0
10	78115977	M13843	0	0	0	0	0	0	0.1303	0.1461	0	0
15	71926914	M14108	0	0	0	0	0	0.0986	0	0.184	0	0
21	29332273	M14274	0	0	0	0	0	0	0.1303	0.1192	0	0
18	25956306	M14365	0	0	0	0.1388	0	0	0	0	0	0
20	58630700	M14215	0	0	0.329	0	0.4755	0	0.173	0	0.3399	0
8	10661766	M14440	0	0	0	0.065	0	0	0	0	0	0
15	18735525	M14175	0	0	0	0.1048	0.1531	0	0	0	0	0
10	125685042	M14006	0	0	0.2267	0.1388	0	0.1273	0.2145	0.1283	0	0
17	49077824	M14209	0	0	0	0	0	0	0	0	0	0.3168
1	47379170	M13800	0	0	0	0.1048	0.1531	0	0	0	0	0
19	26967952	M14369	0	0	0	0	0	0.1128	0	0	0	0
3	5238320	M13328	0	0	0	0.0948	0.1328	0.1285	0	0.2255	0	0
8	16780845	M14303	0	0	0	0.0866	0.1172	0	0	0	0	0
17	71637520	M14391	0	0	0	0	0	0	0	0.1283	0	0
3	156683575	M14352	0	0	0	0	0	0	0	0.1283	0	0
4	94808711	M13550	0	0	0	0	0	0.1738	0	0	0	0
14	12519124	M14409	0	0.3068	0	0.0913	0.0344	0	0	0	0	0
21	56999262	M14453	0	0	0	0	0	0	0	0.2255	0	0
22	52851861	M14393	0	0	0.2267	0	0	0	0	0	0	0
15	84115229	M14445	0	0	0	0.1257	0	0	0	0	0	0
5	145138790	M14368	0	0	0	0	0	0	0	0	0.08	0
10	98841234	M13653	0	0	0	0	0	0.1738	0	0	0	0
19	51190596	M13580	0	0	0	0.1048	0.1531	0	0	0	0	0
6	79833566	M13429	0	0	0	0	0	0	0.1303	0.1461	0	0
10	69591232	M13362	0	0	0	0.1048	0.1531	0.1285	0	0.1968	0	0
16	22851943	M13307	0	0	0	0.1048	0.1531	0.1285	0	0.2255	0	0
18	25269095	M14443	0	0	0	0	0	0	0	0.2255	0	0
18	50705344	M14213	0	0	0	0	0	0	0.2145	0.1283	0	0
14	56377007	M14319	0	0	0.1969	0	0.3119	0	0.0947	0	0	0
15	59412801	M14304	0	0	0	0	0	0	0	0	0	0.4637
15	93718443	M14431	0	0	0	0	0	0.1335	0	0	0	0
6	141355559	M13995	0	0.3068	0.1969	0.0913	0.3463	0	0.0947	0	0.3399	0
21	48070100	M13585	0	0	0	0	0	0.1285	0	0.2255	0	0
17	84263828	M13713	0	0	0	0	0	0	0.119	0.1461	0	0
16	39704226	M13298	0	0	0	0.1048	0.1531	0.1285	0	0.2255	0	0
20	11838187	M13278	0	0	0	0	0	0.1738	0	0	0	0
11	84432815	M13844	0	0	0	0	0	0.1738	0	0	0	0
4	181526700	M13814	0	0	0	0	0	0.1094	0	0.2255	0	0
13	63359022	M14373	0	0.3068	0	0.0913	0.0344	0	0	0	0	0
9	122047349	M13336	0	0.4586	0.1969	0.0913	0.3463	0	0.0947	0	0.3399	0.6336
12	92395729	M14139	0	0	0	0	0	0.1738	0	0	0	0
19	22433753	M14155	0	0	0	0	0	0.1138	0	0.184	0	0
