#chrom	pos	desc	normal	sample1	sample2	sample3	sample4	sample5	sample6	sample7	sample8	sample9
13	5966154	M14115	0	0	0	0	0	0	0	0	0	0.462
19	34762379	M13263	0	0.001	0	0.193	0.204	0.1	0	0.19	0	0
10	48256595	M14247	0	0.001	0.001	0.128	0	0	0	0.001	0	0
9	25311072	M14188	0	0.001	0	0	0.001	0.183	0	0	0	0
2	235982865	M14395	0	0.001	0	0.001	0.146	0	0.001	0	0.001	0
8	104436653	M13780	0	0	0.001	0.001	0	0.001	0.149	0.136	0.002	0
11	91805203	M13853	0	0	0.001	0	0	0.211	0.001	0.002	0.001	0
20	21726512	M14398	0	0	0	0	0	0	0	0	0.338	0.002
13	1639302	M13488	0	0	0	0	0	0.178	0.002	0	0	0
12	75655737	M14241	0	0	0.001	0	0	0.176	0	0	0	0
2	65156836	M14049	0	0	0.23	0.122	0	0.111	0.207	0.123	0	0
21	3480031	M14174	0	0.001	0	0	0	0.113	0	0.173	0	0
21	34455889	M14434	0	0	0	0	0.139	0	0	0	0	0.001
3	125196931	M14044	0	0	0	0.001	0.001	0.171	0	0	0	0
8	83681151	M14426	0	0	0	0	0.043	0	0	0	0	0
18	20820609	M13494	0	0.408	0.184	0.096	0.339	0	0.122	0	0.351	0.454
16	4493472	M13770	0	0.001	0	0	0.001	0.136	0.001	0.214	0	0
13	5282096	M13347	0	0	0.001	0.106	0.142	0.131	0	0.24	0	0
15	44945370	M14225	0	0.001	0.188	0	0.312	0	0.083	0.001	0.357	0
8	41474453	M13639	0	0.002	0	0.093	0.112	0	0	0.001	0.001	0
13	63138646	M14017	0	0.001	0	0	0	0	0	0.001	0	0.442
5	172501867	M13764	0	0.001	0.001	0	0	0.301	0.001	0	0.001	0
20	60463817	M14229	0	0	0	0	0	0	0	0	0.001	0.484
14	27363254	M14392	0	0	0	0.089	0	0.001	0	0	0	0
23	23669768	M14163	0	0	0	0.103	0.143	0.001	0	0	0.001	0
14	9950867	M13641	0	0	0.001	0.001	0	0.137	0	0.225	0	0.002
1	227257090	M14446	0	0	0	0	0.162	0.002	0	0	0	0
5	20751248	M13348	0	0.387	0.175	0.096	0.354	0	0.098	0	0.351	0.458
8	108786737	M14376	0	0	0	0.001	0	0.001	0.001	0.122	0	0
13	98669663	M14383	0	0	0.2	0	0.328	0	0.085	0	0.001	0.001
9	18404624	M14266	0	0.285	0.001	0.102	0.031	0	0.001	0	0	0
3	104146750	M13851	0	0	0.001	0	0	0.136	0	0.213	0	0.001
10	60144957	M13649	0	0.384	0.183	0.084	0.356	0	0.083	0	0.356	0.483
5	82682563	M13305	0	0.003	0	0.119	0.164	0.141	0	0.212	0	0
23	22463395	M13540	0	0.423	0.181	0.095	0.346	0	0.087	0	0.332	0.443
8	76877945	M14408	0	0	0	0.001	0.001	0	0	0	0.001	0.445
6	128719235	M13246	0	0	0.001	0.095	0.145	0.126	0	0.208	0	0
2	95285135	M14035	0	0	0	0.095	0.149	0	0	0	0	0
23	22862604	M13250	0	0.001	0	0	0	0.161	0	0.001	0	0
22	35215287	M14085	0	0	0.226	0.142	0	0.128	0.207	0.111	0	0
17	25208127	M14232	0	0	0.159	0	0.336	0	0.069	0	0.321	0
16	41271967	M13367	0	0	0.001	0.001	0	0.156	0.001	0	0	0
9	81902419	M14367	0	0.001	0.002	0.001	0	0.196	0	0	0.001	0
22	35030676	M13831	0	0	0	0	0.001	0.137	0	0.219	0.002	0
23	29466211	M13677	0	0.395	0.201	0.09	0.307	0.002	0.105	0	0.34	0.467
8	37557657	M14147	0	0	0.001	0.088	0.109	0	0	0.001	0	0
13	49829399	M13787	0	0	0	0	0.001	0.141	0	0.21	0.001	0
20	39352321	M14413	0	0.002	0	0	0.001	0.131	0	0.22	0	0
19	3577122	M14378	0	0.001	0.001	0.112	0	0	0	0	0	0
19	22187896	M14433	0	0.001	0	0.102	0	0.001	0	0	0	0.001
14	69097983	M14390	0	0	0.002	0	0	0.135	0.001	0	0	0
15	28387817	M13972	0	0	0.001	0.001	0.001	0.121	0.001	0.218	0.001	0
8	117303035	M13820	0	0	0	0	0	0.17	0	0	0	0
6	146215335	M13828	0	0.43	0.185	0.095	0.35	0	0.107	0.001	0.343	0.448
13	79426834	M13707	0	0	0	0	0	0.163	0.002	0	0	0.001
8	61774643	M14345	0	0	0.2	0.002	0.235	0	0.076	0	0.001	0
8	112919655	M13973	0	0.298	0.205	0.084	0.357	0	0.086	0	0.339	0
19	52248238	M14450	0	0.001	0	0.001	0.001	0	0.107	0	0	0
13	126397880	M13940	0	0.398	0.188	0.086	0.34	0	0.086	0.001	0.341	0.464
16	36804618	M13330	0	0	0	0	0.001	0	0.145	0.149	0	0
13	33257708	M13407	0	0	0.001	0	0.001	0.174	0.002	0.001	0	0
6	89245849	M14327	0	0.002	0.001	0	0	0.001	0.226	0	0	0.001
18	7238720	M13669	0	0	0	0	0.001	0	0.134	0.152	0	0
15	79124898	M13993	0	0.091	0	0	0.001	0.001	0	0.002	0	0.464
11	32068326	M13516	0	0	0.001	0.098	0.149	0	0	0	0.001	0
13	43891112	M13217	0	0	0	0.105	0.155	0.301	0.001	0.224	0	0
2	125981488	M14129	0	0	0	0	0	0	0.114	0.123	0	0
19	5590853	M13220	0	0	0	0.094	0.103	0.382	0	0.377	0.001	0.002
17	13385432	M14422	0	0	0	0.001	0	0	0	0.12	0	0
17	61358807	M14305	0	0	0	0	0	0	0	0	0.219	0
23	10868263	M13933	0	0	0.226	0.123	0.001	0.14	0.209	0.132	0.001	0.001
4	121122867	M13468	0	0	0	0	0	0.157	0	0	0	0.001
10	78115977	M13843	0	0	0	0	0.002	0	0.121	0.148	0.001	0
15	71926914	M14108	0	0	0.001	0	0.001	0.111	0	0.203	0	0
21	29332273	M14274	0	0.001	0.001	0	0.001	0.001	0.134	0.134	0.001	0.001
18	25956306	M14365	0	0	0	0.13	0	0.001	0.001	0.001	0	0.001
20	58630700	M14215	0	0	0.335	0	0.468	0.001	0.17	0.001	0.34	0
8	10661766	M14440	0	0	0	0.052	0.001	0	0	0	0	0
15	18735525	M14175	0	0	0	0.098	0.162	0	0.001	0	0.002	0
10	125685042	M14006	0	0.001	0.238	0.138	0	0.123	0.204	0.139	0.002	0.001
17	49077824	M14209	0	0.001	0	0.001	0	0	0	0.001	0	0.306
1	47379170	M13800	0	0	0	0.108	0.125	0.001	0	0.001	0	0
19	26967952	M14369	0	0	0	0	0	0.122	0.001	0.001	0	0
3	5238320	M13328	0	0	0	0.092	0.154	0.117	0	0.239	0	0
8	16780845	M14303	0	0	0.001	0.082	0.116	0.001	0	0	0	0
17	71637520	M14391	0	0.001	0	0.001	0	0.001	0	0.129	0.001	0
3	156683575	M14352	0	0	0	0	0	0	0.001	0.144	0	0
4	94808711	M13550	0	0	0.001	0	0.002	0.187	0	0	0	0.001
14	12519124	M14409	0	0.308	0	0.098	0.042	0.001	0	0	0	0
21	56999262	M14453	0	0.001	0	0	0	0	0.001	0.225	0.001	0
22	52851861	M14393	0	0	0.229	0	0	0	0	0	0	0
15	84115229	M14445	0	0	0	0.133	0.001	0	0	0	0.001	0
5	145138790	M14368	0	0	0	0	0.001	0	0	0	0.081	0
10	98841234	M13653	0	0	0.001	0.001	0	0.156	0	0.002	0	0
19	51190596	M13580	0	0	0	0.088	0.146	0	0.001	0	0	0
6	79833566	M13429	0	0.002	0	0	0	0	0.138	0.138	0	0
10	69591232	M13362	0	0	0	0.103	0.142	0.127	0	0.211	0	0
16	22851943	M13307	0	0.002	0	0.107	0.151	0.123	0.002	0.231	0.001	0
18	25269095	M14443	0	0	0	0.001	0	0	0	0.201	0	0
18	50705344	M14213	0	0	0.001	0	0	0	0.231	0.104	0	0.001
14	56377007	M14319	0	0	0.183	0	0.288	0	0.085	0	0	0
15	59412801	M14304	0	0	0	0	0	0	0	0	0	0.485
15	93718443	M14431	0	0	0	0.001	0	0.123	0.001	0	0	0
6	141355559	M13995	0	0.3	0.205	0.097	0.343	0.005	0.089	0	0.339	0.001
21	48070100	M13585	0	0	0	0.001	0	0.124	0	0.214	0.001	0
17	84263828	M13713	0	0	0	0	0	0.001	0.114	0.146	0	0
16	39704226	M13298	0	0	0	0.116	0.131	0.136	0	0.216	0	0
20	11838187	M13278	0	0	0	0	0	0.154	0.001	0	0	0
11	84432815	M13844	0	0	0	0.001	0.001	0.161	0	0	0.001	0
4	181526700	M13814	0	0.002	0.001	0.001	0	0.107	0	0.225	0	0.001
13	63359022	M14373	0	0.295	0	0.089	0.038	0.001	0	0.001	0	0
9	122047349	M13336	0	0.451	0.196	0.099	0.343	0	0.107	0	0.336	0.601
12	92395729	M14139	0	0	0	0	0.001	0.166	0	0	0.001	0
19	22433753	M14155	0	0	0	0	0	0.135	0	0.201	0	0
