#chrom	pos	desc	normal	sample1	sample2	sample3	sample4	sample5	sample6	sample7	sample8	sample9
19	53730655	M2028	0	0	0	0	0	0	0	0	0.1184	0
23	7087559	M1713	0	0.4086	0	0	0.1696	0	0	0.1056	0	0.4245
6	92948610	M1843	0	0	0	0	0	0	0	0	0	0.4245
5	157583287	M1666	0	0	0	0	0.0498	0	0	0	0	0
7	105401515	M1768	0	0.4086	0	0	0	0	0	0.1056	0	0
18	15751908	M1789	0	0	0	0	0.1788	0	0	0	0	0.4245
2	78970730	M2012	0	0.4086	0	0	0	0	0	0	0	0
20	46715369	M1931	0	0	0	0.0748	0	0	0	0	0	0
9	128562083	M1700	0	0	0.4101	0	0.0547	0	0	0	0.1832	0
13	116640731	M1756	0	0	0	0	0.1582	0	0	0	0	0.4245
12	105363982	M1790	0	0	0	0	0.13	0	0	0	0	0
14	34897688	M1953	0	0.4086	0	0	0	0	0	0	0	0
19	36861318	M1885	0	0	0	0	0	0	0	0	0.1832	0
17	88836607	M1754	0	0	0	0	0	0	0.051	0	0	0
16	76557970	M1898	0	0	0	0	0	0	0	0	0	0.4245
9	53619845	M1621	0	0	0.4101	0	0.0521	0	0	0	0.1832	0
12	50446984	M1896	0	0	0.4101	0	0	0	0	0	0	0
8	58634092	M2006	0	0	0	0	0	0	0	0	0.0863	0
17	37583614	M1701	0	0.4086	0	0	0.1788	0	0	0.1056	0	0.4245
22	49435702	M2021	0	0	0	0.3324	0	0	0	0	0	0
18	37549875	M1507	0	0	0.4101	0	0.0547	0	0.051	0	0.1832	0
4	39600578	M1874	0	0	0	0	0.13	0	0	0	0	0
15	78470099	M1954	0	0	0	0	0	0	0	0	0.1459	0
3	112628492	M1832	0	0	0	0	0	0	0.4054	0	0	0
5	56703384	M1873	0	0	0	0.0748	0	0	0	0	0	0
20	14847512	M1813	0	0	0	0.3324	0	0	0	0.3404	0.0863	0
15	105008317	M2027	0	0	0	0.0748	0	0	0	0	0	0
17	27230091	M1750	0	0	0	0	0.1788	0	0	0	0	0.4245
5	143618909	M1579	0	0	0.4101	0	0.0547	0	0	0	0.1832	0
3	103003218	M1987	0	0	0	0	0	0	0	0	0.0863	0
8	102871548	M1766	0	0	0	0	0.13	0.4738	0	0	0.1459	0
7	118630149	M1717	0	0	0	0	0.0498	0	0	0	0	0
5	129317415	M1817	0	0.4086	0	0	0	0	0	0.1056	0	0
18	17405228	M1670	0	0	0	0.3324	0.13	0.4738	0.4054	0.3404	0.2322	0
12	36228403	M2025	0	0	0	0	0	0.4738	0	0	0	0
4	1978834	M1913	0	0	0	0	0	0	0.4054	0	0	0
20	46227676	M1955	0	0	0	0	0	0	0	0.3404	0	0
9	66880432	M1886	0	0	0.4101	0	0.0521	0	0	0	0	0
11	114893575	M1807	0	0	0	0	0.13	0	0	0	0	0
22	46571333	M1655	0	0	0	0	0	0	0.051	0	0	0
20	40237793	M1806	0	0.4086	0	0	0	0	0	0.1056	0	0
11	103949674	M1840	0	0.4086	0	0	0	0	0	0.1056	0	0
2	27172174	M1736	0	0	0	0	0.0498	0	0	0	0	0
1	161682151	M1936	0	0	0	0	0	0	0.4054	0	0	0
21	3015526	M1644	0	0.4086	0	0	0.1788	0	0	0.1056	0	0.4245
17	78815983	M1567	0	0	0.4101	0	0.0547	0	0	0	0.1832	0
12	127973764	M1715	0	0	0.4101	0	0.0547	0	0	0	0.1832	0
7	52579043	M1763	0	0	0.4101	0	0.0547	0	0	0	0.1832	0
11	132516464	M1741	0	0	0.4101	0	0.0547	0	0	0	0.1832	0
12	102982015	M1492	0	0	0.4101	0	0.0547	0	0.051	0	0.1832	0
11	99767855	M1897	0	0	0	0	0	0.4738	0	0	0	0
10	35611767	M1845	0	0	0	0	0	0	0	0	0.1832	0
10	28964294	M1556	0	0	0.4101	0	0.0547	0	0	0	0.1832	0
21	30194213	M1891	0	0	0	0	0	0	0	0	0.1459	0
21	51863591	M1820	0	0	0.4101	0	0.0547	0	0	0	0.1832	0
15	59226724	M1941	0	0	0	0.3324	0	0	0	0	0.0863	0
8	49630456	M1946	0	0	0	0	0	0	0	0	0	0.4245
17	22974108	M1879	0	0	0.4101	0	0.0547	0	0	0	0	0
4	151517596	M2018	0	0	0	0	0	0	0.4054	0	0	0
2	129869946	M1934	0	0	0	0	0.0547	0	0	0	0	0
16	7306366	M1881	0	0.4086	0	0	0	0	0	0.1056	0	0
7	95720391	M1992	0	0	0	0	0	0.4738	0	0	0	0
22	679394	M1853	0	0	0	0	0	0	0	0	0.1459	0
17	1440809	M1680	0	0	0.4101	0	0.0547	0	0	0	0.1832	0
8	122998844	M1859	0	0	0	0	0	0	0	0	0.1832	0
13	34678332	M1801	0	0	0	0	0.0498	0	0	0	0	0
23	44274894	M1800	0	0	0	0	0.13	0	0	0	0	0
10	104990723	M1560	0	0	0	0	0	0	0.0486	0	0	0
11	59095972	M1971	0	0	0	0	0	0.4738	0	0	0	0
5	92304861	M1912	0	0	0	0	0.0498	0	0	0	0	0
16	96534412	M1744	0	0.4086	0	0	0.1788	0	0	0.1056	0	0.4245
6	166414077	M1539	0	0	0.4101	0	0.0547	0	0.051	0	0.1832	0
14	72547433	M1691	0	0	0.4101	0	0.0547	0	0	0	0.1832	0
7	4802493	M1650	0	0	0.4101	0	0.0547	0	0	0	0.1832	0
17	71827607	M1802	0	0	0	0.3324	0	0	0.4054	0.3404	0.0863	0
11	133511185	M1838	0	0	0	0	0.1788	0	0	0	0	0
6	71367109	M2023	0	0	0	0	0	0	0.051	0	0	0
22	44443216	M1996	0	0	0	0	0.13	0	0	0	0	0
19	38030924	M1731	0	0	0.4101	0	0.0547	0	0	0	0.1832	0
16	67968533	M1747	0	0	0	0	0	0	0.051	0	0	0
18	20122921	M1956	0	0	0	0.3324	0	0	0	0	0	0
19	9551293	M1706	0	0	0	0	0	0	0.051	0	0	0
6	127054664	M1792	0	0	0	0	0.0498	0	0	0	0	0
7	119635043	M1967	0	0	0	0	0	0	0	0.3404	0	0
19	44050354	M1721	0	0	0	0	0.0441	0	0	0	0	0
9	38762500	M1922	0	0	0	0	0	0	0	0	0.1832	0
19	62940586	M1978	0	0	0	0	0	0	0.0363	0	0	0
17	23455506	M1743	0	0	0	0	0.0498	0	0	0	0	0
12	84981650	M1916	0	0	0	0	0	0	0	0.3404	0	0
10	2105019	M1610	0	0	0	0.3324	0.13	0.4738	0.4054	0.3404	0.2322	0
1	234131816	M1823	0	0	0	0	0.0498	0	0	0	0	0
10	106368366	M2009	0	0	0	0	0	0	0	0.1056	0	0
8	143425876	M1773	0	0	0	0	0.0498	0	0	0	0	0
23	42511998	M1734	0	0	0	0	0	0	0.051	0	0	0
5	152569614	M2013	0	0	0	0.0748	0	0	0	0	0	0
20	46991978	M2060	0	0	0	0	0	0	0.4054	0	0	0
15	93718217	M2003	0	0	0	0	0	0	0	0	0.1459	0
