#chrom	pos	desc	normal	sample1	sample2	sample3	sample4	sample5	sample6	sample7	sample8	sample9
19	53730655	M2028	0	0	0.001	0	0.001	0	0	0	0.107	0
23	7087559	M1713	0	0.393	0.001	0	0.171	0.001	0	0.095	0	0.417
6	92948610	M1843	0	0	0	0.001	0	0.001	0	0	0	0.45
5	157583287	M1666	0	0	0.002	0	0.049	0	0	0	0.001	0.001
7	105401515	M1768	0	0.409	0	0	0	0	0	0.087	0	0
18	15751908	M1789	0	0	0	0	0.196	0	0	0.001	0	0.426
2	78970730	M2012	0	0.405	0.001	0.001	0	0.001	0	0	0	0
20	46715369	M1931	0	0	0	0.071	0	0	0	0	0	0
9	128562083	M1700	0	0	0.403	0	0.054	0	0	0	0.188	0
13	116640731	M1756	0	0.001	0.003	0	0.155	0.001	0	0.001	0.002	0.402
12	105363982	M1790	0	0	0.002	0	0.123	0	0	0	0.001	0.001
14	34897688	M1953	0	0.41	0	0.001	0.001	0.001	0	0	0.001	0
19	36861318	M1885	0	0.001	0.001	0	0	0.001	0	0	0.191	0
17	88836607	M1754	0	0	0	0	0	0.001	0.049	0	0	0
16	76557970	M1898	0	0	0	0	0	0	0	0	0	0.432
9	53619845	M1621	0	0.001	0.385	0.001	0.048	0	0	0	0.182	0
12	50446984	M1896	0	0	0.413	0	0	0	0	0	0	0
8	58634092	M2006	0	0	0.001	0	0.001	0	0	0	0.09	0.002
17	37583614	M1701	0	0.42	0.001	0	0.172	0	0	0.103	0	0.432
22	49435702	M2021	0	0	0	0.325	0.001	0	0.001	0	0.001	0
18	37549875	M1507	0	0.002	0.403	0	0.068	0	0.052	0.002	0.165	0.001
4	39600578	M1874	0	0	0.001	0.001	0.148	0	0.001	0.001	0.001	0.002
15	78470099	M1954	0	0	0	0	0	0.001	0	0.002	0.14	0
3	112628492	M1832	0	0	0	0	0.001	0	0.404	0	0	0
5	56703384	M1873	0	0	0	0.074	0	0	0.002	0.001	0.001	0
20	14847512	M1813	0	0	0.001	0.348	0	0	0	0.34	0.079	0
15	105008317	M2027	0	0	0	0.078	0	0	0	0.002	0.001	0.002
17	27230091	M1750	0	0	0	0	0.194	0	0	0	0	0.427
5	143618909	M1579	0	0	0.442	0.001	0.064	0	0	0	0.178	0
3	103003218	M1987	0	0.002	0	0	0.001	0	0	0.001	0.085	0
8	102871548	M1766	0	0	0	0.001	0.111	0.516	0	0	0.149	0
7	118630149	M1717	0	0	0	0	0.047	0	0	0	0.001	0.001
5	129317415	M1817	0	0.389	0.003	0	0.001	0	0	0.109	0.001	0
18	17405228	M1670	0	0	0	0.353	0.143	0.461	0.414	0.329	0.236	0
12	36228403	M2025	0	0	0	0	0.001	0.462	0	0.001	0	0
4	1978834	M1913	0	0	0	0.001	0	0.001	0.43	0	0	0
20	46227676	M1955	0	0	0.002	0	0	0.001	0	0.337	0	0
9	66880432	M1886	0	0	0.422	0	0.043	0.001	0	0.001	0	0
11	114893575	M1807	0	0	0.001	0	0.122	0	0	0.001	0	0
22	46571333	M1655	0	0	0.001	0.001	0	0	0.052	0	0	0
20	40237793	M1806	0	0.39	0	0.001	0	0	0.001	0.101	0.001	0.001
11	103949674	M1840	0	0.438	0	0.001	0	0	0	0.105	0.001	0
2	27172174	M1736	0	0.002	0	0.001	0.049	0.001	0.001	0	0	0
1	161682151	M1936	0	0	0	0	0	0	0.403	0	0	0
21	3015526	M1644	0	0.418	0	0	0.186	0	0	0.109	0	0.441
17	78815983	M1567	0	0.001	0.414	0	0.058	0	0	0	0.182	0
12	127973764	M1715	0	0	0.418	0	0.059	0	0.001	0.001	0.195	0.001
7	52579043	M1763	0	0	0.409	0	0.048	0.001	0	0.001	0.183	0.001
11	132516464	M1741	0	0	0.41	0.002	0.055	0	0	0.001	0.18	0
12	102982015	M1492	0	0.001	0.411	0.001	0.055	0	0.047	0	0.184	0.001
11	99767855	M1897	0	0	0	0	0	0.468	0	0	0	0
10	35611767	M1845	0	0	0	0	0.001	0	0	0	0.208	0
10	28964294	M1556	0	0.001	0.406	0.001	0.05	0	0	0	0.183	0
21	30194213	M1891	0	0	0.001	0	0	0.001	0.001	0	0.135	0
21	51863591	M1820	0	0	0.398	0	0.051	0	0	0	0.186	0
15	59226724	M1941	0	0	0	0.366	0.001	0.001	0	0	0.08	0
8	49630456	M1946	0	0	0	0	0	0	0.001	0	0	0.428
17	22974108	M1879	0	0	0.424	0.001	0.051	0.001	0	0.001	0.001	0
4	151517596	M2018	0	0	0	0	0	0	0.411	0	0	0
2	129869946	M1934	0	0	0	0.002	0.06	0	0	0	0	0
16	7306366	M1881	0	0.413	0	0.001	0	0.002	0.001	0.096	0	0.001
7	95720391	M1992	0	0.001	0.001	0.001	0	0.473	0.001	0	0	0
22	679394	M1853	0	0	0.001	0	0	0	0	0	0.161	0
17	1440809	M1680	0	0	0.404	0	0.067	0.001	0	0	0.19	0.001
8	122998844	M1859	0	0	0	0	0	0	0	0	0.181	0.001
13	34678332	M1801	0	0.001	0	0.002	0.044	0	0.001	0	0	0
23	44274894	M1800	0	0	0	0	0.129	0.001	0.001	0	0	0
10	104990723	M1560	0	0	0.001	0.001	0	0	0.046	0.001	0	0.001
11	59095972	M1971	0	0.001	0	0	0	0.453	0.001	0	0.001	0
5	92304861	M1912	0	0	0.001	0	0.041	0	0	0.001	0	0.001
16	96534412	M1744	0	0.422	0	0	0.186	0	0.001	0.098	0	0.448
6	166414077	M1539	0	0	0.425	0	0.06	0	0.045	0	0.193	0.001
14	72547433	M1691	0	0	0.407	0.001	0.051	0	0.001	0	0.19	0
7	4802493	M1650	0	0	0.399	0	0.052	0	0	0	0.189	0.001
17	71827607	M1802	0	0	0.001	0.331	0	0	0.396	0.351	0.082	0
11	133511185	M1838	0	0	0.001	0	0.178	0	0.001	0	0	0
6	71367109	M2023	0	0	0	0	0	0	0.032	0	0	0
22	44443216	M1996	0	0	0	0	0.129	0	0	0.001	0	0
19	38030924	M1731	0	0	0.396	0.001	0.045	0	0	0.001	0.186	0
16	67968533	M1747	0	0	0	0	0	0	0.062	0.001	0.001	0
18	20122921	M1956	0	0.001	0	0.332	0	0	0	0	0.001	0
19	9551293	M1706	0	0	0.001	0.001	0.001	0	0.05	0.001	0	0
6	127054664	M1792	0	0.001	0	0	0.043	0	0	0.001	0.001	0
7	119635043	M1967	0	0.001	0	0	0	0.001	0	0.323	0	0.001
19	44050354	M1721	0	0	0	0	0.046	0.001	0	0	0	0.001
9	38762500	M1922	0	0.001	0	0.001	0	0.001	0.002	0	0.184	0.002
19	62940586	M1978	0	0	0	0	0	0.001	0.042	0	0.001	0
17	23455506	M1743	0	0.001	0	0	0.052	0	0	0	0.001	0
12	84981650	M1916	0	0.001	0.002	0.002	0	0.001	0.001	0.341	0	0.001
10	2105019	M1610	0	0.001	0.002	0.34	0.139	0.492	0.399	0.305	0.207	0.001
1	234131816	M1823	0	0	0	0	0.05	0	0	0	0	0
10	106368366	M2009	0	0.001	0.001	0	0	0.001	0	0.106	0	0.001
8	143425876	M1773	0	0	0	0	0.044	0.001	0	0	0	0
23	42511998	M1734	0	0.001	0.001	0	0	0	0.049	0.001	0	0
5	152569614	M2013	0	0.001	0	0.064	0	0	0	0	0.002	0
20	46991978	M2060	0	0	0	0	0	0	0.386	0	0	0
15	93718217	M2003	0	0	0	0	0	0	0	0.001	0.146	0
