#chrom	pos	desc	normal	sample1	sample2	sample3	sample4	sample5	sample6	sample7	sample8	sample9
22	20273009	M1130	0	0	0.078	0	0.001	0	0	0.001	0	0.001
7	53502509	M1194	0	0	0.154	0	0	0	0	0	0	0
3	37651756	M1150	0	0	0.05	0	0.211	0.001	0.001	0.003	0	0
10	47220464	M1118	0	0	0.09	0.473	0	0.227	0.001	0	0	0.449
17	14718200	M1173	0	0	0	0	0.158	0	0.001	0	0.001	0
8	52631064	M1140	0	0.001	0.172	0	0	0	0	0	0.001	0
1	55673464	M1129	0	0	0	0.001	0.001	0	0.493	0	0.001	0
13	10666827	M1166	0	0.001	0	0	0.036	0	0.002	0	0	0
8	132248858	M1169	0	0	0	0	0.001	0	0.448	0.001	0	0.001
3	14785459	M1171	0	0.001	0.162	0	0	0	0	0	0	0
2	190440454	M1217	0	0	0	0	0	0	0.487	0.001	0	0
23	14231625	M1109	0	0	0.27	0.464	0.04	0.377	0	0.415	0.458	0.421
21	9026540	M1154	0	0	0	0.45	0	0	0	0	0	0
2	237799987	M1128	0	0	0	0	0.001	0.038	0	0	0.001	0.001
1	191980625	M1174	0	0	0.089	0.001	0	0	0.002	0	0.001	0.001
17	57025851	M1183	0	0	0	0	0.164	0.001	0	0	0	0.001
22	16854122	M1158	0	0	0	0	0	0.112	0	0.397	0.002	0
23	9948587	M1135	0	0	0.001	0	0	0.131	0.001	0.431	0	0.001
15	29456932	M1175	0	0.001	0.157	0	0.001	0	0.001	0	0.001	0.001
14	78349225	M1116	0	0.433	0.042	0	0.38	0.082	0.001	0.001	0.001	0.001
22	45977285	M1111	0	0	0.093	0.472	0.001	0.364	0.001	0.422	0.455	0.442
1	219111814	M1126	0	0.001	0.001	0.45	0	0.24	0	0	0	0.453
14	19265077	M1139	0	0.001	0	0.467	0.001	0	0	0.001	0.001	0
20	60354229	M1113	0	0	0	0	0.001	0.029	0.001	0	0	0
20	1668845	M1114	0	0.001	0.169	0	0	0.001	0.478	0.001	0.001	0
11	103557988	M1184	0	0	0.088	0	0	0	0.001	0	0	0
10	123593296	M1148	0	0.45	0.001	0	0.139	0.087	0	0	0.001	0
4	187406379	M1161	0	0	0	0.001	0.221	0	0.001	0	0	0
9	33626486	M1123	0	0	0.174	0.002	0.001	0	0	0	0	0
4	132574264	M1112	0	0.002	0	0	0	0.034	0.001	0	0	0.002
16	85810360	M1190	0	0	0	0.001	0	0.124	0.001	0.407	0	0.001
12	71793291	M1132	0	0	0.175	0	0	0	0	0	0	0
2	238135964	M1131	0	0	0.164	0	0.001	0	0	0.001	0	0
2	97368949	M1216	0	0.002	0	0.496	0.001	0	0	0	0	0
17	8383682	M1125	0	0.001	0.043	0	0.226	0.001	0	0	0	0
15	72499644	M1143	0	0.001	0.178	0	0.001	0	0.001	0	0	0
6	68697538	M1180	0	0.001	0.001	0	0.026	0	0	0.001	0.001	0.001
15	90849772	M1186	0	0	0.001	0.001	0	0.254	0.001	0	0	0.454
10	28042922	M1219	0	0.001	0.001	0.001	0.055	0	0	0.001	0.001	0.002
16	26137509	M1220	0	0	0	0.001	0	0	0	0.414	0	0
2	208416773	M1213	0	0	0	0.001	0	0.119	0	0	0	0.001
