#chrom	pos	desc	normal	sample1	sample2	sample3	sample4	sample5	sample6	sample7	sample8	sample9
1	208952445	M1461	0	0	0	0	0	0	0	0.149	0	0
15	87319232	M1356	0	0	0	0	0	0.2072	0	0.1702	0	0
20	7902719	M1328	0	0	0	0	0.0763	0	0	0	0	0
4	151764855	M1319	0	0	0.4204	0	0	0	0	0	0.1501	0
6	25073756	M1422	0	0	0	0	0	0	0.1666	0	0	0
14	91826189	M1402	0	0	0	0	0	0	0	0	0	0.4416
21	34995025	M1416	0	0.0835	0	0	0	0	0	0	0	0
14	80389548	M1273	0	0	0	0	0.0763	0	0	0	0	0
22	46595575	M1432	0	0	0	0	0	0	0	0.1136	0	0
15	73785649	M1286	0	0.0764	0	0.4713	0	0	0	0	0	0
14	7606300	M1337	0	0.0764	0	0	0	0	0	0	0	0
16	702431	M1423	0	0	0	0	0	0	0	0.0364	0	0
17	27140212	M1280	0	0.2866	0	0	0	0	0	0.0364	0	0
16	102036065	M1308	0	0	0	0	0	0	0.3201	0.1136	0	0
4	16303432	M1446	0	0	0	0	0	0	0.2425	0	0	0
1	30495122	M1468	0	0	0	0	0	0	0	0.1136	0	0
1	146435767	M1264	0	0.0835	0.4204	0	0.3364	0	0.3201	0.1136	0.4471	0
5	133538617	M1350	0	0	0	0	0	0.2016	0	0	0	0
20	36055578	M1282	0	0	0.4204	0	0	0	0.3201	0.1136	0.1305	0
11	40576550	M1417	0	0	0	0	0.1734	0	0	0	0	0
14	37503386	M1311	0	0	0	0.4713	0	0	0	0	0	0
6	158312452	M1449	0	0.0764	0	0	0	0	0	0	0	0
17	73339298	M1276	0	0.2866	0	0	0	0	0	0.0364	0	0
6	49034949	M1274	0	0	0	0	0.163	0	0	0	0.297	0
20	11841944	M1333	0	0	0	0	0	0	0	0	0.1501	0
13	116002748	M1335	0	0	0	0	0.139	0	0	0	0	0
20	29803977	M1354	0	0	0	0	0.0763	0	0	0	0	0
16	17023711	M1366	0	0	0	0	0.1734	0	0	0	0	0
6	94787263	M1387	0	0	0	0	0	0	0	0.149	0	0
18	17812550	M1272	0	0.2866	0	0	0	0	0	0.1854	0	0
7	46179395	M1347	0	0	0	0	0	0.2072	0	0.1702	0	0
8	137648989	M1271	0	0.1541	0.5919	0	0.2955	0	0.485	0.2041	0.2611	0
11	124051466	M1326	0	0	0	0	0.1734	0	0	0	0	0
16	78299919	M1304	0	0	0	0	0	0	0	0.149	0	0
12	61270769	M1290	0	0	0	0	0.1734	0	0	0	0	0
8	48269187	M1262	0	0.2866	0	0	0.0763	0.2016	0	0.1854	0	0
10	49965951	M1365	0	0.0835	0	0	0	0	0	0	0	0
4	155817765	M1265	0	0.2866	0	0	0.0763	0.2016	0	0.1854	0	0
19	53908165	M1414	0	0.0764	0	0	0	0	0	0	0	0
22	54569669	M1285	0	0	0	0	0	0	0.3201	0.1136	0	0
3	149863579	M1278	0	0	0	0	0	0	0	0	0.297	0
23	36450147	M1309	0	0.0835	0	0	0	0	0	0	0	0
15	68721156	M1305	0	0	0	0	0.0763	0	0	0	0	0
8	56838645	M1371	0	0	0	0	0	0.2072	0	0.1702	0	0
