#chrom	pos	desc	normal	sample1	sample2	sample3	sample4	sample5	sample6	sample7	sample8	sample9
1	208952445	M1461	0	0	0	0	0	0	0	0.153	0	0
15	87319232	M1356	0	0	0	0	0.001	0.22	0.002	0.172	0.001	0.001
20	7902719	M1328	0	0.001	0.001	0	0.065	0.001	0	0	0	0
4	151764855	M1319	0	0	0.45	0	0	0	0	0	0.148	0
6	25073756	M1422	0	0.001	0	0	0	0	0.18	0	0.001	0
14	91826189	M1402	0	0.001	0	0	0	0.001	0	0.002	0	0.44
21	34995025	M1416	0	0.095	0.001	0.001	0	0.001	0	0.001	0.001	0
14	80389548	M1273	0	0	0	0	0.073	0.002	0	0.001	0.001	0
22	46595575	M1432	0	0	0	0	0	0	0.001	0.099	0.001	0
15	73785649	M1286	0	0.067	0	0.472	0	0	0.001	0	0	0
14	7606300	M1337	0	0.081	0	0	0	0	0.001	0	0.001	0
16	702431	M1423	0	0	0	0	0	0	0	0.031	0.001	0
17	27140212	M1280	0	0.295	0	0	0	0	0.002	0.032	0	0
16	102036065	M1308	0	0.001	0.001	0	0	0	0.347	0.103	0	0.003
4	16303432	M1446	0	0.001	0	0	0	0	0.225	0	0	0
1	30495122	M1468	0	0	0	0	0	0	0.002	0.126	0	0.001
1	146435767	M1264	0	0.087	0.438	0.001	0.36	0	0.309	0.116	0.468	0.001
5	133538617	M1350	0	0	0.001	0	0	0.2	0	0	0	0
20	36055578	M1282	0	0	0.414	0.002	0	0	0.328	0.103	0.134	0
11	40576550	M1417	0	0	0	0	0.173	0.001	0	0	0	0
14	37503386	M1311	0	0.001	0.002	0.476	0	0.001	0	0	0	0.001
6	158312452	M1449	0	0.061	0	0	0.001	0	0	0.001	0	0
17	73339298	M1276	0	0.279	0.001	0	0.001	0.001	0	0.042	0	0
6	49034949	M1274	0	0	0	0	0.155	0.001	0	0.001	0.321	0
20	11841944	M1333	0	0	0	0	0.001	0.001	0.001	0.001	0.144	0
13	116002748	M1335	0	0	0	0.001	0.117	0	0.001	0.001	0	0
20	29803977	M1354	0	0	0	0	0.076	0	0	0	0.001	0
16	17023711	M1366	0	0	0	0.001	0.15	0	0	0	0	0.001
6	94787263	M1387	0	0	0	0	0	0.002	0	0.15	0	0
18	17812550	M1272	0	0.26	0.001	0	0	0	0	0.187	0	0.001
7	46179395	M1347	0	0.001	0.001	0	0	0.193	0.001	0.16	0.001	0
8	137648989	M1271	0	0.145	0.602	0.001	0.295	0.002	0.507	0.218	0.274	0.001
11	124051466	M1326	0	0	0.002	0	0.173	0	0	0	0	0.002
16	78299919	M1304	0	0	0	0	0	0.002	0.001	0.165	0	0
12	61270769	M1290	0	0.001	0	0.001	0.182	0	0	0	0	0
8	48269187	M1262	0	0.294	0	0	0.074	0.209	0	0.215	0	0
10	49965951	M1365	0	0.083	0	0.001	0	0	0	0	0	0
4	155817765	M1265	0	0.275	0	0	0.094	0.208	0	0.188	0	0.001
19	53908165	M1414	0	0.07	0	0	0	0.001	0	0	0	0.001
22	54569669	M1285	0	0	0	0	0	0	0.341	0.13	0.001	0
3	149863579	M1278	0	0	0	0	0	0	0	0	0.311	0
23	36450147	M1309	0	0.091	0	0	0.002	0	0.001	0	0	0
15	68721156	M1305	0	0	0	0	0.072	0.001	0	0	0	0
8	56838645	M1371	0	0.001	0.001	0.001	0	0.194	0.001	0.164	0.002	0
