#chrom	pos	desc	normal	sample1	sample2	sample3	sample4	sample5	sample6	sample7	sample8	sample9	sample10	sample11	sample12	sample13	sample14
11	45261078	M1407	0	0	0	0.001	0.001	0	0	0	0	0	0.064	0.001	0.001	0	0
21	42906781	M1364	0	0	0.001	0	0.199	0	0.028	0	0	0	0.03	0.001	0	0.451	0
23	20465181	M1390	0	0	0	0	0.001	0	0	0.377	0.001	0.001	0	0	0	0	0
3	125526741	M1303	0	0.001	0	0	0.184	0.216	0.022	0.001	0	0	0.039	0	0	0.444	0
4	151764855	M1319	0	0	0	0	0	0	0.14	0	0	0	0.369	0	0.002	0.001	0
14	80389548	M1273	0	0.001	0.146	0.002	0	0	0.001	0	0	0.002	0.001	0.001	0.2	0	0
16	702431	M1423	0	0	0	0	0	0	0	0.001	0	0.001	0	0	0.045	0.001	0
19	18576303	M1316	0	0	0.075	0.001	0	0	0.001	0.001	0	0.001	0	0	0	0	0
1	146435767	M1264	0	0	0.065	0.459	0.104	0.279	0.409	0.017	0.16	0	0.355	0.001	0.052	0	0.434
2	88236642	M1369	0	0	0	0.001	0.001	0	0	0	0	0.001	0	0	0.226	0	0
20	36055578	M1282	0	0	0	0	0.147	0.001	0.148	0.001	0	0	0.355	0.001	0	0	0
16	46946270	M1346	0	0.001	0	0	0	0	0	0	0	0	0	0	0.208	0	0
1	195544941	M1398	0	0.001	0.001	0	0	0	0.032	0.001	0	0	0.024	0	0	0.001	0
23	15427369	M1295	0	0.001	0	0	0	0.001	0	0.001	0.076	0	0	0	0	0	0
13	15474206	M1428	0	0.001	0	0	0.216	0	0	0.001	0	0.001	0.001	0	0	0	0
2	194137175	M1298	0	0.001	0.001	0	0	0	0.054	0.001	0	0	0.001	0	0.001	0.001	0
17	16009717	M1299	0	0.001	0.196	0.001	0	0.001	0	0	0.001	0	0	0	0.003	0	0
11	126991021	M1443	0	0	0	0	0	0	0	0.395	0	0	0	0	0	0	0.001
5	121984419	M1467	0	0	0	0	0.097	0	0	0	0	0	0	0	0.001	0	0
21	29114110	M1269	0	0	0	0	0.176	0.201	0.025	0.42	0.001	0	0.03	0.512	0	0.475	0
1	184581058	M1396	0	0.001	0	0	0.001	0	0	0	0	0.443	0	0	0.001	0	0.001
13	116002748	M1335	0	0	0	0.001	0.001	0.264	0	0	0	0	0	0.002	0	0.001	0.465
19	55621252	M1401	0	0.001	0.002	0	0	0	0	0	0.003	0	0	0	0	0	0
1	217119950	M1458	0	0.001	0	0.001	0.001	0.001	0.001	0	0	0	0.001	0	0.001	0.454	0.001
18	17812550	M1272	0	0	0.204	0.001	0	0	0	0	0.243	0.423	0	0	0.236	0.001	0.001
4	4576457	M1266	0	0	0	0.001	0.197	0.203	0.034	0.411	0	0	0.034	0.508	0	0.48	0
10	51638848	M1284	0	0	0	0	0.001	0.002	0.001	0.022	0	0	0.068	0.001	0	0	0
16	78299919	M1304	0	0	0	0	0	0.001	0	0	0.153	0	0	0	0	0	0
12	61270769	M1290	0	0	0.064	0.459	0.001	0.001	0.085	0.009	0.001	0	0	0	0.001	0.001	0.001
10	45473482	M1352	0	0	0.001	0	0	0	0	0.001	0	0.467	0	0.001	0	0	0.001
19	63529750	M1293	0	0	0.185	0.001	0	0	0	0.001	0	0.414	0.001	0	0.001	0	0
5	180574995	M1411	0	0	0	0	0	0.001	0.145	0	0	0	0.158	0.001	0.001	0	0
4	155817765	M1265	0	0.001	0.434	0	0	0	0.001	0.001	0.227	0.468	0	0.001	0.425	0	0
10	140425451	M1310	0	0.001	0.001	0.001	0	0	0	0.02	0	0	0.075	0	0	0	0
23	36450147	M1309	0	0	0	0	0.001	0	0.208	0	0.197	0	0	0	0.067	0	0
9	24088628	M1426	0	0.001	0.083	0	0.001	0	0	0.002	0.001	0	0	0	0	0	0
17	1672606	M1457	0	0	0	0	0	0	0.001	0.01	0	0	0.001	0	0	0.001	0.002
2	197107511	M1317	0	0	0.001	0.001	0	0	0	0.413	0	0	0	0.512	0	0.001	0
13	18792507	M1263	0	0.002	0	0	0.17	0.221	0.024	0.43	0	0	0.031	0.478	0.001	0.476	0.001
1	208952445	M1461	0	0	0	0	0	0.001	0	0	0.13	0.001	0	0.001	0	0.001	0.002
4	140612902	M1455	0	0	0	0	0.001	0.001	0	0	0	0	0	0.506	0.002	0	0
6	25073756	M1422	0	0	0	0	0.076	0	0.003	0	0	0	0.002	0	0.001	0.001	0
21	34995025	M1416	0	0	0.001	0	0.001	0	0	0	0	0	0.001	0	0.055	0	0.001
9	29877523	M1348	0	0	0.085	0	0	0	0	0	0.001	0	0.003	0	0	0.001	0
15	14209943	M1386	0	0.001	0	0	0	0.001	0.1	0.001	0	0	0	0	0	0	0.002
17	27140212	M1280	0	0	0	0	0.001	0	0	0	0.101	0.001	0	0	0.215	0	0
21	49469712	M1382	0	0	0	0	0	0.058	0.001	0	0.001	0	0.001	0.001	0.001	0.001	0.48
12	53445207	M1367	0	0	0	0	0	0.219	0	0	0	0	0	0	0.002	0	0.001
17	73339298	M1276	0	0.002	0.176	0.001	0	0.001	0.003	0	0.109	0.457	0	0.002	0.231	0	0
6	49034949	M1274	0	0	0.001	0	0	0.272	0.001	0	0	0	0.001	0	0	0.001	0.455
20	11841944	M1333	0	0.001	0	0	0	0.001	0.138	0	0	0	0.359	0.001	0.001	0	0.001
14	66780705	M1362	0	0	0	0.001	0	0	0	0.011	0	0	0	0	0	0	0
22	25273826	M1466	0	0	0.001	0	0	0	0.132	0	0	0	0.163	0.001	0	0.001	0
7	68266373	M1377	0	0	0.001	0.259	0	0	0.002	0	0	0.002	0.001	0	0	0	0
16	17023711	M1366	0	0.001	0.07	0.211	0.001	0.001	0	0	0.001	0.001	0	0.001	0.002	0	0
6	94787263	M1387	0	0	0	0.001	0.001	0	0.001	0.001	0.132	0.001	0	0	0	0.001	0
22	37716996	M1451	0	0	0	0.001	0	0.001	0.176	0	0.18	0	0	0	0	0	0.001
8	137648989	M1271	0	0	0.129	0.606	0.222	0.001	0.59	0.028	0.289	0	0.511	0	0.087	0	0
6	61628948	M1307	0	0	0.002	0	0.117	0	0	0.001	0	0.002	0.001	0	0	0.001	0
8	53140551	M1332	0	0	0.001	0.001	0.001	0	0.001	0.414	0	0.001	0.001	0	0	0	0
11	124051466	M1326	0	0	0.075	0.227	0	0	0	0	0	0.001	0	0	0	0.001	0
19	8966636	M1373	0	0.458	0.001	0	0	0	0	0	0	0	0	0	0	0.001	0
8	48269187	M1262	0	0.002	0.413	0.001	0	0	0	0.037	0.223	0.464	0.067	0	0.424	0	0.001
10	49965951	M1365	0	0.001	0	0.001	0	0	0	0	0	0	0	0	0.054	0	0
14	97594191	M1429	0	0	0	0.206	0	0	0	0	0.001	0	0.001	0	0	0.001	0
23	37967840	M1340	0	0.001	0.001	0	0	0.001	0	0.002	0	0	0	0.483	0	0	0
15	68721156	M1305	0	0	0.001	0	0	0.001	0	0	0	0	0	0	0.193	0	0.001
