#chrom	pos	desc	normal	sample1	sample2	sample3	sample4	sample5	sample6	sample7	sample8	sample9	sample10	sample11	sample12	sample13	sample14
11	45261078	M1407	0	0.0005	0.0004	0.0009	0.0001	0.0003	0.0005	0.0002	0.0002	0.0003	0.0698	0.0001	0.0003	0	0.0004
21	42906781	M1364	0	0.0002	0.0003	0.0001	0.1954	0.0003	0.0296	0.0002	0	0.0006	0.0324	0.0002	0.0004	0.4671	0.0002
23	20465181	M1390	0	0.0004	0.0002	0.0005	0.0003	0.0004	0.0006	0.4028	0.0003	0.0003	0.0001	0.0002	0.0001	0.0005	0.0004
3	125526741	M1303	0	0.0004	0	0.0002	0.1978	0.2032	0.0271	0.0003	0.0004	0.0002	0.0298	0.0001	0.0002	0.468	0.0002
4	151764855	M1319	0	0.0005	0.0006	0.0005	0.0002	0.0001	0.1547	0.0002	0.0003	0.0002	0.3641	0.0004	0.0003	0	0.0001
14	80389548	M1273	0	0.0001	0.1389	0.0003	0.0003	0.0004	0.0003	0.0001	0.0001	0.0002	0.0007	0.0004	0.2108	0.0002	0.0002
16	702431	M1423	0	0.0004	0.0003	0.0002	0	0.0001	0.0005	0.0001	0.0002	0.0005	0.0003	0.0004	0.0459	0.0003	0.0003
19	18576303	M1316	0	0.0004	0.0875	0.0003	0.0005	0.0001	0.0001	0.0002	0	0.0003	0.0007	0.0006	0.0004	0.0004	0.0002
1	146435767	M1264	0	0.0001	0.0683	0.4575	0.1231	0.2771	0.417	0.0107	0.1681	0.0005	0.3564	0.0004	0.0551	0.0004	0.4774
2	88236642	M1369	0	0.0007	0.0003	0.0005	0.0003	0.0001	0.0003	0.0002	0.0005	0.0004	0.0003	0.0003	0.2095	0.0007	0.0004
20	36055578	M1282	0	0.0002	0.0004	0.0006	0.115	0.0005	0.1477	0.0001	0.0006	0.0004	0.3557	0.0001	0.0001	0.0006	0.0003
16	46946270	M1346	0	0.0004	0.0005	0.0005	0.0003	0.0007	0.0001	0.0001	0.0001	0.0003	0.0004	0.0002	0.2095	0.0004	0.0005
1	195544941	M1398	0	0.0004	0.0001	0.0002	0.0006	0.0001	0.026	0.0004	0.0006	0.0005	0.0314	0.0006	0.0002	0.0007	0.0004
23	15427369	M1295	0	0.0005	0.0002	0.0003	0	0.0004	0.0006	0	0.0902	0.0001	0.0004	0.0001	0.0002	0.0005	0.0005
13	15474206	M1428	0	0.0002	0.0003	0.0003	0.1955	0.0002	0.0003	0.0004	0.0001	0.0002	0.0002	0.0002	0.0001	0.0004	0.0004
2	194137175	M1298	0	0.0002	0.0003	0.0002	0.0002	0.0003	0.0692	0.0004	0.0001	0.0005	0.0002	0.0003	0.0003	0.0004	0.0003
17	16009717	M1299	0	0.0001	0.1817	0.0004	0.0003	0.0003	0.0002	0.0003	0.0001	0.0003	0.0003	0.0002	0.0005	0.0003	0.0002
11	126991021	M1443	0	0.0005	0.0001	0.0006	0	0.0004	0.0007	0.408	0.0002	0.0002	0.0005	0.0002	0.0004	0.0001	0.0001
5	121984419	M1467	0	0.0003	0.0003	0.0003	0.0854	0.0003	0.0008	0.0004	0.0001	0.0002	0.0003	0.0006	0.0003	0.0003	0.0003
21	29114110	M1269	0	0.0002	0.0005	0.0002	0.1989	0.2089	0.0294	0.417	0.0003	0.0002	0.0303	0.5027	0.0005	0.4777	0.0004
1	184581058	M1396	0	0.0002	0.0001	0.0001	0.0004	0.0003	0.0003	0.0003	0.0004	0.4466	0.0005	0.0002	0	0.0005	0.0007
13	116002748	M1335	0	0.0002	0.0003	0.0005	0.0006	0.2632	0.0002	0.0005	0.0007	0.0004	0.0001	0.0002	0.0003	0.0004	0.4642
19	55621252	M1401	0	0.0006	0.0002	0.0003	0.0005	0.0001	0.0001	0.0001	0.003	0.0001	0.0003	0.0003	0.0004	0.0002	0.0007
1	217119950	M1458	0	0.0004	0.0003	0.0005	0	0.0001	0.0001	0	0.0002	0.0003	0.0005	0.0003	0.0004	0.4738	0
18	17812550	M1272	0	0.0002	0.1814	0.0002	0.0005	0.0004	0.0003	0.0005	0.2435	0.448	0.0004	0.0006	0.2126	0.0005	0.0002
4	4576457	M1266	0	0.0001	0.0003	0.0002	0.1944	0.2065	0.0292	0.411	0.0004	0.0003	0.0323	0.5017	0.0006	0.471	0.0004
10	51638848	M1284	0	0.0005	0.0001	0.0002	0.0007	0.0005	0.0006	0.0254	0.0003	0.0004	0.0691	0.0002	0.0001	0.0004	0.0005
16	78299919	M1304	0	0.0001	0.0004	0.0005	0.0001	0.0007	0.0004	0.0001	0.1363	0.0005	0.0004	0.0006	0.0001	0.0002	0.0004
12	61270769	M1290	0	0.0003	0.0613	0.4668	0.0005	0.0007	0.0837	0.0104	0.0003	0.0002	0.0003	0.0001	0.0003	0.0009	0.0002
10	45473482	M1352	0	0.0001	0.0007	0	0.0006	0.0003	0.0004	0.0003	0.0001	0.4383	0.0001	0.0005	0.0002	0.0004	0.0004
19	63529750	M1293	0	0.0006	0.184	0.0005	0.0004	0.0002	0.0003	0.0005	0.0002	0.4396	0.0004	0.0005	0.0004	0.0005	0.0003
5	180574995	M1411	0	0.0004	0.0005	0.0004	0.0002	0.0003	0.1412	0.0008	0.0004	0.0001	0.1649	0.0004	0.0002	0.0004	0.0004
4	155817765	M1265	0	0.0006	0.4059	0.0003	0.0003	0.0001	0.0003	0.0003	0.2411	0.4401	0.0005	0.0002	0.4291	0.0002	0.0001
10	140425451	M1310	0	0.0003	0.0003	0.0002	0.0005	0.0001	0.0004	0.0256	0.0002	0.0005	0.0649	0.0005	0	0.0002	0.0006
23	36450147	M1309	0	0.0004	0.0004	0.0003	0.0002	0.0001	0.1886	0.0006	0.1691	0.0008	0.0002	0.0004	0.0511	0.0006	0.0004
9	24088628	M1426	0	0.0004	0.0834	0.0008	0.0003	0.0001	0.0001	0.0004	0.0001	0.0004	0.0002	0.0002	0.0004	0.0001	0.0002
17	1672606	M1457	0	0.0005	0.0005	0.0003	0.0002	0	0.0006	0.0113	0.0002	0.0006	0.0001	0.0007	0.0003	0.0002	0.0001
2	197107511	M1317	0	0.0001	0.0003	0.0006	0.0002	0.0004	0.0003	0.4146	0.0005	0.0002	0.0005	0.4942	0.0003	0.0005	0.0003
13	18792507	M1263	0	0.0002	0.0003	0.0005	0.1928	0.2049	0.0291	0.4141	0.0002	0.0004	0.0309	0.4986	0.0003	0.4738	0
1	208952445	M1461	0	0.0002	0.0002	0.0001	0.0001	0.0001	0.0006	0.0004	0.1352	0.0006	0.0003	0.0007	0.0003	0.0001	0.0004
4	140612902	M1455	0	0.0005	0.0004	0	0.0002	0.0004	0.0007	0.0001	0.0005	0.0007	0.0003	0.4998	0.0004	0.0003	0.0003
6	25073756	M1422	0	0.0004	0	0.0006	0.0921	0.0005	0.0003	0.0006	0.0005	0.0003	0.0004	0.0003	0.0003	0.0002	0.0004
21	34995025	M1416	0	0.0005	0.0001	0.0005	0.0005	0.0002	0.0001	0.0001	0.0008	0.0001	0.0003	0.0004	0.047	0.0002	0.0004
9	29877523	M1348	0	0.0003	0.093	0.0005	0.0005	0.0006	0.0005	0.0002	0.0004	0.0003	0.0002	0.0005	0.0006	0.0005	0.0004
15	14209943	M1386	0	0.0002	0.0002	0.0001	0.0003	0.0005	0.0823	0.0004	0.0003	0.0003	0.0004	0	0.0003	0.0003	0.0006
17	27140212	M1280	0	0.0003	0.0003	0.0006	0.0004	0.0003	0.0002	0.0006	0.1048	0.0002	0.0003	0.0001	0.223	0.0003	0.0005
21	49469712	M1382	0	0.0003	0.0004	0.0006	0.0003	0.0662	0.0003	0.0001	0.0003	0.0003	0.0004	0.0003	0.0005	0.0005	0.4624
12	53445207	M1367	0	0.0003	0.0004	0.0005	0.0002	0.2008	0.0005	0.0002	0.0003	0.0005	0.0002	0.0004	0.0001	0.0002	0.0004
17	73339298	M1276	0	0.0002	0.1755	0.0003	0.0004	0.0003	0.0004	0.0004	0.1079	0.4378	0.0003	0.0004	0.2166	0.0007	0.0002
6	49034949	M1274	0	0.0004	0.0003	0.0008	0.0002	0.2674	0.0003	0.0003	0.0004	0.0003	0.0001	0.0004	0.0003	0.0002	0.469
20	11841944	M1333	0	0.0007	0.0001	0.0003	0.0004	0.0003	0.1476	0.0006	0.0004	0.0003	0.345	0.0002	0.0001	0.0005	0
14	66780705	M1362	0	0.0001	0.0005	0.0002	0.0006	0.0002	0.0003	0.0102	0.0003	0.0004	0.0001	0.0004	0.0002	0.0002	0.0003
22	25273826	M1466	0	0.0003	0.0008	0.0005	0	0.0004	0.1475	0.0003	0.0004	0.0001	0.1586	0.0003	0.0006	0.0002	0.0006
7	68266373	M1377	0	0.0002	0.0003	0.2391	0.0003	0.0001	0.0005	0.0006	0.0002	0.0005	0.0005	0.0004	0.0005	0.0002	0.0002
16	17023711	M1366	0	0.0006	0.0712	0.2175	0.0008	0.0002	0.0004	0.0004	0.0004	0.0001	0.0003	0.0002	0.0004	0.0003	0.0004
6	94787263	M1387	0	0.0006	0.0004	0.0004	0.0005	0.0004	0.0006	0.0003	0.1341	0.0005	0.0006	0.0001	0.0003	0.0001	0.0001
22	37716996	M1451	0	0.0006	0.0002	0.0002	0.0005	0.0003	0.1871	0.0002	0.1662	0.0005	0.0004	0.0001	0.0004	0	0.0003
8	137648989	M1271	0	0.0003	0.1297	0.621	0.2117	0.0005	0.5881	0.0197	0.2917	0.0003	0.5016	0.0006	0.0945	0.0002	0.0005
6	61628948	M1307	0	0.0005	0.0003	0.0003	0.1215	0.0001	0.0003	0.0003	0.0003	0.0004	0.0005	0.0001	0.0001	0.0001	0.0009
8	53140551	M1332	0	0.0004	0.0002	0.0003	0.0004	0.0006	0.0004	0.4114	0.0004	0.0007	0.0003	0.0006	0.0003	0.0005	0.0004
11	124051466	M1326	0	0.0004	0.0628	0.2143	0.0003	0.0003	0.0003	0.0002	0.0001	0.0002	0.0001	0.0004	0.0002	0.0005	0.0004
19	8966636	M1373	0	0.4462	0.0004	0.0005	0.0008	0.0001	0.0001	0.0004	0.0002	0.0002	0.0006	0	0.0002	0.0004	0.0002
8	48269187	M1262	0	0.0004	0.4057	0.0001	0.0002	0.0003	0.0002	0.0254	0.237	0.4395	0.0641	0.0002	0.4335	0.0004	0.0001
10	49965951	M1365	0	0.0005	0.0007	0.0004	0.0002	0.0002	0.0002	0.0003	0.0006	0.0002	0.0002	0.0005	0.0477	0.0003	0
14	97594191	M1429	0	0.0003	0.0002	0.2107	0.0004	0.0004	0.0004	0.0006	0.0002	0.0004	0.0007	0.0001	0.0003	0.0002	0.0004
23	37967840	M1340	0	0.0002	0.0006	0.0001	0.0004	0	0.0003	0.0004	0.0003	0.0005	0.0008	0.5014	0.0004	0.0002	0.0005
15	68721156	M1305	0	0.0006	0.0002	0.0002	0.0002	0.0003	0.0005	0.0009	0.0004	0.0006	0.0004	0.0007	0.2098	0.0002	0.0002
