#chrom	pos	desc	normal	sample1	sample2	sample3	sample4	sample5	sample6	sample7	sample8	sample9
3	73606885	M2455	0	0.001	0	0	0	0.083	0	0	0	0
20	556973	M2540	0	0	0	0	0.151	0	0	0	0	0.002
6	124587550	M2435	0	0	0	0	0	0.085	0.051	0	0.001	0
13	131357258	M2438	0	0	0	0	0.167	0.002	0	0	0	0.001
13	74717927	M2457	0	0.427	0.227	0.279	0	0	0.001	0.172	0.001	0
5	51226748	M2498	0	0.001	0.001	0	0	0	0.001	0	0.164	0
13	110297591	M2500	0	0	0	0.001	0	0	0.002	0.001	0	0
17	40561419	M2499	0	0.433	0.237	0.119	0	0	0	0	0	0
22	51487564	M2476	0	0.431	0.212	0.139	0	0.001	0.001	0	0	0.001
23	20425356	M2464	0	0.001	0.047	0.001	0	0.001	0	0	0	0
10	16838663	M2553	0	0	0.146	0	0	0	0	0.002	0	0
13	42379576	M2473	0	0	0	0	0.001	0	0.17	0.001	0	0
13	84312889	M2508	0	0	0	0	0	0.103	0	0.002	0	0
23	44808569	M2525	0	0.001	0	0	0	0	0	0.001	0.175	0
20	32367337	M2467	0	0	0	0	0	0	0	0.002	0.163	0
16	20948615	M2519	0	0	0.002	0	0.001	0.073	0	0	0.001	0
7	121230367	M2415	0	0.436	0.461	0.451	0.44	0.49	0.318	0.41	0.108	0.474
2	173968531	M2573	0	0	0.054	0	0	0.068	0	0.001	0	0.001
23	19672667	M2491	0	0	0	0	0.001	0	0	0	0.116	0
21	50604442	M2565	0	0	0	0	0	0	0.04	0.002	0	0
13	88244917	M2484	0	0.001	0.001	0.134	0.001	0	0	0.175	0.001	0.001
11	106340332	M2609	0	0	0	0	0	0.001	0.178	0	0	0.001
18	36050535	M2511	0	0	0	0	0.15	0	0	0	0	0
12	70325509	M2555	0	0	0	0.141	0	0	0	0	0	0.001
9	123104727	M2574	0	0	0	0.001	0	0	0	0.142	0	0.001
1	5709402	M2551	0	0	0	0	0.001	0	0	0.111	0.056	0
17	84277770	M2589	0	0	0.001	0	0	0	0	0.15	0	0
8	99785266	M2449	0	0	0	0	0	0	0	0.116	0.066	0.001
9	71679633	M2620	0	0.002	0.056	0	0	0.089	0	0	0.001	0
15	60677846	M2475	0	0.001	0.001	0	0	0	0.001	0	0.122	0
16	5773903	M2568	0	0	0	0	0	0.001	0.002	0	0.183	0
16	21601265	M2454	0	0	0	0	0	0	0.107	0	0	0.469
15	21672529	M2516	0	0.003	0.001	0.002	0	0	0.001	0	0	0
2	185649824	M2597	0	0.44	0	0.001	0	0	0.001	0	0	0.001
1	25914220	M2579	0	0.001	0	0	0	0.213	0.001	0	0	0
13	114436122	M2602	0	0.001	0	0	0	0	0	0	0	0.419
23	49508202	M2618	0	0	0	0	0	0	0	0.1	0.001	0
2	218514	M2429	0	0.421	0.24	0.26	0	0	0	0.264	0.065	0.001
17	36852165	M2497	0	0.001	0	0	0	0.239	0.001	0	0	0
11	29445108	M2480	0	0	0.137	0	0.001	0	0	0	0.055	0.001
14	107157954	M2587	0	0	0.001	0.165	0.298	0	0.001	0.001	0.002	0
23	11733951	M2481	0	0.001	0.001	0.001	0	0.101	0.049	0.001	0.001	0
14	68598078	M2419	0	0.441	0.374	0.45	0.438	0.335	0.084	0.441	0.123	0.436
15	33753669	M2560	0	0.002	0	0.001	0	0	0.19	0	0	0
14	38365037	M2445	0	0.001	0	0	0.002	0	0.169	0	0.164	0.001
3	59440878	M2524	0	0.001	0	0	0	0.229	0.001	0.001	0	0.001
11	5953824	M2487	0	0.001	0.001	0.001	0	0.001	0	0	0	0
9	108562473	M2577	0	0.444	0.224	0.001	0.001	0	0	0	0	0.001
1	36132253	M2427	0	0	0	0.001	0	0.082	0	0	0	0.001
3	22081422	M2450	0	0	0.002	0	0.001	0	0	0	0.112	0.002
1	141272797	M2488	0	0.002	0	0	0	0.002	0.101	0.001	0	0.45
3	40834030	M2461	0	0	0	0.156	0.301	0.235	0	0.001	0.001	0
8	60646343	M2514	0	0	0	0.133	0	0	0	0.001	0.001	0
12	49328385	M2562	0	0.001	0	0.001	0.003	0.083	0	0.001	0	0.001
21	453881	M2532	0	0	0	0	0	0.001	0.001	0.001	0.058	0
2	133335665	M2596	0	0	0	0	0	0	0.002	0	0.073	0.001
4	38684502	M2423	0	0	0.207	0.186	0.456	0.319	0.101	0	0.051	0.453
18	69781627	M2439	0	0.421	0.221	0.259	0	0	0	0.269	0.049	0
5	60735791	M2515	0	0	0.001	0.001	0	0	0.102	0.001	0	0.447
21	24001963	M2611	0	0	0	0	0	0	0	0	0.116	0
