#chrom	pos	desc	normal	sample1	sample2	sample3	sample4	sample5	sample6	sample7	sample8	sample9	sample10	sample11	sample12	sample13	sample14
3	73606885	M2455	0	0	0	0	0	0	0	0	0	0	0	0	0.0655	0	0
6	124587550	M2435	0	0	0	0	0.1519	0	0	0	0	0	0	0	0	0	0
20	556973	M2540	0	0	0	0	0	0	0	0	0	0	0	0	0.1159	0	0
21	18575538	M2556	0	0	0	0	0	0	0	0	0	0	0.2057	0.3927	0	0	0
23	20838064	M2539	0	0	0.4743	0	0	0	0	0.1887	0	0	0	0	0	0.0946	0
13	131357258	M2438	0	0	0	0	0.0114	0	0	0	0	0.105	0	0	0.1159	0	0
15	84102705	M2428	0	0	0	0	0	0	0.0919	0	0	0	0	0	0	0	0
1	160212976	M2545	0	0	0	0	0	0	0	0.2644	0	0	0	0	0	0	0
13	74717927	M2457	0	0	0	0	0	0	0	0	0	0	0	0	0	0.1567	0
5	51226748	M2498	0	0	0	0	0	0.4181	0	0	0.188	0	0	0	0.1357	0	0
6	154823782	M2452	0	0	0	0	0	0	0	0	0	0	0	0	0	0	0.4749
16	100823744	M2521	0	0	0	0	0	0	0.0793	0	0	0	0	0	0	0	0
12	23489109	M2550	0	0	0	0	0	0	0.0328	0	0.2854	0.1006	0	0	0	0	0
17	40561419	M2499	0	0	0	0	0	0	0	0	0	0	0	0	0	0.1567	0
8	79650889	M2493	0	0	0	0	0.1519	0	0	0	0	0	0	0	0	0	0
9	44963607	M2617	0	0	0	0	0	0	0	0.2644	0	0	0	0	0	0	0
1	189045286	M2608	0	0	0	0	0	0	0	0	0	0	0.2057	0.3927	0	0	0
16	7012588	M2469	0	0	0	0	0	0	0	0	0	0	0	0	0.0655	0	0
22	51487564	M2476	0	0	0	0	0	0	0	0	0	0	0	0	0	0.1567	0
13	59269570	M2544	0	0	0	0	0.0114	0	0	0	0	0	0	0	0	0	0
23	20425356	M2464	0	0	0.4743	0.1223	0	0	0	0.1887	0	0	0	0	0	0.0946	0
19	56053848	M2472	0	0	0	0.3257	0	0	0	0	0	0.1272	0.0839	0	0	0	0
1	125852850	M2534	0	0	0	0	0	0	0	0	0	0	0	0	0	0.1922	0
10	16838663	M2553	0	0	0	0	0	0	0.1223	0	0	0	0	0	0	0	0
13	42379576	M2473	0	0	0	0	0.1256	0	0	0	0	0	0	0	0	0	0
23	44808569	M2525	0	0	0	0	0	0.4181	0	0	0.188	0	0	0	0.1357	0	0
22	22644794	M2479	0	0	0	0	0	0	0	0.2644	0	0	0	0	0	0	0
20	32367337	M2467	0	0	0	0	0	0.4181	0	0	0.188	0	0	0	0.1357	0	0
7	121230367	M2415	0	0.4898	0.4743	0.4481	0.3104	0	0.4903	0.4531	0.2854	0.4069	0.4786	0.4995	0.277	0.2513	0.4749
2	173968531	M2573	0	0	0	0	0	0	0	0	0	0.0741	0	0	0	0	0
9	13888103	M2581	0	0	0	0	0.0114	0	0	0	0	0	0	0	0	0	0
22	21651704	M2569	0	0	0.4743	0	0	0	0	0.1887	0	0	0	0	0	0.0946	0
23	28719109	M2582	0	0	0	0	0	0	0.0328	0	0	0	0	0	0	0	0
18	36050535	M2511	0	0	0	0	0	0	0	0	0	0.105	0	0	0.1159	0	0
12	70325509	M2555	0	0	0	0	0	0	0	0	0	0	0	0	0	0.1567	0
9	71679633	M2620	0	0	0	0	0	0	0	0	0	0.0741	0	0	0	0	0
15	60677846	M2475	0	0	0	0	0	0	0	0	0	0	0	0	0	0.1662	0
16	21601265	M2454	0	0.4898	0	0	0	0	0.0328	0	0.2854	0.1006	0.189	0	0	0	0
11	52234613	M2527	0	0	0	0	0	0	0	0	0	0.105	0	0	0	0	0
2	218514	M2429	0	0	0	0	0	0	0	0	0	0	0	0	0	0.1567	0.4749
14	6859827	M2522	0	0	0	0	0.1519	0	0	0	0	0	0	0	0	0	0
17	36852165	M2497	0	0	0	0	0	0	0	0	0	0	0	0	0.0956	0	0
11	29445108	M2480	0	0	0	0	0	0	0.1264	0	0	0	0	0.1068	0	0	0
14	107157954	M2587	0	0	0	0	0.1471	0	0.2393	0	0	0	0	0	0	0	0
12	53259842	M2543	0	0	0	0	0.1519	0	0	0	0	0	0	0	0	0	0
14	68598078	M2419	0	0.4898	0.4743	0.4481	0.1585	0	0.3984	0.4531	0.2854	0.3328	0.4786	0.4995	0.277	0.2513	0.4749
21	48371974	M2506	0	0	0	0	0	0	0	0	0	0	0	0	0	0.1922	0
14	38365037	M2445	0	0	0	0	0.1256	0.4181	0	0	0.188	0	0	0	0.1357	0	0
3	59440878	M2524	0	0	0	0	0	0	0	0	0	0	0	0	0.0956	0	0
11	5953824	M2487	0	0	0.4743	0	0	0	0	0.1887	0	0	0	0	0	0.0946	0
15	14864403	M2595	0	0	0	0	0	0	0	0	0.2854	0	0	0	0	0	0
1	36132253	M2427	0	0	0	0	0	0	0	0	0	0	0	0	0.0655	0	0
3	22081422	M2450	0	0	0	0	0	0	0	0	0	0	0	0	0	0.1922	0
1	141272797	M2488	0	0.4898	0	0	0	0	0	0	0	0	0	0	0	0	0
23	1354020	M2510	0	0	0	0.3257	0	0	0	0	0	0.1272	0.0839	0	0	0	0
23	30705786	M2444	0	0	0	0	0	0	0	0	0	0	0	0	0	0	0.4749
20	52648481	M2523	0	0	0	0	0.0114	0	0	0	0	0	0	0	0	0	0
3	40834030	M2461	0	0	0	0	0.1471	0	0.2393	0	0	0	0.2057	0.3927	0.0956	0	0
20	24453351	M2495	0	0	0	0	0.0114	0	0	0	0	0	0	0	0	0	0
4	159900984	M2537	0	0	0	0	0	0	0	0	0.1582	0	0	0	0.1195	0	0
9	42955320	M2443	0	0	0	0	0	0	0.0919	0	0	0	0	0	0	0	0
21	453881	M2532	0	0	0	0	0	0	0	0	0	0	0	0.1068	0	0	0
4	38684502	M2423	0	0.4898	0.4743	0.1223	0.1585	0	0.3984	0.4531	0.2854	0.2056	0.3947	0.4995	0.277	0.0946	0
18	69781627	M2439	0	0	0	0	0	0	0	0	0	0	0	0	0	0.1567	0.4749
19	64887036	M2489	0	0	0	0.3257	0	0	0	0	0	0.1272	0.0839	0	0	0	0
13	46321435	M2531	0	0	0	0	0	0	0	0.2644	0	0	0	0	0	0	0
12	8595973	M2584	0	0	0.4743	0	0	0	0	0.1887	0	0	0	0	0	0	0
