#chrom	pos	desc	normal	sample1	sample2	sample3	sample4	sample5	sample6	sample7	sample8	sample9	sample10	sample11	sample12	sample13	sample14
3	73606885	M2455	0	0.001	0	0	0.001	0.001	0	0	0	0.002	0	0.001	0.074	0	0.001
6	124587550	M2435	0	0	0	0.001	0.147	0	0	0	0	0	0.001	0.001	0.002	0	0
20	556973	M2540	0	0	0	0.003	0	0	0	0	0.002	0	0.001	0	0.112	0.001	0.001
21	18575538	M2556	0	0	0.001	0.001	0	0.001	0	0	0	0.001	0.196	0.425	0.001	0	0
23	20838064	M2539	0	0	0.49	0	0	0	0	0.202	0	0	0	0	0	0.089	0
13	131357258	M2438	0	0	0	0	0.013	0	0	0.001	0.001	0.098	0	0.001	0.112	0.001	0.001
15	84102705	M2428	0	0	0	0	0	0	0.093	0.001	0	0	0	0	0	0	0
1	160212976	M2545	0	0	0	0.001	0	0	0	0.244	0.001	0	0.001	0.001	0.001	0	0
13	74717927	M2457	0	0.001	0.001	0.001	0.001	0.001	0	0	0	0	0	0	0.001	0.153	0
5	51226748	M2498	0	0.001	0	0	0	0.434	0	0.001	0.19	0	0	0	0.127	0	0.001
6	154823782	M2452	0	0	0.001	0	0	0	0	0	0	0.001	0	0	0.001	0.001	0.469
16	100823744	M2521	0	0	0	0	0.001	0	0.071	0	0.001	0.001	0	0	0	0	0
12	23489109	M2550	0	0.001	0.001	0.001	0.001	0	0.038	0.001	0.295	0.084	0.001	0.001	0.002	0	0
17	40561419	M2499	0	0	0	0.001	0	0	0	0	0	0	0	0.001	0	0.167	0
8	79650889	M2493	0	0	0	0.001	0.151	0	0	0	0.001	0.002	0	0.003	0	0.002	0.001
9	44963607	M2617	0	0	0	0.001	0	0	0	0.25	0.001	0.001	0	0.001	0.001	0	0
1	189045286	M2608	0	0.001	0	0	0.001	0	0	0	0	0	0.206	0.397	0	0	0
16	7012588	M2469	0	0	0	0.001	0	0.001	0	0	0.001	0	0	0	0.063	0	0
22	51487564	M2476	0	0	0	0.001	0	0	0	0	0.001	0	0	0	0	0.169	0
13	59269570	M2544	0	0	0	0	0.009	0	0	0	0.001	0	0	0	0	0.001	0.002
23	20425356	M2464	0	0.001	0.48	0.132	0	0	0	0.18	0	0	0.001	0	0	0.105	0
19	56053848	M2472	0	0.001	0.001	0.328	0	0	0	0	0	0.116	0.101	0	0.001	0	0.001
1	125852850	M2534	0	0	0	0	0	0.001	0	0	0.001	0.001	0	0	0	0.187	0
10	16838663	M2553	0	0	0	0	0	0	0.122	0	0.001	0	0	0.001	0	0.001	0.001
13	42379576	M2473	0	0	0	0.001	0.129	0.001	0	0	0	0	0	0	0	0	0
23	44808569	M2525	0	0.001	0.001	0	0.001	0.416	0	0.001	0.202	0.001	0	0	0.133	0	0
22	22644794	M2479	0	0.001	0	0	0	0.001	0.001	0.273	0	0	0	0	0	0	0
20	32367337	M2467	0	0	0	0.001	0.001	0.405	0	0	0.168	0.001	0.001	0.001	0.133	0.002	0.001
7	121230367	M2415	0	0.493	0.474	0.439	0.312	0.001	0.49	0.459	0.282	0.388	0.457	0.501	0.266	0.245	0.476
2	173968531	M2573	0	0	0	0	0.001	0	0.001	0	0	0.072	0.002	0	0	0	0
9	13888103	M2581	0	0	0	0.001	0.012	0	0	0	0	0	0	0.001	0	0	0
22	21651704	M2569	0	0	0.522	0	0	0	0	0.194	0.002	0	0	0	0	0.097	0
23	28719109	M2582	0	0	0	0	0.001	0	0.038	0	0	0.001	0	0	0	0.002	0
18	36050535	M2511	0	0	0	0	0	0.001	0.003	0	0.001	0.107	0	0	0.117	0	0
12	70325509	M2555	0	0	0	0	0.001	0.001	0	0.001	0.001	0	0	0	0	0.158	0
9	71679633	M2620	0	0.001	0.001	0	0	0.001	0	0	0	0.086	0	0.001	0	0	0.001
15	60677846	M2475	0	0.001	0.002	0	0	0	0.001	0	0	0	0	0	0	0.184	0
16	21601265	M2454	0	0.471	0	0.002	0	0	0.033	0	0.277	0.101	0.179	0	0	0	0
11	52234613	M2527	0	0	0.002	0	0	0	0.001	0	0	0.106	0.001	0	0	0	0
2	218514	M2429	0	0	0	0.001	0.001	0.001	0	0.001	0	0.001	0	0.001	0	0.164	0.488
14	6859827	M2522	0	0	0.001	0	0.154	0.001	0.001	0	0	0	0	0.001	0.001	0	0.001
17	36852165	M2497	0	0.001	0.001	0.001	0	0	0.001	0	0	0	0	0.001	0.085	0	0.001
11	29445108	M2480	0	0.001	0	0.001	0	0.001	0.149	0	0.001	0	0	0.102	0	0	0.001
14	107157954	M2587	0	0	0	0	0.14	0	0.239	0	0	0	0.001	0.001	0	0	0.001
12	53259842	M2543	0	0.002	0	0	0.162	0.001	0	0	0	0.001	0	0.002	0.001	0	0
14	68598078	M2419	0	0.507	0.464	0.439	0.146	0	0.382	0.439	0.275	0.324	0.484	0.484	0.273	0.231	0.457
21	48371974	M2506	0	0	0	0	0	0	0	0	0.001	0	0.002	0	0	0.181	0
14	38365037	M2445	0	0	0.001	0.001	0.13	0.409	0	0	0.184	0	0.001	0	0.142	0	0.003
3	59440878	M2524	0	0.001	0	0	0.001	0	0.001	0.002	0	0.001	0	0	0.101	0	0
11	5953824	M2487	0	0.001	0.461	0	0	0	0.002	0.197	0	0.001	0	0	0	0.097	0
15	14864403	M2595	0	0.001	0.002	0	0	0	0	0.001	0.282	0.001	0	0.001	0	0	0.001
1	36132253	M2427	0	0	0	0	0	0	0.001	0	0	0	0.001	0	0.065	0	0
3	22081422	M2450	0	0.001	0.001	0	0.001	0	0	0.001	0	0.001	0.002	0.001	0.001	0.19	0
1	141272797	M2488	0	0.481	0	0	0.001	0.002	0	0.001	0	0	0	0.002	0.002	0.001	0.003
23	1354020	M2510	0	0.001	0	0.309	0	0	0.001	0	0	0.122	0.071	0	0	0.001	0
23	30705786	M2444	0	0.001	0	0	0	0	0	0.001	0	0	0.001	0	0	0	0.469
20	52648481	M2523	0	0	0	0	0.013	0	0	0	0	0	0	0	0.001	0	0
3	40834030	M2461	0	0.003	0	0	0.143	0	0.231	0	0	0	0.2	0.383	0.081	0	0
20	24453351	M2495	0	0	0	0	0.013	0.002	0	0	0	0.001	0	0	0	0.001	0
4	159900984	M2537	0	0	0	0	0.001	0	0	0	0.158	0.001	0.001	0	0.118	0	0
9	42955320	M2443	0	0.001	0	0	0	0	0.077	0	0	0	0.001	0	0	0	0
21	453881	M2532	0	0	0	0	0	0	0	0	0	0	0	0.106	0	0	0.001
4	38684502	M2423	0	0.45	0.477	0.113	0.16	0.002	0.442	0.435	0.283	0.188	0.39	0.475	0.261	0.1	0
18	69781627	M2439	0	0.001	0	0	0	0	0	0.002	0	0	0.001	0.001	0.001	0.159	0.496
19	64887036	M2489	0	0.001	0.001	0.335	0.001	0	0	0.001	0	0.113	0.069	0	0	0.001	0
13	46321435	M2531	0	0.001	0	0	0	0	0	0.271	0.002	0	0	0	0	0	0.001
12	8595973	M2584	0	0	0.48	0	0	0	0	0.162	0	0	0	0	0	0	0.002
