#chrom	pos	desc	normal	sample1	sample2	sample3	sample4	sample5	sample6	sample7	sample8	sample9
3	73606885	M2455	0	0.0001	0.0002	0.0004	0.0005	0.0849	0.0003	0.0001	0.0003	0.0005
20	556973	M2540	0	0.0002	0.0003	0.0003	0.1575	0.0003	0.0004	0.0005	0.0004	0.0004
6	124587550	M2435	0	0.0004	0.0009	0.0006	0.0001	0.0904	0.0521	0.0003	0.0005	0.0007
13	131357258	M2438	0	0.0003	0.0001	0.0005	0.1604	0.0003	0.0003	0.0005	0	0.0006
13	74717927	M2457	0	0.4357	0.2175	0.2683	0.0005	0.0003	0.0003	0.1707	0.0005	0.0005
5	51226748	M2498	0	0.0002	0.0006	0.0006	0.0003	0.0001	0.0003	0.0005	0.1798	0.0004
13	110297591	M2500	0	0.0007	0.0004	0.001	0.0001	0.0003	0.0005	0.0002	0.0002	0.0001
17	40561419	M2499	0	0.4333	0.2171	0.1217	0.0001	0.0004	0.0002	0.0001	0.0002	0.0006
22	51487564	M2476	0	0.4324	0.2237	0.1225	0.0003	0.0004	0.0002	0.0002	0.0007	0.0005
23	20425356	M2464	0	0.0005	0.0405	0.001	0.0006	0.0004	0	0.0003	0.0003	0.0007
10	16838663	M2553	0	0.0002	0.1377	0.0005	0.0004	0.0003	0.0004	0.0003	0.0004	0.0001
13	42379576	M2473	0	0.0004	0.0003	0.0004	0.0001	0.0004	0.1665	0.0008	0.0002	0.0005
13	84312889	M2508	0	0.0008	0	0.0004	0.0003	0.0892	0.0001	0.0002	0.0002	0.0002
23	44808569	M2525	0	0.0002	0.0001	0	0.0002	0.0005	0.0006	0.0004	0.1809	0.0004
20	32367337	M2467	0	0.0006	0.0006	0.0005	0.0002	0.0002	0.0002	0.0002	0.1808	0.0003
16	20948615	M2519	0	0.0002	0.0007	0.0005	0.0005	0.0914	0.0005	0.0003	0.0002	0.0007
7	121230367	M2415	0	0.4327	0.4642	0.4425	0.4348	0.4917	0.327	0.4185	0.1176	0.4401
2	173968531	M2573	0	0.0003	0.0617	0.0001	0.0004	0.0724	0.0004	0.0004	0.0003	0.0003
23	19672667	M2491	0	0.0003	0.0004	0.0006	0.0004	0.0004	0.0002	0.0003	0.114	0.0003
21	50604442	M2565	0	0.0002	0.0004	0.0003	0.0006	0.0004	0.0509	0.0006	0.0004	0.0003
13	88244917	M2484	0	0.0003	0.0004	0.1315	0.0002	0.0002	0.0005	0.1684	0.0006	0.0001
11	106340332	M2609	0	0.0001	0.0004	0.0001	0.0004	0.0004	0.1816	0.0001	0.0004	0.0003
18	36050535	M2511	0	0.0005	0.0002	0.0004	0.1588	0.0004	0.0004	0.0004	0.0001	0.0003
12	70325509	M2555	0	0.0006	0.0005	0.1174	0.0002	0.0003	0.0003	0.0004	0.0002	0.0002
9	123104727	M2574	0	0.0002	0.0003	0.0003	0.0005	0	0.0004	0.1375	0.0005	0.0002
1	5709402	M2551	0	0.0002	0.0003	0.0001	0.0005	0.0004	0.0004	0.1081	0.063	0.0003
17	84277770	M2589	0	0.0005	0.0002	0.0003	0.0003	0.0003	0.0001	0.1506	0.0004	0.0002
8	99785266	M2449	0	0.0002	0.0005	0.0004	0.0002	0.0003	0.0004	0.1075	0.0658	0.0002
9	71679633	M2620	0	0.0004	0.0633	0.0002	0.0002	0.0761	0.0004	0.0003	0.0003	0.0004
15	60677846	M2475	0	0.0005	0.0004	0.0004	0.0002	0.0002	0.0004	0.0003	0.1168	0.0006
16	5773903	M2568	0	0.0001	0.0002	0.0005	0.0001	0.0004	0.0003	0.0001	0.1819	0.0002
16	21601265	M2454	0	0.0003	0.0009	0.0003	0.0004	0.0004	0.0934	0.0001	0.0004	0.439
15	21672529	M2516	0	0.0003	0.0005	0.0015	0.0003	0.0005	0.0004	0.0007	0.0002	0.0004
2	185649824	M2597	0	0.4271	0.0005	0.0001	0.0003	0.0005	0.0003	0.0004	0.0001	0.0003
1	25914220	M2579	0	0.0004	0	0.0002	0.0001	0.2384	0.0006	0.0003	0.0003	0.0002
13	114436122	M2602	0	0.0003	0.0003	0.0003	0.0004	0.0003	0.0002	0.0003	0.0002	0.445
23	49508202	M2618	0	0.0003	0.0002	0.0004	0.0004	0.0005	0.0001	0.1048	0.0005	0.0001
2	218514	M2429	0	0.425	0.2218	0.2588	0.0003	0.0003	0.0006	0.2745	0.0616	0.0002
17	36852165	M2497	0	0.0006	0	0.0002	0.0002	0.2432	0.0002	0.0001	0.0002	0.0004
11	29445108	M2480	0	0.0005	0.1332	0.0004	0.0003	0.0002	0.0001	0.0002	0.0555	0.0005
14	107157954	M2587	0	0.0003	0.0006	0.1777	0.2795	0.0004	0.0001	0.0003	0.0002	0.0003
23	11733951	M2481	0	0.0003	0.0002	0.0005	0.0002	0.0904	0.0453	0.0001	0.0003	0.0001
14	68598078	M2419	0	0.4255	0.404	0.4484	0.4349	0.3242	0.0938	0.4174	0.1147	0.4473
15	33753669	M2560	0	0.0002	0.0005	0.0007	0.0003	0.0004	0.1802	0.0001	0.0001	0.0003
14	38365037	M2445	0	0.0005	0.0003	0.0003	0.0003	0.0004	0.1645	0.0005	0.1827	0.0002
3	59440878	M2524	0	0.0002	0.0001	0.0004	0.0003	0.2454	0.0002	0	0.0002	0.0003
11	5953824	M2487	0	0.0001	0.0002	0.0012	0.0003	0.0004	0.0002	0.0005	0.0003	0.0003
9	108562473	M2577	0	0.4299	0.2192	0.0004	0.0005	0.0007	0.0004	0.0003	0.0005	0.0005
1	36132253	M2427	0	0.0001	0.0003	0.0003	0.0004	0.0841	0.0004	0.0003	0.0001	0.0003
3	22081422	M2450	0	0.0002	0.0007	0.0003	0.0005	0.0003	0.0002	0.0004	0.1108	0.0001
1	141272797	M2488	0	0.0005	0.0002	0.0003	0.0007	0.0001	0.0877	0.0007	0.0002	0.4442
3	40834030	M2461	0	0	0.0007	0.1837	0.2826	0.2385	0.0002	0.0002	0.0003	0.0004
8	60646343	M2514	0	0.0006	0.0002	0.1342	0.0001	0.0003	0.0004	0	0.0004	0.0005
12	49328385	M2562	0	0.0001	0.0005	0.0003	0.0003	0.0792	0.0003	0.0003	0.0002	0.0003
21	453881	M2532	0	0.0006	0.0001	0.0005	0.0003	0.0002	0.0001	0.0009	0.0516	0.0002
2	133335665	M2596	0	0.0004	0.0001	0.0003	0.0003	0.0006	0.0001	0.0002	0.0591	0.0003
4	38684502	M2423	0	0.0005	0.1828	0.1816	0.4325	0.3325	0.0911	0.0003	0.0546	0.4508
18	69781627	M2439	0	0.4229	0.2258	0.2544	0.0001	0.0003	0.0001	0.2722	0.0582	0.0004
5	60735791	M2515	0	0.0005	0.0005	0.0001	0.0003	0.0001	0.0959	0.0002	0.0002	0.4491
21	24001963	M2611	0	0.0003	0.0002	0.0004	0.0004	0.0007	0.0003	0.0002	0.1137	0.0005
