#chrom	pos	desc	normal	sample1	sample2	sample3	sample4	sample5	sample6	sample7	sample8	sample9	sample10	sample11	sample12	sample13	sample14
3	73606885	M2455	0	0.0005	0.0004	0.0001	0.0001	0.0003	0.0005	0.0004	0.0003	0.0008	0.0001	0.0004	0.065	0.0001	0.0002
6	124587550	M2435	0	0.0003	0.0003	0.0002	0.1521	0.0003	0.0008	0.0006	0.0003	0.0001	0.0004	0.0003	0.0004	0.0005	0.0005
20	556973	M2540	0	0.0002	0.0005	0.0003	0.0005	0.0002	0.0004	0.0002	0.0001	0.0002	0.0004	0.0002	0.1233	0.0006	0.0005
21	18575538	M2556	0	0.0003	0.0002	0.0004	0.0003	0.0004	0.0002	0.0001	0.0005	0.0002	0.2077	0.3916	0.0003	0.0001	0.0004
23	20838064	M2539	0	0.0004	0.4657	0.0003	0.0003	0.0003	0.0001	0.1872	0	0.0002	0.0003	0.0003	0.0004	0.0951	0.0002
13	131357258	M2438	0	0.0005	0.0002	0.0001	0.0118	0.0003	0.0008	0.0007	0.0001	0.1061	0.0004	0.0004	0.1128	0.0002	0.0001
15	84102705	M2428	0	0.0005	0.0001	0.0002	0.0003	0.0003	0.096	0.0002	0.0005	0.0001	0.0001	0.0005	0	0.0005	0.0002
1	160212976	M2545	0	0.0002	0.0004	0.0008	0.0003	0.0004	0.0003	0.2684	0.0009	0.0009	0.0004	0.0001	0.0006	0.0004	0.0001
13	74717927	M2457	0	0.0001	0.0002	0.0004	0.0003	0.0005	0.0003	0.0002	0.0003	0.0006	0.0003	0.0001	0.0005	0.1519	0
5	51226748	M2498	0	0	0.0001	0.0001	0.0002	0.4256	0.0003	0.0003	0.1859	0.0003	0.0004	0.0003	0.1342	0.0006	0.0004
6	154823782	M2452	0	0.0005	0.0006	0.0006	0.0005	0.0006	0.0001	0.0004	0.0002	0.0006	0.0003	0.0005	0.0001	0.0005	0.4633
16	100823744	M2521	0	0.0004	0.0002	0.0006	0.0003	0.0011	0.0757	0.0004	0.0002	0.0004	0.0006	0.0005	0.0006	0.0005	0.0002
12	23489109	M2550	0	0.0001	0.0003	0.0004	0.0005	0.0004	0.0359	0.0001	0.2836	0.0961	0.0005	0.0004	0.0003	0.0004	0.0007
17	40561419	M2499	0	0.0005	0.0002	0.0004	0.0006	0.0002	0.0002	0.0002	0.0002	0.0006	0.0003	0.0006	0.0001	0.1543	0.0007
8	79650889	M2493	0	0.0004	0.0003	0.0002	0.1483	0.0001	0.0006	0.0002	0.0001	0.0004	0.0003	0.0002	0.0005	0.0004	0.0007
9	44963607	M2617	0	0.0003	0.0005	0.0004	0.0002	0.0005	0.0004	0.2672	0.0003	0.0004	0.0002	0.0004	0.0004	0.0006	0.0002
1	189045286	M2608	0	0.0002	0.0005	0.0003	0.0007	0.0005	0.0003	0.0002	0.0004	0.0003	0.2063	0.4	0.0001	0.0004	0.0002
16	7012588	M2469	0	0.0004	0.0001	0.0004	0.0001	0.0008	0.0005	0.0001	0.0004	0.0005	0.0005	0.0004	0.067	0	0.0002
22	51487564	M2476	0	0.0004	0.0005	0.0006	0.0005	0.0001	0.0003	0.0004	0.0002	0.0004	0.0001	0.0006	0.0003	0.1613	0.0004
13	59269570	M2544	0	0.0002	0.0005	0.0003	0.0133	0.0008	0.0001	0.0001	0.0004	0.0002	0.0001	0.0003	0.0003	0.0001	0.0003
23	20425356	M2464	0	0.0005	0.4739	0.1253	0.0004	0.0002	0.0002	0.1792	0.0001	0.0001	0.0002	0.0003	0.0003	0.1016	0.0008
19	56053848	M2472	0	0.0001	0.0004	0.3268	0.0005	0.0001	0	0.0002	0.0001	0.1267	0.0883	0	0.0001	0.0003	0.0006
1	125852850	M2534	0	0.0001	0.0003	0.0001	0.0003	0.0004	0.0001	0.0001	0.0004	0.0004	0.0005	0.0002	0.0007	0.1884	0.0003
10	16838663	M2553	0	0.0002	0.0002	0.0003	0.0002	0.0005	0.1186	0.0005	0.0006	0.0005	0.0004	0.0003	0.0002	0.0003	0.0006
13	42379576	M2473	0	0.0003	0.0001	0.0003	0.1291	0.0005	0.0004	0.0003	0.0006	0.0002	0.0001	0.0003	0.0004	0.0002	0.0004
23	44808569	M2525	0	0.0001	0	0.0006	0.0005	0.4229	0.0001	0.0004	0.1896	0.0004	0.0001	0.0003	0.1339	0.0002	0.0001
22	22644794	M2479	0	0	0.0001	0.0002	0.0005	0.0002	0.0002	0.2637	0.0004	0.0001	0.0004	0.0005	0.0005	0.0002	0.0002
20	32367337	M2467	0	0.0003	0.0003	0.0004	0.0007	0.4156	0.0005	0.0003	0.1929	0.0003	0.0001	0.0002	0.134	0.0004	0.0003
7	121230367	M2415	0	0.4898	0.4732	0.4478	0.3079	0.0005	0.4756	0.4498	0.2841	0.4018	0.4867	0.4911	0.2727	0.2505	0.4772
2	173968531	M2573	0	0.0005	0.0002	0.0003	0	0.0006	0.0004	0.0001	0.0004	0.071	0.0002	0.0007	0.0002	0.0003	0.0006
9	13888103	M2581	0	0.0003	0.0004	0.0003	0.0124	0.0006	0.0005	0.0003	0.0002	0.0003	0	0.0002	0.0003	0.0004	0.0003
22	21651704	M2569	0	0.0005	0.4736	0.0003	0.0003	0	0.0002	0.1857	0.0004	0.0002	0.0003	0.0002	0.0003	0.0991	0.0003
23	28719109	M2582	0	0.0007	0.0005	0	0.0001	0	0.0328	0.0006	0	0.0004	0.0003	0.0005	0.0004	0.0006	0.0003
18	36050535	M2511	0	0.0001	0.0003	0	0.0002	0.0002	0.0002	0.0007	0.0006	0.1065	0.0006	0.0004	0.1148	0.0005	0.0003
12	70325509	M2555	0	0.0005	0.0004	0.0006	0.0005	0.0001	0.0001	0.0004	0.0005	0.0004	0	0.0004	0.0002	0.1571	0.0001
9	71679633	M2620	0	0.0002	0.0002	0.0004	0.0008	0.0004	0.0002	0.0002	0.0001	0.0775	0.0001	0.0004	0.0003	0.0003	0.0001
15	60677846	M2475	0	0.0002	0.0006	0	0.0001	0.0006	0.0002	0.0005	0.0002	0.0001	0.0002	0	0.0002	0.1695	0.0006
16	21601265	M2454	0	0.4852	0.0002	0.0004	0.0006	0.0001	0.0318	0.0002	0.2914	0.1008	0.1909	0	0.0003	0.0002	0.0004
11	52234613	M2527	0	0.0004	0	0.0001	0.0005	0.0003	0.0005	0.0002	0.0002	0.1036	0.0003	0.0003	0.0002	0.0003	0.0004
2	218514	M2429	0	0.0001	0.0002	0.0004	0.0003	0.0006	0.0004	0.0001	0.0004	0.0005	0.0002	0.0001	0.0006	0.1517	0.4743
14	6859827	M2522	0	0.0001	0.0005	0.0005	0.1535	0.0004	0.0003	0.0002	0.0005	0.0002	0.0005	0.0002	0.0003	0.0003	0.0005
17	36852165	M2497	0	0.0003	0.0003	0.0007	0.0007	0.0001	0.0006	0.0003	0.0003	0.0003	0.0004	0.0003	0.0958	0.0002	0.0001
11	29445108	M2480	0	0.0003	0.0003	0.0003	0.0005	0.0004	0.1297	0.0002	0.0003	0.0004	0.0004	0.1076	0.0002	0.0004	0.0005
14	107157954	M2587	0	0.0003	0.0007	0.0007	0.1503	0.0003	0.2369	0.0005	0.0004	0.0002	0.0001	0.0004	0.0001	0.0008	0.0004
12	53259842	M2543	0	0.0002	0.0002	0.0001	0.157	0.0001	0	0.0004	0.0003	0.0001	0.0001	0.0006	0.0004	0.0006	0.0006
14	68598078	M2419	0	0.4853	0.4693	0.4477	0.1529	0.0003	0.4023	0.4513	0.2788	0.3384	0.4676	0.4989	0.2811	0.2566	0.4757
21	48371974	M2506	0	0.0003	0.0004	0.0003	0.0004	0.0004	0.0002	0.0002	0.0004	0.0003	0.0003	0.0004	0.0001	0.1944	0.0005
14	38365037	M2445	0	0.0002	0.0003	0.0002	0.1269	0.4142	0.0003	0.0002	0.1836	0.0002	0.0001	0.0006	0.1408	0.0002	0.0005
3	59440878	M2524	0	0.0002	0.0003	0.0006	0.0004	0.0004	0.0002	0.0003	0.0002	0.0002	0.0003	0.0006	0.0956	0.0002	0.0007
11	5953824	M2487	0	0.0004	0.4803	0.0004	0.0005	0.0002	0.0003	0.1889	0.0002	0.0006	0.0003	0.0004	0.0003	0.0917	0.0004
15	14864403	M2595	0	0.0007	0.0005	0.0003	0.0001	0.0005	0.0004	0.0003	0.288	0.0004	0.0005	0.0002	0.0002	0.0003	0.0004
1	36132253	M2427	0	0.0002	0.0002	0.0003	0.0004	0.0006	0.0003	0.0004	0.0003	0	0.0003	0.0003	0.0654	0.0006	0.0005
3	22081422	M2450	0	0.0001	0.0005	0.0004	0.0005	0.0003	0.0002	0.0007	0.0003	0.0002	0.0005	0.0005	0	0.1931	0.0006
1	141272797	M2488	0	0.4888	0.0001	0.0003	0.0001	0.0003	0.0004	0.0003	0.0002	0.0005	0.0004	0.0004	0.0003	0.0003	0.0006
23	1354020	M2510	0	0.0004	0.0002	0.3188	0.0005	0.0003	0.0005	0.0004	0.0003	0.1311	0.0836	0.0005	0.0001	0.0004	0.0005
23	30705786	M2444	0	0.0005	0.0003	0.0002	0.0001	0.0003	0.0004	0.0008	0.0003	0.0001	0.0004	0.0001	0.0002	0.0001	0.4718
20	52648481	M2523	0	0.0003	0.0002	0.0007	0.0107	0.0001	0.0009	0.0006	0.0004	0.0003	0.0003	0.0002	0.0006	0.0001	0.0003
3	40834030	M2461	0	0.0001	0.0002	0.0002	0.1477	0.0001	0.235	0.0005	0.0006	0.0006	0.2028	0.399	0.1002	0.0006	0.0004
20	24453351	M2495	0	0.0003	0.0001	0.0005	0.0103	0.0002	0.0003	0.0006	0.0003	0.0003	0.0002	0.0002	0.0003	0.0004	0.0004
4	159900984	M2537	0	0.0004	0.0006	0.0004	0.0004	0.0004	0.0006	0.0005	0.1546	0.0001	0.0003	0.0004	0.119	0.0002	0.0003
9	42955320	M2443	0	0.0005	0.0001	0.0005	0.0004	0.0003	0.093	0.0007	0.0004	0.0003	0.0002	0.0002	0.0005	0.0006	0.0002
21	453881	M2532	0	0.0004	0.0003	0.0003	0	0.0002	0.0002	0.0002	0.0003	0.0003	0.0003	0.1023	0.0005	0.0002	0.0004
4	38684502	M2423	0	0.4871	0.477	0.1232	0.1559	0.0007	0.3956	0.4596	0.2876	0.2024	0.3918	0.4881	0.276	0.0975	0.0003
18	69781627	M2439	0	0.0002	0.0003	0.0003	0.0001	0.0002	0.0003	0.0003	0.0002	0.0007	0.0006	0.0002	0.0003	0.1547	0.477
19	64887036	M2489	0	0.0003	0.0004	0.3156	0.0003	0.0003	0.0006	0.0003	0.0003	0.1334	0.0841	0.0006	0.0003	0.0006	0
13	46321435	M2531	0	0.0006	0.0005	0.0004	0.0002	0.0004	0.0005	0.2639	0.0003	0.0003	0.0004	0.0001	0.0001	0.0003	0.0005
12	8595973	M2584	0	0.0003	0.4716	0.0002	0.0002	0.0002	0.0009	0.1907	0.0003	0.0002	0.0005	0.0002	0.0005	0.0003	0.0002
