#chrom	pos	desc	normal	sample1	sample2	sample3	sample4	sample5	sample6	sample7	sample8	sample9
13	39885814	M7722	0	0.001	0	0.418	0.131	0.136	0.227	0.001	0	0.284
9	127935181	M7784	0	0.001	0	0.001	0.114	0	0	0	0.001	0
12	134882929	M7733	0	0.447	0.235	0.001	0.091	0	0	0.13	0.001	0.001
5	29676164	M7753	0	0	0	0	0	0.111	0.001	0	0.001	0.229
11	103091414	M7761	0	0	0	0	0	0.097	0	0	0	0.199
8	36943865	M7724	0	0.44	0.487	0	0.212	0.223	0.142	0.145	0.376	0.001
23	49952681	M7736	0	0.452	0	0	0.102	0	0.001	0.001	0	0.001
3	79943993	M7773	0	0.001	0.001	0	0.001	0	0	0.001	0.11	0
16	13295211	M7729	0	0	0	0.412	0.121	0.148	0.245	0.001	0	0.287
8	147558377	M7750	0	0.001	0	0	0	0	0	0	0.121	0.001
19	42274222	M7747	0	0	0.25	0	0.001	0.076	0.137	0	0.265	0.001
14	54575652	M7737	0	0	0	0	0	0.085	0.001	0	0	0.204
9	128443039	M7742	0	0	0	0.001	0.001	0	0.072	0.293	0	0
23	2004239	M7706	0	0.445	0.452	0.378	0.332	0.37	0.369	0.121	0.389	0.287
12	11502552	M7707	0	0.462	0.472	0.399	0.344	0.361	0.367	0.148	0.345	0.262
20	16107229	M7712	0	0.462	0.501	0.377	0.311	0.375	0.367	0.138	0.423	0.268
7	157415206	M7772	0	0.001	0.179	0	0	0	0.001	0.001	0	0
10	55445613	M7783	0	0	0	0.425	0	0	0.109	0	0.001	0.281
12	82240929	M7728	0	0	0	0	0	0.001	0.063	0.286	0	0
13	122482332	M7734	0	0	0	0	0	0	0.06	0.271	0	0
18	21962589	M7732	0	0	0.002	0	0.122	0.146	0.141	0.001	0.001	0
23	25527153	M7718	0	0.47	0.479	0.408	0.344	0.386	0.378	0.13	0.387	0.287
20	28302096	M7762	0	0	0	0	0.002	0.001	0	0	0.062	0
21	14348780	M7758	0	0.001	0	0	0.145	0.174	0.128	0	0	0
4	112452385	M7715	0	0.46	0.482	0.419	0.325	0.367	0.376	0.126	0.374	0.265
19	22133760	M7754	0	0	0	0.001	0.112	0.142	0	0	0.001	0.002
14	8425554	M7779	0	0	0	0	0	0	0.138	0	0.001	0
1	231358306	M7723	0	0	0.002	0	0	0	0.083	0.305	0	0.001
23	41591526	M7721	0	0.001	0.001	0	0	0	0.08	0.26	0.001	0
20	56791661	M7730	0	0.468	0.471	0.001	0.205	0.229	0.154	0.129	0.406	0.002
14	50294541	M7776	0	0	0	0.001	0.112	0.142	0.001	0.001	0	0
15	32916422	M7711	0	0.441	0.477	0.374	0.324	0.389	0.36	0.129	0.379	0.271
2	49833868	M7741	0	0	0	0	0.1	0.127	0	0	0.001	0
