#chrom	pos	desc	normal	sample1	sample2	sample3	sample4	sample5	sample6	sample7	sample8	sample9	sample10	sample11	sample12	sample13	sample14
9	127935181	M7784	0	0.48	0	0	0.001	0	0.001	0	0.001	0	0	0	0	0	0.284
13	39885814	M7722	0	0	0	0	0	0.172	0.254	0	0.008	0.177	0.001	0	0	0	0.163
12	134882929	M7733	0	0.001	0.235	0	0	0.001	0.067	0	0.206	0	0.166	0	0.36	0.367	0
5	29676164	M7753	0	0	0.179	0.001	0	0	0.169	0	0	0.001	0	0.001	0	0	0.001
11	103091414	M7761	0	0	0.195	0	0	0.001	0.152	0	0	0.001	0	0	0.001	0	0
8	36943865	M7724	0	0.473	0.232	0.132	0.001	0.157	0.057	0.473	0.242	0.127	0.503	0.138	0.367	0.341	0.281
23	49952681	M7736	0	0	0.236	0	0	0	0	0	0.198	0.002	0.165	0.001	0	0.001	0.001
1	83901425	M7782	0	0	0	0	0	0	0	0	0.001	0.075	0.002	0	0.001	0.001	0.162
16	73535774	M7752	0	0.001	0.001	0.131	0	0	0.002	0	0	0	0.001	0.001	0	0	0
19	77561133	M7778	0	0	0	0.001	0	0	0	0.001	0.191	0.001	0.187	0	0	0	0.001
16	13295211	M7729	0	0	0.001	0	0	0.181	0.262	0	0.007	0.103	0	0	0	0	0.004
21	36809154	M7770	0	0.002	0	0.001	0	0.065	0	0	0.127	0.001	0.001	0	0	0	0
5	163583948	M7744	0	0	0	0	0.002	0	0	0.002	0.014	0.002	0	0	0	0	0.007
14	54575652	M7737	0	0	0.185	0	0.001	0.002	0.169	0	0	0.002	0.001	0	0	0.001	0
19	42274222	M7747	0	0	0	0.147	0	0	0	0.429	0.055	0	0.049	0.134	0	0	0
10	81926370	M7763	0	0	0.001	0	0.391	0.001	0.001	0	0	0	0	0.001	0	0.001	0
23	2004239	M7706	0	0.488	0.208	0.387	0	0.343	0.315	0.436	0.261	0.297	0.484	0.417	0.484	0.444	0.47
12	11502552	M7707	0	0.472	0.217	0.396	0	0.348	0.295	0.436	0.28	0.28	0.474	0.416	0.47	0.464	0.427
20	16107229	M7712	0	0.486	0.246	0.132	0	0.326	0.339	0.409	0.252	0.295	0.51	0.116	0.381	0.331	0.449
10	55445613	M7783	0	0.001	0	0	0.001	0.001	0	0	0	0.089	0.001	0	0.001	0.001	0
7	157415206	M7772	0	0	0.001	0	0	0	0.001	0	0.002	0	0	0	0.386	0.358	0
18	21962589	M7732	0	0	0.001	0	0	0.167	0.27	0	0.006	0.001	0.001	0.002	0	0.002	0.003
23	25527153	M7718	0	0.478	0.225	0.124	0	0.338	0.327	0.433	0.259	0.299	0.517	0.131	0.363	0.348	0.434
21	14348780	M7758	0	0.001	0	0.002	0	0.198	0.256	0	0	0	0.001	0	0.001	0	0
4	112452385	M7715	0	0.503	0.251	0.132	0	0.32	0.305	0.433	0.244	0.302	0.518	0.127	0.361	0.336	0.431
2	101413429	M7760	0	0.001	0	0	0	0	0	0.1	0.049	0	0.065	0.129	0	0	0
19	22133760	M7754	0	0.478	0	0	0	0.179	0	0	0.001	0.126	0.235	0	0	0	0.28
1	231358306	M7723	0	0.001	0	0	0.387	0.072	0.001	0.001	0.155	0	0	0	0	0	0
23	41591526	M7721	0	0	0	0	0.387	0.075	0	0.001	0.121	0	0	0	0.001	0.001	0.001
20	56791661	M7730	0	0.47	0.242	0.127	0.001	0.133	0.082	0.42	0.257	0.127	0.519	0.145	0.379	0.32	0.285
14	50294541	M7776	0	0.489	0	0.001	0.001	0	0	0	0.001	0	0.001	0	0	0	0.281
15	32916422	M7711	0	0.457	0.23	0.41	0	0.33	0.346	0.429	0.277	0.276	0.5	0.395	0.49	0.464	0.465
6	154438228	M7719	0	0	0	0.288	0	0	0.001	0	0	0	0	0.257	0.099	0.129	0
2	49833868	M7741	0	0.49	0.002	0	0	0.168	0	0	0.001	0.105	0.274	0.001	0	0	0.27
