#chrom	pos	desc	normal	sample1	sample2	sample3	sample4	sample5	sample6	sample7	sample8	sample9	sample10	sample11	sample12	sample13	sample14
9	127935181	M7784	0	0.4881	0.0005	0.0001	0.0007	0.0003	0.0003	0.0003	0.0003	0.0001	0.0004	0.0004	0.0002	0.0003	0.2889
13	39885814	M7722	0	0.0004	0.0003	0.0006	0.0003	0.1752	0.2615	0.0008	0.0056	0.1662	0.0002	0.0005	0.0002	0.0007	0.1506
12	134882929	M7733	0	0.0004	0.225	0.0001	0.0005	0.0004	0.0591	0.0004	0.2163	0.0004	0.1849	0.0004	0.3656	0.347	0.0003
5	29676164	M7753	0	0.0002	0.1962	0.0004	0.0004	0.0003	0.1592	0.0001	0.0004	0.0001	0.0002	0.0003	0.0003	0.0006	0.0001
11	103091414	M7761	0	0.0003	0.1907	0.0001	0.0004	0.0003	0.155	0.0002	0.0003	0.0001	0.0002	0.0004	0.0003	0.0005	0.0004
8	36943865	M7724	0	0.4811	0.2358	0.1291	0.0002	0.1684	0.0597	0.4349	0.2601	0.1285	0.5085	0.1333	0.366	0.3464	0.2871
23	49952681	M7736	0	0.0004	0.2366	0.0002	0.0003	0.0005	0.0005	0	0.2117	0.0009	0.1864	0.0006	0.0001	0.0003	0.0004
1	83901425	M7782	0	0.0002	0.0003	0.0001	0.0002	0.0004	0.0002	0.0002	0.0001	0.0656	0.0002	0.0002	0.0002	0.0001	0.1449
16	73535774	M7752	0	0.0003	0.0004	0.1285	0.0003	0.0001	0.0001	0.0005	0.0003	0.0006	0.0005	0.0002	0.0005	0.0001	0.0002
19	77561133	M7778	0	0.0003	0.0008	0.0002	0.0001	0.0002	0.0002	0.0004	0.2078	0.0005	0.1809	0.0001	0.0002	0.0003	0.0004
16	13295211	M7729	0	0.0004	0.0005	0.0001	0.0001	0.177	0.2598	0.0005	0.0045	0.108	0.0004	0.0004	0.0006	0.0005	0.0056
21	36809154	M7770	0	0.0005	0.0004	0.0004	0.0003	0.075	0.0003	0.0003	0.1471	0.0002	0.0002	0.0001	0.0004	0.0003	0.0005
5	163583948	M7744	0	0.0004	0.0003	0.0003	0.0001	0.0001	0.0004	0.0002	0.0046	0.0006	0.0002	0.0001	0.0004	0.0003	0.0048
14	54575652	M7737	0	0.0004	0.1916	0.0005	0.0003	0.0003	0.1511	0.0001	0.0001	0.0001	0.0001	0.0004	0.0002	0.0004	0.0001
19	42274222	M7747	0	0.0002	0.0002	0.1315	0.0006	0.0002	0.0003	0.4371	0.0522	0.0002	0.0458	0.1291	0.0002	0.0002	0.0002
10	81926370	M7763	0	0.0005	0.0001	0.0001	0.4066	0.0002	0.0002	0.0002	0.0005	0.0002	0.0002	0.0003	0.0002	0.0003	0.0003
23	2004239	M7706	0	0.4746	0.2345	0.4007	0.0005	0.3437	0.3123	0.4309	0.2677	0.2983	0.4943	0.4061	0.4856	0.4578	0.4413
12	11502552	M7707	0	0.4768	0.2344	0.4005	0.0003	0.3417	0.3174	0.4378	0.2733	0.3077	0.5008	0.4143	0.4842	0.4601	0.4415
20	16107229	M7712	0	0.4776	0.2348	0.1262	0.0005	0.3427	0.3234	0.4322	0.2623	0.2989	0.4984	0.1309	0.365	0.348	0.447
10	55445613	M7783	0	0.0002	0.0004	0.0003	0.0005	0.0005	0.0003	0.0001	0.0005	0.1064	0.0002	0.0002	0.0004	0.0004	0.0002
7	157415206	M7772	0	0.0005	0.0004	0.0003	0.0005	0.0002	0.0001	0.0004	0.0005	0.0003	0.0003	0.0001	0.3766	0.3501	0.0001
18	21962589	M7732	0	0.0002	0.0003	0.0006	0.0001	0.1728	0.2642	0.0002	0.0051	0.0005	0.0004	0.0003	0.0004	0.0006	0.0062
23	25527153	M7718	0	0.4863	0.2331	0.1339	0.0002	0.3415	0.3233	0.4267	0.2677	0.299	0.4891	0.1274	0.3709	0.3484	0.4416
21	14348780	M7758	0	0.0003	0.0003	0.0004	0.0004	0.1772	0.2539	0.0004	0.0003	0.0008	0.0004	0.0001	0.0002	0.0006	0.0004
4	112452385	M7715	0	0.4833	0.2348	0.1266	0.0002	0.3404	0.3173	0.4342	0.2578	0.2967	0.5037	0.1279	0.3632	0.3524	0.4401
2	101413429	M7760	0	0.0004	0.0003	0.0004	0.0002	0.0008	0.0004	0.0984	0.0551	0.0003	0.0458	0.1265	0.0001	0.0002	0.0006
19	22133760	M7754	0	0.4782	0.0003	0.0005	0.0001	0.1668	0	0.0004	0.0002	0.1262	0.2721	0.0001	0.0001	0.0004	0.2924
1	231358306	M7723	0	0.0002	0.0003	0.0004	0.4025	0.0738	0.0008	0.0002	0.1391	0.0002	0.0001	0.0004	0.0003	0.0006	0.0003
23	41591526	M7721	0	0.0001	0.0003	0.0006	0.3928	0.0741	0.0001	0.0003	0.1359	0.0002	0.0003	0.0003	0	0.0005	0.0004
20	56791661	M7730	0	0.4828	0.2359	0.1267	0.0005	0.1564	0.0596	0.4355	0.2567	0.1182	0.4869	0.131	0.3706	0.3506	0.2854
14	50294541	M7776	0	0.4793	0.0004	0.0004	0.0005	0.0004	0.0002	0.0007	0.0007	0.0005	0.0007	0	0.0003	0.0003	0.2878
15	32916422	M7711	0	0.4907	0.2374	0.4005	0.0004	0.3435	0.3096	0.4179	0.2712	0.2962	0.4929	0.4059	0.4768	0.4543	0.4428
6	154438228	M7719	0	0.0004	0.0005	0.2748	0.0003	0.001	0.0004	0.0006	0.0001	0.0001	0.0006	0.2739	0.1103	0.1109	0.0003
2	49833868	M7741	0	0.4732	0.0002	0.0003	0	0.1565	0.0003	0.0004	0.0002	0.1222	0.2709	0.0002	0.0006	0.0005	0.2902
