#chrom	pos	desc	normal	sample1	sample2	sample3	sample4	sample5	sample6	sample7	sample8	sample9
13	39885814	M7722	0	0.0004	0.0002	0.4046	0.1283	0.1564	0.2369	0.0005	0.0006	0.2719
9	127935181	M7784	0	0.0001	0.0002	0.0002	0.1076	0.0002	0.0008	0.0003	0.0003	0.0004
12	134882929	M7733	0	0.4475	0.2323	0.0003	0.0875	0.0002	0.0001	0.1299	0.0001	0.0003
5	29676164	M7753	0	0.0007	0.0003	0.0007	0	0.0928	0.0004	0.0005	0.0007	0.221
11	103091414	M7761	0	0.0006	0.0002	0.0005	0.0008	0.0959	0.0006	0.0002	0.0003	0.2208
8	36943865	M7724	0	0.4487	0.4818	0.0002	0.2077	0.2232	0.1405	0.1289	0.4017	0.0003
23	49952681	M7736	0	0.4513	0.0003	0.0001	0.0907	0.0001	0.0001	0.0004	0.0003	0.0004
3	79943993	M7773	0	0.0002	0.0004	0.0002	0.0005	0.0005	0.0004	0.0004	0.1194	0.0004
16	13295211	M7729	0	0.0002	0.0002	0.4066	0.1235	0.1634	0.2325	0.0006	0.0001	0.2729
8	147558377	M7750	0	0.0003	0.0004	0.0003	0.0003	0.0008	0.0007	0.0004	0.1278	0.0004
19	42274222	M7747	0	0.0003	0.2368	0.0003	0.0006	0.0811	0.1423	0.0002	0.2727	0.0002
14	54575652	M7737	0	0.0005	0.0001	0.0002	0.0008	0.1009	0.0003	0.0004	0.0002	0.2217
9	128443039	M7742	0	0.0003	0.0003	0.0001	0.0002	0	0.0805	0.2802	0.0003	0.0003
23	2004239	M7706	0	0.441	0.472	0.4029	0.3276	0.3735	0.3829	0.1298	0.3967	0.2723
12	11502552	M7707	0	0.4587	0.4683	0.3992	0.3325	0.3779	0.3753	0.1344	0.3974	0.2745
20	16107229	M7712	0	0.4567	0.4742	0.401	0.3285	0.3798	0.3845	0.1219	0.3832	0.2768
7	157415206	M7772	0	0.0003	0.1893	0.0002	0.0007	0.0005	0.0001	0	0.0002	0.0002
10	55445613	M7783	0	0.0002	0.0005	0.3928	0.0001	0.0005	0.1203	0.0004	0.0003	0.2731
12	82240929	M7728	0	0.0003	0.0002	0.0001	0.0004	0.0006	0.0771	0.2864	0.0003	0.0002
13	122482332	M7734	0	0.0003	0.0002	0.0002	0.0002	0.0001	0.079	0.2858	0.0006	0.0004
18	21962589	M7732	0	0.0001	0.0002	0.0004	0.1265	0.1627	0.1243	0.0004	0	0.0007
23	25527153	M7718	0	0.4477	0.4687	0.3852	0.3311	0.3775	0.3815	0.1304	0.3972	0.2777
20	28302096	M7762	0	0.0003	0.0005	0.0007	0.0006	0.0005	0.0004	0.0003	0.0721	0.0002
21	14348780	M7758	0	0.0004	0.0002	0.0002	0.1269	0.1476	0.1216	0.0001	0.0003	0.0005
4	112452385	M7715	0	0.4475	0.4713	0.4052	0.3285	0.3759	0.3895	0.1244	0.3891	0.2723
19	22133760	M7754	0	0.0001	0.0002	0.0007	0.1132	0.1364	0.0008	0.0002	0.0003	0.0003
14	8425554	M7779	0	0.0005	0	0.0003	0.0005	0.0004	0.1198	0.0006	0.0006	0.0006
1	231358306	M7723	0	0.0003	0.0003	0.0002	0.0004	0.0003	0.0789	0.2863	0.0004	0.0002
23	41591526	M7721	0	0	0.0003	0.0003	0.0004	0.0003	0.0754	0.2862	0.0005	0.0003
20	56791661	M7730	0	0.4478	0.4663	0.0004	0.2051	0.2287	0.1466	0.1269	0.391	0.0004
14	50294541	M7776	0	0.0004	0.0003	0.0005	0.109	0.1451	0.0003	0.0003	0.0002	0.0004
15	32916422	M7711	0	0.4617	0.4768	0.4019	0.3282	0.3856	0.3796	0.1317	0.3849	0.2702
2	49833868	M7741	0	0.0003	0.0006	0.0005	0.1153	0.1395	0.0001	0.0002	0.0005	0.0004
