#chrom	pos	desc	normal	sample1	sample2	sample3	sample4	sample5	sample6	sample7	sample8	sample9	sample10	sample11	sample12	sample13	sample14
9	127935181	M7784	0	0.4818	0	0	0	0	0	0	0	0	0	0	0	0	0.2887
13	39885814	M7722	0	0	0	0	0	0.1788	0.2562	0	0.0053	0.1722	0	0	0	0	0.1532
12	134882929	M7733	0	0	0.232	0	0	0	0.0607	0	0.2081	0	0.1835	0	0.3676	0.3509	0
5	29676164	M7753	0	0	0.1912	0	0	0	0.1554	0	0	0	0	0	0	0	0
11	103091414	M7761	0	0	0.1912	0	0	0	0.1554	0	0	0	0	0	0	0	0
8	36943865	M7724	0	0.4818	0.232	0.1296	0	0.1615	0.0607	0.4305	0.2594	0.1247	0.4975	0.1308	0.3676	0.3509	0.2887
23	49952681	M7736	0	0	0.232	0	0	0	0	0	0.2081	0	0.1835	0	0	0	0
1	83901425	M7782	0	0	0	0	0	0	0	0	0	0.0665	0	0	0	0	0.1482
16	73535774	M7752	0	0	0	0.1296	0	0	0	0	0	0	0	0	0	0	0
19	77561133	M7778	0	0	0	0	0	0	0	0	0.2081	0	0.1835	0	0	0	0
16	13295211	M7729	0	0	0	0	0	0.1788	0.2562	0	0.0053	0.1057	0	0	0	0	0.005
21	36809154	M7770	0	0	0	0	0	0.0736	0	0	0.1404	0	0	0	0	0	0
5	163583948	M7744	0	0	0	0	0	0	0	0	0.0053	0	0	0	0	0	0.005
14	54575652	M7737	0	0	0.1912	0	0	0	0.1554	0	0	0	0	0	0	0	0
19	42274222	M7747	0	0	0	0.1296	0	0	0	0.4305	0.0513	0	0.045	0.1308	0	0	0
10	81926370	M7763	0	0	0	0	0.4021	0	0	0	0	0	0	0	0	0	0
23	2004239	M7706	0	0.4818	0.232	0.4044	0	0.3403	0.3169	0.4305	0.2647	0.2969	0.4975	0.4051	0.4824	0.4604	0.4419
12	11502552	M7707	0	0.4818	0.232	0.4044	0	0.3403	0.3169	0.4305	0.2647	0.2969	0.4975	0.4051	0.4824	0.4604	0.4419
20	16107229	M7712	0	0.4818	0.232	0.1296	0	0.3403	0.3169	0.4305	0.2647	0.2969	0.4975	0.1308	0.3676	0.3509	0.4419
10	55445613	M7783	0	0	0	0	0	0	0	0	0	0.1057	0	0	0	0	0
7	157415206	M7772	0	0	0	0	0	0	0	0	0	0	0	0	0.3676	0.3509	0
18	21962589	M7732	0	0	0	0	0	0.1788	0.2562	0	0.0053	0	0	0	0	0	0.005
23	25527153	M7718	0	0.4818	0.232	0.1296	0	0.3403	0.3169	0.4305	0.2647	0.2969	0.4975	0.1308	0.3676	0.3509	0.4419
21	14348780	M7758	0	0	0	0	0	0.1788	0.2562	0	0	0	0	0	0	0	0
4	112452385	M7715	0	0.4818	0.232	0.1296	0	0.3403	0.3169	0.4305	0.2647	0.2969	0.4975	0.1308	0.3676	0.3509	0.4419
2	101413429	M7760	0	0	0	0	0	0	0	0.0981	0.0513	0	0.045	0.1308	0	0	0
19	22133760	M7754	0	0.4818	0	0	0	0.1615	0	0	0	0.1247	0.269	0	0	0	0.2887
1	231358306	M7723	0	0	0	0	0.4021	0.0736	0	0	0.1404	0	0	0	0	0	0
23	41591526	M7721	0	0	0	0	0.4021	0.0736	0	0	0.1404	0	0	0	0	0	0
20	56791661	M7730	0	0.4818	0.232	0.1296	0	0.1615	0.0607	0.4305	0.2594	0.1247	0.4975	0.1308	0.3676	0.3509	0.2887
14	50294541	M7776	0	0.4818	0	0	0	0	0	0	0	0	0	0	0	0	0.2887
15	32916422	M7711	0	0.4818	0.232	0.4044	0	0.3403	0.3169	0.4305	0.2647	0.2969	0.4975	0.4051	0.4824	0.4604	0.4419
6	154438228	M7719	0	0	0	0.2748	0	0	0	0	0	0	0	0.2742	0.1148	0.1095	0
2	49833868	M7741	0	0.4818	0	0	0	0.1615	0	0	0	0.1247	0.269	0	0	0	0.2887
