#chrom	pos	desc	normal	sample1	sample2	sample3	sample4	sample5	sample6	sample7	sample8	sample9	sample10	sample11	sample12	sample13	sample14
11	106972033	M76	0	0.454	0	0	0	0	0.1072	0	0	0	0.1908	0.217	0	0.2686	0
3	88006533	M34	0	0	0	0	0	0	0	0	0	0	0.2388	0	0	0	0
13	13544918	M31	0	0.454	0.2435	0	0	0	0.1072	0	0	0.0859	0.1908	0.217	0.4368	0.2686	0
2	183815617	M145	0	0	0.0619	0	0	0	0	0	0	0	0	0	0	0	0
7	20360578	M20	0	0	0.141	0	0.1358	0.472	0.0342	0.098	0.0874	0	0.3856	0.151	0	0	0
5	63465804	M58	0	0.454	0	0	0	0	0.1072	0	0	0	0.1908	0.217	0	0.2686	0
11	27839029	M110	0	0	0	0	0	0	0.1482	0	0	0	0	0	0	0	0
12	8610469	M8	0	0.454	0.3054	0	0.3253	0	0.2553	0	0.3618	0.4562	0.1908	0.2799	0.4368	0.2686	0.4016
17	51280208	M57	0	0	0	0	0	0.472	0	0	0.0874	0	0	0.151	0	0	0
13	103880075	M151	0	0	0	0	0	0	0	0	0	0	0	0	0	0	0.1702
19	25825402	M14	0	0	0.0619	0	0.2755	0	0.1482	0	0.3618	0.3703	0	0.0628	0	0	0.2314
9	96086245	M176	0	0	0	0	0	0	0.0379	0	0	0	0	0	0	0	0
20	45281430	M26	0	0.454	0.2435	0	0	0	0.1072	0	0	0.0859	0.1908	0.217	0.4368	0.2364	0
18	29479275	M92	0	0	0.141	0	0	0	0	0	0	0	0	0	0	0	0
22	38233988	M147	0	0	0	0	0	0	0.0379	0	0	0	0	0	0	0	0
9	67720917	M169	0	0	0	0	0	0	0	0.098	0	0	0	0	0	0	0
11	124585263	M17	0	0	0	0	0	0	0.1473	0.3173	0	0	0	0	0	0	0.0749
5	138108958	M98	0	0	0	0	0	0	0	0	0	0.3649	0	0.0039	0	0	0
18	52617518	M68	0	0	0	0	0	0.472	0	0	0	0	0	0	0	0	0
21	31747957	M75	0	0	0	0	0	0	0	0	0	0	0	0	0	0.1365	0
18	25868434	M129	0	0	0	0	0	0	0	0	0	0	0.2388	0	0	0	0
18	19525276	M50	0	0	0	0	0	0	0	0	0	0	0	0	0	0.1365	0
5	115811700	M33	0	0	0	0	0	0	0	0	0	0	0	0	0	0	0.1702
14	4084961	M180	0	0	0	0	0.1807	0	0	0	0	0	0	0	0	0	0
19	72243730	M154	0	0	0	0	0	0	0.1473	0	0	0	0	0	0	0	0
14	63880978	M158	0	0	0	0	0	0	0	0	0	0	0	0.217	0	0	0
7	16702049	M194	0	0.3122	0	0	0	0	0	0	0	0	0	0	0	0	0
11	104820480	M5	0	0	0.141	0	0.1358	0.472	0.1852	0.4154	0.0874	0	0.2388	0.151	0	0	0.0749
14	89028937	M101	0	0	0	0	0	0	0	0	0	0	0	0	0.4368	0	0
4	165140981	M135	0	0	0	0	0.1445	0	0	0	0	0	0	0	0	0	0
14	79560242	M53	0	0	0	0	0	0	0	0	0.3618	0	0	0.0589	0	0	0.2314
9	146000463	M170	0	0	0	0	0	0	0	0	0	0	0	0	0	0	0.0749
23	47408830	M111	0	0	0	0	0.0175	0	0	0.098	0	0	0	0	0	0	0
7	142383996	M64	0	0	0	0	0	0	0	0	0	0	0	0	0	0	0.1702
5	79210750	M116	0	0	0	0	0	0	0	0	0	0	0	0	0	0	0.1702
14	45826298	M44	0	0	0	0	0	0	0	0.3173	0	0	0	0	0	0	0.0749
17	51809163	M157	0	0	0	0	0	0	0	0	0.0874	0	0	0	0	0	0
14	19703307	M97	0	0	0	0	0	0	0.0379	0	0	0	0	0	0	0	0
23	14644409	M164	0	0	0.2435	0	0	0	0	0	0	0	0	0	0	0	0
19	12008435	M39	0	0.454	0	0	0	0	0.1072	0	0	0	0.1908	0.217	0.4368	0.2686	0
8	25871688	M49	0	0	0.0619	0	0	0	0	0	0	0.0054	0	0	0	0	0
3	196948357	M184	0	0	0	0	0	0	0	0	0	0	0	0	0	0	0.0332
9	133880837	M43	0	0	0	0	0	0	0	0	0	0	0.2388	0	0	0	0
20	22956553	M114	0	0	0	0	0	0	0	0	0.3618	0	0	0	0	0	0.2314
17	24450028	M153	0	0	0	0	0	0	0	0	0	0	0.2388	0	0	0	0
6	159788557	M16	0	0	0	0.4502	0	0	0	0	0	0	0	0	0	0	0
17	7724142	M163	0	0	0	0	0	0	0	0	0	0	0	0.0039	0	0	0
18	39167403	M24	0	0	0.0619	0	0.3253	0	0	0	0.3618	0.3703	0	0.0628	0	0	0.2314
17	55448749	M69	0	0	0	0.4502	0	0	0	0	0	0	0	0	0	0	0
23	49970056	M196	0	0	0	0	0	0	0	0	0.3618	0	0	0	0	0	0
1	37055841	M32	0	0	0	0	0	0	0	0	0.3618	0	0	0.0589	0	0	0.2314
5	44314556	M182	0	0	0	0	0	0	0	0	0	0	0.1908	0	0	0	0
21	59085793	M91	0	0	0	0	0	0	0	0	0	0	0	0.151	0	0	0
22	22597900	M138	0	0	0	0	0	0	0	0	0	0	0	0.0589	0	0	0
15	61435329	M82	0	0	0	0	0	0	0	0	0	0	0	0	0	0	0.1702
3	129963281	M66	0	0	0.141	0	0	0	0	0	0	0	0	0	0	0	0
16	76538085	M11	0	0	0	0.4502	0	0	0	0	0	0	0	0	0	0	0
22	59033592	M192	0	0	0	0	0	0	0	0	0	0	0	0.217	0	0	0
14	38596358	M6	0	0	0	0.4502	0	0	0	0	0	0	0	0	0	0	0
1	237775031	M109	0	0	0	0	0	0	0	0	0	0	0	0.151	0	0	0
22	33753509	M85	0	0.454	0	0	0	0	0.1072	0	0	0	0.1908	0	0	0.2686	0
9	8953924	M99	0	0	0.2435	0	0	0	0	0	0	0	0	0	0	0	0
13	116420929	M1	0	0	0.141	0	0.1358	0.472	0.1852	0.4154	0.0874	0	0.2388	0.151	0	0	0.0749
3	179617640	M113	0	0	0	0	0	0	0	0	0	0	0	0	0	0	0.0749
