#chrom	pos	desc	normal	sample1	sample2	sample3	sample4	sample5	sample6	sample7	sample8	sample9
11	106972033	M76	0	0.1574	0	0	0	0	0	0	0	0
3	88006533	M34	0	0	0.1764	0	0	0	0.1995	0	0	0
12	126800188	M166	0	0	0	0	0	0	0	0	0	0.1392
7	88944453	M179	0	0	0	0	0	0	0	0	0	0.1577
10	44371169	M54	0	0	0	0	0	0	0.1563	0	0	0
8	65390073	M47	0	0	0	0	0	0	0	0	0	0.1577
13	13544918	M31	0	0.3289	0	0	0	0	0	0	0	0
7	20360578	M20	0	0	0.4097	0.0286	0	0	0.1995	0.194	0	0
17	66109866	M60	0	0	0.1821	0	0.4988	0	0	0	0	0
5	63465804	M58	0	0.1574	0	0	0	0	0	0	0	0
17	10064878	M120	0	0	0	0.0286	0	0	0	0	0	0
12	8610469	M8	0	0.3289	0.0028	0.3821	0	0.4774	0.2762	0	0	0.2464
12	81926351	M71	0	0	0	0.0286	0	0	0	0	0	0
17	51280208	M57	0	0	0	0	0	0	0	0.0548	0	0
19	25825402	M14	0	0	0.0024	0.3821	0	0.4774	0.2665	0	0	0.2464
20	45281430	M26	0	0.3289	0	0	0	0	0	0	0	0
18	29479275	M92	0	0	0.1292	0	0	0	0	0	0	0
19	37068783	M124	0	0	0	0	0	0	0.1925	0	0	0
9	67720917	M169	0	0	0	0	0	0	0	0.1392	0	0
11	124585263	M17	0	0.0964	0	0	0	0	0	0	0.4309	0
5	138108958	M98	0	0	0	0.1758	0	0	0	0	0	0
18	25868434	M129	0	0	0.1764	0	0	0	0	0	0	0
18	19525276	M50	0	0	0	0	0	0	0	0.1731	0	0
11	104820480	M5	0	0.0964	0.3056	0.0286	0	0	0.1995	0.194	0.4309	0
13	4927661	M103	0	0	0	0	0	0	0	0.1043	0	0.1392
4	165140981	M135	0	0	0	0	0	0	0	0	0	0.0887
14	79560242	M53	0	0	0	0.1755	0	0.4774	0	0	0	0
7	18517882	M90	0	0	0	0	0	0.4774	0	0	0	0
23	47408830	M111	0	0	0	0	0	0	0	0.1392	0	0
14	45826298	M44	0	0.0964	0	0	0	0	0	0	0.4309	0
17	51809163	M157	0	0	0	0	0	0	0	0.0548	0	0
23	14644409	M164	0	0.1715	0	0	0	0	0	0	0	0
19	12008435	M39	0	0.1574	0	0	0	0	0	0	0	0
12	123935688	M86	0	0	0	0	0	0	0	0	0	0.0406
15	89472039	M143	0	0	0	0	0	0	0.0365	0	0	0
8	25871688	M49	0	0	0.0028	0	0	0	0.2397	0	0	0
4	153924981	M195	0	0	0	0	0	0	0	0.1392	0	0
9	133880837	M43	0	0	0.1764	0	0	0	0	0	0	0
20	22956553	M114	0	0	0	0.2063	0	0	0	0	0	0
17	24450028	M153	0	0	0.1764	0	0	0	0	0	0	0
6	159788557	M16	0	0	0.1821	0	0.4988	0	0	0.1043	0	0.1798
3	119576705	M55	0	0	0	0	0	0	0	0	0	0.1577
2	70534061	M27	0	0	0	0	0	0	0	0	0	0.0406
22	57333355	M125	0	0	0	0	0.4988	0	0	0	0	0
18	39167403	M24	0	0	0.0028	0.3821	0	0.4774	0.2762	0	0	0.2464
17	55448749	M69	0	0	0	0	0	0	0	0.1043	0	0.1392
23	49970056	M196	0	0	0	0.2063	0	0	0	0	0	0
1	37055841	M32	0	0	0	0.2063	0	0.4774	0	0	0	0
3	129963281	M66	0	0	0.1292	0	0	0	0	0	0	0
16	76538085	M11	0	0	0.1821	0	0.4988	0	0	0.1043	0	0.1798
14	38596358	M6	0	0	0.1821	0	0.4988	0	0	0.1043	0	0.1798
12	57461516	M159	0	0	0	0	0	0	0.1147	0	0	0
13	116420929	M1	0	0.0964	0.3056	0.0286	0	0	0.1995	0.194	0.4309	0
9	8953924	M99	0	0.1715	0	0	0	0	0	0	0	0
22	33753509	M85	0	0.1574	0	0	0	0	0	0	0	0
3	179617640	M113	0	0.0964	0	0	0	0	0	0	0	0
