#chrom	pos	desc	normal	sample1	sample2	sample3	sample4	sample5	sample6	sample7	sample8	sample9
11	106972033	M76	0	0.146	0	0	0	0	0	0	0	0.001
3	88006533	M34	0	0	0.173	0.001	0	0	0.198	0.001	0.001	0.001
12	126800188	M166	0	0.001	0	0.001	0	0	0	0	0.001	0.147
7	88944453	M179	0	0.001	0.001	0	0	0	0.001	0	0	0.163
10	44371169	M54	0	0	0.001	0.001	0	0.001	0.162	0	0.001	0
8	65390073	M47	0	0	0	0	0	0	0	0	0	0.153
13	13544918	M31	0	0.339	0	0	0	0.002	0.001	0.001	0	0
7	20360578	M20	0	0	0.377	0.034	0	0	0.217	0.21	0	0
17	66109866	M60	0	0.001	0.176	0	0.471	0	0.001	0	0	0.001
5	63465804	M58	0	0.145	0	0	0.001	0.001	0.001	0.001	0.001	0
17	10064878	M120	0	0	0	0.017	0	0	0	0.001	0	0
12	8610469	M8	0	0.305	0.005	0.376	0	0.476	0.274	0	0	0.249
12	81926351	M71	0	0	0	0.028	0.002	0	0	0	0	0
17	51280208	M57	0	0.001	0	0	0.001	0.001	0	0.053	0	0
19	25825402	M14	0	0.001	0.002	0.382	0.001	0.47	0.278	0.002	0	0.225
20	45281430	M26	0	0.305	0.001	0.002	0	0	0	0	0	0.001
18	29479275	M92	0	0	0.135	0	0	0	0	0	0	0
19	37068783	M124	0	0	0	0	0	0	0.213	0	0	0
9	67720917	M169	0	0.001	0	0.001	0.001	0.001	0	0.141	0	0.001
11	124585263	M17	0	0.096	0.001	0	0	0	0	0	0.41	0
5	138108958	M98	0	0.002	0	0.164	0	0.001	0.001	0	0.001	0
18	25868434	M129	0	0	0.18	0	0	0	0	0	0	0
18	19525276	M50	0	0	0.002	0	0.001	0.001	0.001	0.152	0	0
11	104820480	M5	0	0.098	0.295	0.02	0	0.001	0.196	0.179	0.452	0
13	4927661	M103	0	0.001	0	0	0	0	0	0.096	0.001	0.124
4	165140981	M135	0	0	0	0	0	0.001	0.001	0	0	0.086
14	79560242	M53	0	0	0	0.178	0	0.46	0	0	0	0
7	18517882	M90	0	0.001	0	0.002	0	0.479	0	0.001	0	0
23	47408830	M111	0	0	0.001	0	0	0	0	0.115	0.001	0
14	45826298	M44	0	0.092	0.001	0.001	0	0.001	0	0.002	0.442	0.001
17	51809163	M157	0	0.002	0	0	0	0	0.001	0.055	0	0
23	14644409	M164	0	0.167	0.001	0.002	0	0	0	0	0.001	0.001
19	12008435	M39	0	0.15	0	0	0	0	0	0.001	0.001	0
12	123935688	M86	0	0	0.001	0	0	0.002	0.001	0	0	0.043
15	89472039	M143	0	0	0.001	0	0	0	0.043	0.002	0	0
8	25871688	M49	0	0	0.001	0.002	0	0.001	0.225	0	0	0
4	153924981	M195	0	0	0.001	0	0.001	0.002	0	0.135	0	0
9	133880837	M43	0	0	0.162	0.001	0	0	0	0	0	0
20	22956553	M114	0	0	0	0.198	0	0	0.001	0.001	0	0
17	24450028	M153	0	0.001	0.179	0	0	0	0.001	0	0	0
6	159788557	M16	0	0	0.185	0	0.49	0	0.001	0.113	0.001	0.179
3	119576705	M55	0	0.001	0.001	0	0	0	0	0.001	0	0.16
2	70534061	M27	0	0	0	0	0	0.001	0.001	0	0	0.039
22	57333355	M125	0	0	0	0.001	0.539	0.001	0	0.001	0	0
18	39167403	M24	0	0	0.001	0.383	0.001	0.491	0.289	0	0.002	0.237
17	55448749	M69	0	0	0	0.001	0.001	0	0	0.11	0	0.149
23	49970056	M196	0	0.001	0	0.24	0	0	0.001	0	0.001	0.001
1	37055841	M32	0	0	0.001	0.202	0.001	0.494	0	0.001	0	0
3	129963281	M66	0	0	0.119	0	0.003	0	0.001	0.001	0	0
16	76538085	M11	0	0.001	0.184	0.001	0.503	0	0	0.1	0	0.186
14	38596358	M6	0	0	0.184	0	0.464	0.001	0.002	0.109	0	0.169
12	57461516	M159	0	0	0	0	0	0	0.098	0	0	0
13	116420929	M1	0	0.097	0.32	0.035	0	0	0.191	0.191	0.423	0
9	8953924	M99	0	0.188	0	0.001	0.001	0.001	0	0	0	0
22	33753509	M85	0	0.131	0	0	0	0.001	0.001	0	0.001	0.001
3	179617640	M113	0	0.097	0	0	0	0	0.001	0	0	0
