#chrom	pos	desc	normal	sample1	sample2	sample3	sample4	sample5	sample6	sample7	sample8	sample9	sample10	sample11	sample12	sample13	sample14
11	106972033	M76	0	0.4528	0.0002	0.0008	0.0003	0.0004	0.1041	0.0006	0.0005	0.0003	0.1898	0.2118	0.0002	0.2694	0.0006
3	88006533	M34	0	0.0005	0.0006	0.0003	0.0001	0.0005	0.0004	0.0004	0.0008	0.0006	0.2417	0.0004	0	0.0001	0.0004
13	13544918	M31	0	0.451	0.2373	0.0002	0.0005	0.0003	0.1097	0.0003	0.0003	0.0855	0.1892	0.2224	0.4349	0.2647	0.001
2	183815617	M145	0	0.0005	0.0611	0.0005	0.0003	0.0004	0.0002	0.0006	0.0004	0	0.0001	0.0002	0.0006	0.0004	0.0005
7	20360578	M20	0	0.0003	0.1387	0.0002	0.1388	0.474	0.0364	0.0966	0.0886	0.0005	0.3885	0.151	0.0004	0.0004	0.0002
5	63465804	M58	0	0.4583	0.0001	0.0002	0.0003	0.0003	0.1103	0.0002	0.0004	0.0002	0.1831	0.2213	0.0004	0.2695	0.0004
11	27839029	M110	0	0.0009	0.0001	0.0003	0.0004	0.0005	0.1416	0.0004	0.0002	0.0003	0.0002	0.0006	0.0003	0.0004	0.0002
12	8610469	M8	0	0.4547	0.3041	0.0007	0.3254	0.0005	0.262	0.0003	0.3617	0.4581	0.1898	0.2849	0.4412	0.2679	0.4009
17	51280208	M57	0	0.0002	0.0004	0.0001	0.0004	0.4639	0.0002	0.0001	0.0845	0.0003	0	0.1485	0.0003	0.0004	0.0003
13	103880075	M151	0	0.0001	0.0002	0.0002	0.0003	0.0003	0.0004	0.0003	0.0003	0.0002	0.0004	0.0001	0.0003	0.0002	0.1705
19	25825402	M14	0	0.0005	0.0595	0	0.2742	0.0002	0.1493	0.0003	0.3643	0.3685	0.0002	0.0677	0.0003	0.0001	0.2291
9	96086245	M176	0	0.0005	0.0003	0.0002	0.0004	0.0003	0.0407	0.0004	0.0005	0.0004	0.0004	0.0001	0.0005	0.0002	0.0001
20	45281430	M26	0	0.46	0.2518	0.0004	0.0007	0.0006	0.1028	0.0003	0.0001	0.0831	0.1946	0.224	0.442	0.2362	0.0001
18	29479275	M92	0	0.0004	0.143	0.0001	0.0003	0.0001	0.0001	0.0002	0.0004	0.0004	0.0002	0.0003	0.0002	0.0005	0.0003
22	38233988	M147	0	0.0001	0.0002	0.0002	0.0005	0.0003	0.0405	0.0003	0.0003	0.0004	0.0001	0.0004	0.0003	0	0.0004
9	67720917	M169	0	0.0002	0.0003	0.0002	0	0.0005	0.0001	0.095	0.0006	0.0003	0.0004	0.0004	0.0004	0.0003	0.0001
11	124585263	M17	0	0.0003	0.0004	0.0002	0.0006	0.0004	0.1496	0.3182	0.0003	0.0002	0.0001	0.0002	0.0002	0.0003	0.0762
5	138108958	M98	0	0.0004	0.0002	0.0004	0.0001	0.0004	0.0004	0.0004	0.0003	0.3672	0.0001	0.0038	0.0002	0.0002	0.0002
18	52617518	M68	0	0.0006	0.0004	0.0003	0.0005	0.4687	0.0004	0.0005	0.0002	0.0002	0	0.0005	0.0003	0.0004	0.0004
21	31747957	M75	0	0.0006	0.0003	0.0003	0.0001	0.0004	0.0002	0.0004	0.0004	0.0002	0.0004	0.0004	0.0003	0.1391	0.0001
18	25868434	M129	0	0.0004	0.0006	0.0004	0.0002	0.0002	0.0004	0	0.0002	0.0005	0.2395	0.0001	0.0001	0.0001	0.0003
18	19525276	M50	0	0.0002	0.0005	0.0006	0.0001	0.0002	0.0003	0.0002	0.0003	0.0005	0.0006	0.0004	0.0004	0.1386	0.0005
5	115811700	M33	0	0.0003	0.0005	0.0003	0.0002	0.0004	0.0004	0.0003	0.0007	0.0004	0.0007	0.0001	0.0002	0.0005	0.1665
14	4084961	M180	0	0.0006	0.0004	0.0003	0.1792	0.0003	0	0.0004	0.0001	0.0003	0.0003	0.0004	0	0.0001	0.0005
19	72243730	M154	0	0.0002	0.0007	0.0002	0.0003	0.0005	0.1525	0.0004	0.0003	0.0002	0.0001	0.0004	0.0001	0.0004	0.0004
14	63880978	M158	0	0.0004	0.0001	0.0003	0.0005	0.0002	0.0002	0	0.0007	0.0003	0.0002	0.2102	0.0002	0.0005	0.0002
7	16702049	M194	0	0.3127	0.0003	0.0003	0.0001	0.0006	0.0005	0.0003	0.0003	0.0004	0.0001	0.0003	0.0002	0.0003	0.0006
11	104820480	M5	0	0.0006	0.1418	0	0.1332	0.4734	0.1828	0.4194	0.0909	0.0003	0.2389	0.1483	0.0003	0.0002	0.0776
14	89028937	M101	0	0.0002	0.0004	0.0004	0.0003	0.0006	0.0007	0.0003	0.0002	0.0009	0.0003	0.0003	0.4333	0.0003	0.0001
4	165140981	M135	0	0.0001	0.0006	0.0001	0.1449	0.0004	0.0005	0.0002	0.0001	0	0.0007	0.0004	0.0003	0.0003	0.0004
14	79560242	M53	0	0.0004	0.0002	0.0004	0.0003	0.0003	0.0004	0.0006	0.3639	0.001	0.0005	0.0602	0.0006	0.0002	0.2326
9	146000463	M170	0	0.0003	0.0003	0.0002	0.0003	0.0004	0.0001	0.0008	0.0006	0.0003	0.0004	0.0004	0.0002	0.0003	0.0761
23	47408830	M111	0	0.0002	0.0002	0.0003	0.0175	0.0004	0	0.0956	0.0004	0.0005	0.0003	0.0005	0.0008	0.0003	0.0004
7	142383996	M64	0	0.0001	0.0003	0.0002	0.0003	0.0003	0.0002	0.0002	0.0003	0.0002	0.0002	0.0004	0.0003	0.0001	0.1703
5	79210750	M116	0	0.0008	0.0006	0.0003	0.0002	0.0003	0.0005	0.0004	0.0003	0.0002	0.0006	0.0004	0.0003	0.0003	0.1713
14	45826298	M44	0	0.0005	0.0004	0.0002	0.0005	0.0004	0.0004	0.3205	0.0001	0.0003	0.0004	0.0002	0.0004	0.0004	0.0704
17	51809163	M157	0	0.0004	0.0005	0.0002	0.0003	0.0003	0.0005	0.0001	0.091	0.0005	0.0006	0.0001	0.0002	0.0003	0.0004
14	19703307	M97	0	0.0002	0.0002	0.0002	0.0005	0.0005	0.0356	0.0003	0.0005	0.0006	0.0007	0.0004	0.0002	0.0005	0.0005
23	14644409	M164	0	0.0003	0.2506	0.0004	0.0004	0.0007	0.0009	0.0001	0.0001	0.0004	0.0006	0.0004	0.0005	0.0003	0.0001
19	12008435	M39	0	0.4574	0.0006	0.0002	0.0002	0	0.112	0.0003	0.0006	0.0003	0.1843	0.2164	0.4387	0.2636	0.0004
8	25871688	M49	0	0.0006	0.0683	0.0001	0.0002	0.0004	0.0002	0.0001	0.0004	0.0049	0.0004	0.0006	0.0003	0.0002	0.0001
3	196948357	M184	0	0.0003	0.0006	0.0004	0.0007	0.0001	0.0003	0.0005	0.0003	0.0003	0.0002	0.0002	0.0004	0.0002	0.0362
9	133880837	M43	0	0.0003	0.0003	0.0002	0.0001	0.0004	0.0004	0.0001	0.0003	0.0004	0.2403	0.0005	0	0.0002	0.0003
20	22956553	M114	0	0.0004	0.0005	0.0003	0.0004	0.0001	0.0004	0.0001	0.3616	0.0003	0.0003	0.0002	0.0001	0.0003	0.2313
17	24450028	M153	0	0.0004	0	0.0005	0.0003	0.0003	0.0001	0.0003	0.0004	0.0003	0.243	0.0006	0.0003	0.0005	0.0003
6	159788557	M16	0	0.0004	0.0005	0.4525	0.0005	0.0003	0.0005	0.0005	0.0005	0.0005	0.0002	0.0005	0.0004	0.0006	0.0002
17	7724142	M163	0	0.0003	0.0002	0.0004	0.0005	0.0002	0.0006	0.0006	0.0006	0.0006	0.0006	0.0043	0.0003	0.0004	0
18	39167403	M24	0	0.0002	0.0614	0.0003	0.3298	0.0004	0.0002	0.0001	0.3605	0.3656	0	0.0647	0.0004	0.0005	0.2269
17	55448749	M69	0	0.0002	0.0003	0.4476	0.0004	0.0004	0.0003	0.0004	0.0006	0.0001	0.0006	0.0004	0.0001	0.0003	0.0005
23	49970056	M196	0	0.0006	0.0005	0.0004	0.0001	0.0003	0	0.0004	0.365	0.0005	0.0007	0.0001	0.0004	0.0006	0.0003
1	37055841	M32	0	0	0.0003	0.0003	0.0004	0.0002	0.0003	0.0005	0.3704	0.0003	0.0005	0.0602	0.0003	0.0004	0.2342
5	44314556	M182	0	0.0003	0.0001	0.0004	0.0004	0.0004	0.0003	0.0001	0	0.0002	0.1913	0.0002	0.0005	0.0004	0.0003
21	59085793	M91	0	0.0003	0.0002	0.0004	0.0003	0.0001	0.0003	0.0002	0.0002	0.0006	0.0001	0.1492	0.0002	0.0005	0.0003
22	22597900	M138	0	0.0004	0.0005	0.0004	0.0005	0.0004	0.0004	0.0004	0.0004	0.0002	0.0003	0.0607	0.0001	0.0002	0.0005
15	61435329	M82	0	0.0006	0.0004	0	0.0005	0.0002	0.0007	0.0007	0.0005	0.0007	0.0003	0.0003	0.0003	0.0001	0.1746
3	129963281	M66	0	0.0006	0.142	0.0004	0.0002	0.0002	0.0001	0.0005	0	0.0001	0.0006	0.0004	0.0002	0.0004	0.0004
16	76538085	M11	0	0.0004	0.0003	0.4526	0.0005	0	0.0005	0.0004	0.0006	0.0002	0	0.0005	0.0004	0.0006	0.0003
22	59033592	M192	0	0.0004	0.0001	0.0004	0.0003	0	0.0005	0.0003	0.0002	0.0005	0.0002	0.2169	0.0004	0.0003	0.0006
14	38596358	M6	0	0.0004	0.0005	0.4442	0.0003	0.0003	0.0003	0.0004	0.0004	0.0001	0	0.0005	0	0.0002	0.0003
1	237775031	M109	0	0.0003	0.0003	0.0003	0.0003	0.0002	0.0007	0.0003	0.0002	0.0002	0.0003	0.1515	0.0007	0.0001	0.0007
22	33753509	M85	0	0.4554	0.0002	0.0001	0.0004	0.0003	0.1069	0.0002	0.0008	0.0002	0.1988	0.0001	0.0003	0.2666	0.0006
9	8953924	M99	0	0.0003	0.2483	0.0002	0.0003	0.0003	0.0004	0.0003	0.0006	0.0003	0.0004	0.0006	0.0001	0.0005	0.0003
13	116420929	M1	0	0.0001	0.1385	0.0005	0.1295	0.4778	0.18	0.4183	0.0897	0.0004	0.2412	0.1473	0.0004	0.0002	0.0718
3	179617640	M113	0	0.0003	0.0004	0.0005	0.0003	0.0003	0.0004	0.0002	0.0004	0.0003	0.0001	0.0002	0.0003	0.0002	0.0734
