#chrom	pos	desc	normal	sample1	sample2	sample3	sample4	sample5	sample6	sample7	sample8	sample9	sample10	sample11	sample12	sample13	sample14
11	106972033	M76	0	0.455	0	0	0	0.002	0.107	0.001	0	0.001	0.194	0.205	0.001	0.258	0
3	88006533	M34	0	0	0.002	0	0	0	0	0	0	0	0.242	0	0	0	0
13	13544918	M31	0	0.45	0.243	0.001	0	0	0.089	0	0.001	0.093	0.197	0.208	0.422	0.268	0
2	183815617	M145	0	0	0.059	0	0	0	0.001	0	0	0.001	0.001	0.001	0	0	0
7	20360578	M20	0	0	0.13	0.001	0.134	0.461	0.029	0.089	0.084	0	0.371	0.144	0.002	0.002	0
5	63465804	M58	0	0.435	0	0	0	0.001	0.108	0.001	0.001	0	0.203	0.232	0	0.268	0.001
11	27839029	M110	0	0	0	0	0	0	0.152	0	0	0	0	0	0	0	0.001
12	8610469	M8	0	0.477	0.295	0	0.324	0	0.257	0	0.375	0.444	0.174	0.281	0.425	0.274	0.39
17	51280208	M57	0	0	0	0	0	0.486	0	0	0.077	0.001	0	0.16	0	0	0
13	103880075	M151	0	0	0	0	0.001	0.001	0	0	0.001	0	0	0	0	0	0.155
19	25825402	M14	0	0	0.063	0	0.276	0.001	0.151	0.001	0.36	0.348	0	0.065	0	0	0.22
9	96086245	M176	0	0.001	0	0	0	0.001	0.029	0	0	0.002	0	0	0	0	0
20	45281430	M26	0	0.422	0.242	0.001	0.001	0	0.095	0.002	0	0.095	0.187	0.201	0.454	0.246	0
18	29479275	M92	0	0.002	0.138	0	0	0	0	0	0.001	0	0	0	0.001	0	0.001
22	38233988	M147	0	0	0	0	0.001	0	0.029	0	0.002	0.001	0	0.001	0.001	0.001	0
9	67720917	M169	0	0	0.001	0.001	0	0	0.001	0.076	0	0	0	0.001	0	0	0
11	124585263	M17	0	0.002	0	0	0	0.001	0.145	0.329	0	0	0.001	0	0.001	0	0.084
5	138108958	M98	0	0.001	0	0	0	0	0	0.001	0	0.371	0	0.004	0.001	0	0
18	52617518	M68	0	0	0.001	0.001	0.001	0.471	0	0.001	0	0	0	0.001	0	0	0
21	31747957	M75	0	0.001	0.001	0	0	0	0	0	0	0	0	0	0	0.148	0
18	25868434	M129	0	0	0	0	0	0	0	0	0	0	0.231	0	0	0	0
18	19525276	M50	0	0	0	0	0	0	0	0	0	0	0	0	0	0.153	0.001
5	115811700	M33	0	0.001	0	0.001	0.001	0	0	0.002	0.001	0.001	0.001	0	0.001	0	0.171
14	4084961	M180	0	0	0	0.001	0.184	0	0	0	0	0	0	0	0	0.002	0
19	72243730	M154	0	0	0	0.001	0	0	0.125	0	0	0	0	0	0	0	0
14	63880978	M158	0	0.001	0	0	0	0	0.001	0.001	0.001	0.001	0.001	0.225	0.001	0	0.001
7	16702049	M194	0	0.311	0	0	0	0	0.002	0	0	0	0	0	0	0	0
11	104820480	M5	0	0	0.147	0.001	0.143	0.438	0.184	0.385	0.081	0	0.237	0.134	0	0	0.066
14	89028937	M101	0	0	0	0	0	0	0	0	0	0	0	0.001	0.459	0	0
4	165140981	M135	0	0.001	0	0	0.147	0.001	0	0	0	0.001	0.001	0	0	0	0
14	79560242	M53	0	0	0.001	0	0	0	0	0	0.36	0	0.004	0.059	0	0	0.245
9	146000463	M170	0	0	0	0	0	0	0	0	0	0	0.001	0	0	0	0.067
23	47408830	M111	0	0.001	0.001	0.002	0.019	0.001	0	0.101	0.002	0	0	0.001	0	0	0
7	142383996	M64	0	0	0	0	0.001	0.001	0.002	0	0	0	0	0	0	0	0.171
5	79210750	M116	0	0.001	0.001	0	0	0	0	0	0	0.001	0	0	0.001	0.001	0.17
14	45826298	M44	0	0	0.001	0	0	0.001	0.001	0.313	0	0	0	0.001	0	0	0.073
17	51809163	M157	0	0.001	0	0.001	0	0	0	0	0.095	0.002	0.001	0	0	0	0
14	19703307	M97	0	0.001	0	0	0	0	0.034	0.001	0	0	0.001	0	0	0	0
23	14644409	M164	0	0	0.256	0	0	0.001	0	0.002	0	0	0.001	0	0	0	0
19	12008435	M39	0	0.472	0	0	0.001	0	0.104	0	0.001	0	0.198	0.21	0.454	0.27	0.001
8	25871688	M49	0	0.001	0.074	0	0.001	0	0.001	0.001	0	0.01	0.001	0	0.001	0.001	0.002
3	196948357	M184	0	0	0	0	0	0	0	0	0	0	0.001	0.001	0	0	0.033
9	133880837	M43	0	0	0	0.003	0.001	0.002	0	0	0	0.001	0.241	0	0.001	0	0
20	22956553	M114	0	0	0	0	0	0.001	0.001	0.001	0.343	0	0	0	0	0	0.239
17	24450028	M153	0	0.001	0.002	0	0	0	0	0	0.001	0	0.231	0	0.001	0	0
6	159788557	M16	0	0	0.001	0.47	0	0.001	0	0	0.001	0	0.002	0	0	0	0
17	7724142	M163	0	0	0.001	0	0.002	0	0	0	0	0	0	0.002	0	0	0
18	39167403	M24	0	0	0.076	0	0.332	0	0	0	0.351	0.373	0.003	0.07	0	0	0.226
17	55448749	M69	0	0.001	0	0.443	0.001	0	0.001	0	0.002	0	0	0	0	0.001	0
23	49970056	M196	0	0.002	0	0	0	0	0	0	0.383	0.001	0	0	0	0.001	0.001
1	37055841	M32	0	0.001	0	0	0	0.001	0	0	0.369	0	0	0.057	0	0	0.262
5	44314556	M182	0	0	0	0	0	0	0	0.001	0	0.001	0.204	0	0.001	0.001	0
21	59085793	M91	0	0	0	0.001	0	0	0	0	0	0	0	0.144	0.002	0	0
22	22597900	M138	0	0	0	0	0	0.001	0	0	0	0	0.001	0.061	0	0	0
15	61435329	M82	0	0	0	0	0	0	0	0.001	0	0	0.001	0	0	0.001	0.154
3	129963281	M66	0	0	0.137	0.001	0	0	0	0	0	0	0	0	0	0	0
16	76538085	M11	0	0	0	0.446	0.001	0.001	0	0	0	0	0.001	0	0.001	0	0
22	59033592	M192	0	0	0.001	0	0	0.001	0	0.001	0	0.001	0	0.232	0	0	0.002
14	38596358	M6	0	0.001	0.001	0.467	0	0	0.001	0	0	0	0.001	0.002	0.001	0	0
1	237775031	M109	0	0	0	0	0.001	0	0.002	0.001	0	0	0	0.164	0.001	0	0.001
22	33753509	M85	0	0.447	0	0	0	0	0.109	0	0.001	0.001	0.17	0	0.001	0.28	0
9	8953924	M99	0	0.001	0.25	0.001	0.001	0	0.001	0	0	0	0.001	0.001	0	0.001	0
13	116420929	M1	0	0	0.148	0	0.141	0.518	0.175	0.438	0.088	0	0.2	0.152	0	0.001	0.075
3	179617640	M113	0	0.001	0	0	0.001	0	0.001	0.001	0.002	0.001	0	0.001	0.001	0	0.074
