#chrom	pos	desc	normal	sample1	sample2	sample3	sample4	sample5	sample6	sample7	sample8	sample9
1	213965564	M881	0	0.2588	0.0148	0	0	0	0	0.3117	0	0
15	66688425	M930	0	0	0	0	0.4283	0	0	0	0	0
19	7413628	M867	0	0	0	0.1247	0	0.4319	0	0	0	0
23	22513543	M946	0	0	0	0	0	0.4319	0	0	0	0
11	25137776	M889	0	0.1718	0	0	0.4283	0	0.2844	0	0.0066	0.4349
19	31847488	M912	0	0.1718	0	0	0	0	0	0	0	0.4349
12	121305857	M873	0	0.2588	0.0148	0.1677	0	0	0	0.3117	0	0
6	47382526	M903	0	0	0	0.1677	0	0	0	0	0	0
22	20561469	M898	0	0	0	0	0	0	0	0	0.432	0
22	10700371	M878	0	0	0	0.1247	0	0	0	0	0	0
4	92911659	M916	0	0	0	0	0	0.4319	0	0	0	0
16	19097935	M863	0	0.0458	0	0	0	0	0	0	0	0
4	112458030	M883	0	0	0	0.1157	0	0	0	0	0	0
7	83950657	M891	0	0	0	0.0326	0	0	0.1894	0	0.432	0
4	49473344	M866	0	0.1718	0.3857	0.0326	0.4283	0	0.4739	0.1425	0.4386	0.4349
3	95175618	M893	0	0	0	0	0	0	0	0.2376	0	0
17	78027175	M937	0	0.0458	0	0	0	0	0	0	0	0
7	17380099	M874	0	0.0458	0	0	0	0	0	0	0	0
7	21871552	M908	0	0	0	0	0	0	0	0.3117	0	0
13	33562174	M897	0	0	0	0	0.4283	0	0	0	0	0
23	18059531	M969	0	0	0	0	0	0	0	0	0.432	0
21	27296263	M887	0	0	0.3857	0	0	0	0	0.1425	0	0
1	113761191	M958	0	0	0	0	0	0	0	0	0	0.4349
22	55161367	M919	0	0	0	0	0	0	0	0	0.0066	0
2	213689303	M862	0	0.2176	0.3857	0.1574	0.4283	0.4319	0.4739	0.1425	0.4386	0.4349
23	16882425	M928	0	0.2588	0	0	0	0	0	0	0	0
2	117666066	M971	0	0	0	0	0.4283	0	0	0	0	0
18	46460383	M890	0	0.2588	0.0148	0	0	0	0	0	0	0
7	137278290	M947	0	0	0	0	0	0	0	0.1425	0	0
5	10934404	M940	0	0	0	0.0326	0	0	0.1894	0	0	0
6	148496725	M868	0	0.1718	0	0.0326	0.4283	0	0.4739	0	0.4386	0.4349
17	60419004	M978	0	0	0	0	0	0	0	0	0	0.4349
7	49792319	M900	0	0	0.3857	0	0	0	0	0.1425	0	0
2	46747705	M872	0	0.1718	0	0	0.4283	0	0.2844	0	0.0066	0.4349
17	14638143	M895	0	0	0	0.1157	0	0	0	0	0	0
17	49111633	M901	0	0	0.0148	0	0	0	0	0	0	0
