#chrom	pos	desc	normal	sample1	sample2	sample3	sample4	sample5	sample6	sample7	sample8	sample9
1	213965564	M881	0	0.254	0.02	0	0	0	0	0.315	0	0
15	66688425	M930	0	0.001	0	0	0.43	0	0	0	0	0.001
19	7413628	M867	0	0	0	0.129	0.001	0.452	0.001	0	0	0
23	22513543	M946	0	0	0	0.001	0.001	0.405	0	0.001	0	0
11	25137776	M889	0	0.163	0	0.001	0.426	0.001	0.304	0	0.006	0.428
19	31847488	M912	0	0.177	0	0	0	0	0.001	0	0	0.437
12	121305857	M873	0	0.252	0.013	0.186	0	0	0.001	0.324	0	0.001
6	47382526	M903	0	0	0	0.153	0	0	0.001	0	0	0.001
22	20561469	M898	0	0	0.001	0	0	0	0	0	0.41	0
22	10700371	M878	0	0	0	0.124	0	0	0	0	0	0
4	92911659	M916	0	0	0	0	0	0.425	0	0.002	0	0
16	19097935	M863	0	0.041	0.001	0	0	0	0	0	0	0
4	112458030	M883	0	0	0	0.118	0.001	0.001	0	0	0	0.001
7	83950657	M891	0	0	0	0.04	0.001	0	0.201	0	0.406	0
4	49473344	M866	0	0.174	0.414	0.042	0.476	0	0.451	0.128	0.44	0.427
3	95175618	M893	0	0	0	0	0	0	0	0.235	0.001	0
17	78027175	M937	0	0.053	0	0.001	0.001	0	0.002	0	0.001	0.001
7	17380099	M874	0	0.034	0.001	0	0	0	0.001	0	0	0
7	21871552	M908	0	0	0.002	0.002	0	0	0	0.325	0	0.001
13	33562174	M897	0	0.001	0	0.001	0.458	0	0	0	0	0.001
23	18059531	M969	0	0.001	0	0	0	0	0	0	0.444	0
21	27296263	M887	0	0	0.37	0	0	0	0	0.148	0.001	0
1	113761191	M958	0	0.001	0	0	0	0	0	0	0	0.427
22	55161367	M919	0	0	0	0.001	0.001	0	0.001	0	0.008	0
2	213689303	M862	0	0.199	0.369	0.165	0.425	0.406	0.479	0.136	0.435	0.427
23	16882425	M928	0	0.238	0	0	0.001	0	0	0.001	0	0.001
2	117666066	M971	0	0	0.001	0	0.418	0	0	0	0	0
18	46460383	M890	0	0.233	0.01	0	0.001	0.001	0	0	0.001	0
7	137278290	M947	0	0	0.001	0	0	0	0	0.142	0.001	0.001
5	10934404	M940	0	0	0.001	0.033	0	0	0.19	0.002	0.001	0.001
6	148496725	M868	0	0.159	0	0.031	0.416	0	0.464	0	0.448	0.399
17	60419004	M978	0	0.001	0	0	0	0	0.001	0	0	0.428
7	49792319	M900	0	0	0.405	0	0	0.001	0	0.154	0	0
2	46747705	M872	0	0.163	0	0	0.425	0.001	0.285	0.001	0.005	0.437
17	14638143	M895	0	0	0	0.109	0.001	0	0	0.001	0	0
17	49111633	M901	0	0.001	0.012	0	0.001	0.001	0	0	0	0
