#chrom	pos	desc	normal	sample1	sample2	sample3	sample4	sample5	sample6	sample7	sample8	sample9
17	50165838	M9230	0	0.2101	0.1734	0.0005	0.0006	0.0005	0.0004	0.2288	0.0007	0.0005
22	31159822	M9409	0	0.0004	0.0003	0.0004	0.0004	0.0001	0.2799	0.0006	0.0006	0.0003
15	18336552	M9270	0	0.0008	0.0004	0.1395	0.0004	0.3423	0.0003	0.0002	0.0003	0.0006
10	130121490	M9403	0	0.0002	0.0003	0.0005	0.0002	0.0003	0.0004	0.2267	0.0004	0
4	29916589	M9393	0	0.0004	0.0002	0.0001	0.2115	0.0004	0.0002	0.0003	0.0001	0.0002
21	4987748	M9176	0	0.1413	0.1547	0.1393	0.2132	0.4532	0.0002	0.0003	0	0.0001
18	22537919	M9306	0	0.0003	0.0707	0.0003	0.0001	0.0005	0.0004	0.0001	0.0002	0.0002
2	153865537	M9190	0	0.0586	0.0004	0.0005	0.0006	0.0002	0.0002	0	0.0005	0
3	91156601	M9211	0	0.0003	0.0005	0.0001	0.291	0.0004	0.1207	0.0005	0.0502	0.4183
19	32343781	M9264	0	0.1417	0.0001	0.0003	0	0.0008	0.0004	0.0003	0.0004	0.0005
13	85754343	M9239	0	0.1406	0.1593	0.0003	0.2026	0.0005	0.0003	0.0001	0.0003	0.0005
23	39367537	M9330	0	0.211	0.174	0.0001	0.0003	0.0004	0	0.2295	0.0001	0.0004
22	48765257	M9290	0	0.0006	0	0.0005	0.206	0.0003	0.0007	0.0005	0.0001	0.0004
21	41396529	M9196	0	0.2181	0.2552	0.3389	0.0002	0.0004	0	0.235	0.4049	0.0006
8	143446368	M9170	0	0.4088	0.4059	0.4832	0.5014	0.4431	0.3844	0.2321	0.4534	0.4303
17	4214040	M9186	0	0.0632	0.0002	0.0002	0.0004	0.0002	0.0006	0.0002	0.0003	0.0002
15	45928785	M9446	0	0.2046	0.1773	0.0003	0.0002	0.0001	0.0002	0.2349	0.0003	0.0003
4	53833201	M9419	0	0.0001	0.0004	0.0002	0.0004	0.0002	0.0007	0.0002	0.0007	0.417
16	87182921	M9369	0	0.2059	0.1789	0.0005	0.0005	0.0001	0.0004	0.2275	0.0002	0.0005
15	40858320	M9234	0	0	0.0006	0.0002	0.0005	0.0004	0.2752	0.0001	0.0003	0.0003
2	166919700	M9432	0	0.0003	0.0001	0.3441	0.0001	0.0002	0.0001	0.0001	0.0003	0.0002
10	113412359	M9253	0	0.2113	0.1681	0.0001	0.0007	0.0003	0.0002	0.2343	0	0.0004
6	92980523	M9292	0	0.0002	0.1514	0.0001	0.0006	0.0004	0.0005	0.0002	0.0002	0.0005
19	69227724	M9314	0	0.0003	0.0004	0.0004	0.2096	0.0003	0.0006	0.0006	0.0004	0.0002
7	76963452	M9244	0	0.0004	0.0005	0.0006	0.0001	0.0002	0.2807	0.0001	0.0005	0.0005
10	35798121	M9218	0	0.0006	0.076	0.0002	0.0004	0.0002	0.0004	0.0002	0.0005	0.0002
19	33588072	M9388	0	0.0001	0.0002	0.0003	0.2029	0.0001	0.0001	0.0001	0.0002	0.0005
21	53273542	M9191	0	0.2109	0.2572	0.3395	0.2953	0.0003	0.1153	0.2338	0.4517	0.43
20	59483848	M9166	0	0.4189	0.3953	0.4766	0.4967	0.4468	0.4464	0.2291	0.4564	0.4168
23	35807473	M9212	0	0.0004	0.0725	0.3462	0.0002	0.0002	0.0002	0.0001	0.0004	0.0005
18	77278112	M9405	0	0.06	0.0002	0.0007	0.0004	0.0005	0.0003	0.0002	0.0003	0.0003
16	77953080	M9349	0	0.0006	0.0007	0.1342	0.0005	0.0004	0.0004	0.0008	0.0003	0.0004
19	20817991	M9164	0	0.4153	0.3986	0.4831	0.4992	0.438	0.449	0.23	0.4527	0.4218
6	351180	M9321	0	0.0003	0.0005	0.1404	0.0004	0.0003	0.0004	0.0008	0.0004	0.0003
19	38841956	M9386	0	0.0003	0.0006	0.0003	0.0001	0.1059	0.0003	0.0007	0.0004	0.0003
7	26750112	M9285	0	0.0002	0	0.0001	0.0004	0.0004	0.2746	0.0006	0.0005	0.0007
15	46545979	M9180	0	0.1395	0.1508	0.1426	0.2071	0.4437	0.0006	0.0003	0.0007	0.0002
2	96120594	M9420	0	0.0004	0.0002	0.1293	0.0003	0.0002	0.0004	0.0005	0.0002	0.0007
18	21697749	M9248	0	0.2132	0.178	0.0004	0.0006	0.0004	0.0001	0.2315	0.0002	0.0003
7	62705474	M9404	0	0.0002	0	0.0002	0.0005	0.0002	0.0687	0.0006	0.0001	0.0001
7	51822897	M9360	0	0.0006	0.0001	0.0002	0.0002	0.3456	0.0004	0.0001	0.0006	0
13	13553981	M9213	0	0.144	0.1545	0.0006	0.201	0.1068	0.0004	0.0003	0.0003	0.0003
7	134208088	M9256	0	0.0004	0.0003	0.3413	0.0001	0.0002	0.0004	0.0006	0.0005	0.0007
4	5844781	M9280	0	0	0.0002	0.0003	0.2855	0.0005	0.1129	0.0003	0.0506	0.4212
6	28964189	M9311	0	0.0003	0	0.0001	0.0001	0.3477	0.0006	0.0006	0.0002	0.0006
7	80663108	M9336	0	0.0003	0.0002	0.0002	0.2889	0.0005	0.0005	0.0002	0.0506	0.0002
2	123305753	M9397	0	0.2162	0.1724	0.0005	0.0002	0.0005	0.0002	0.2304	0.0002	0.0001
21	35617541	M9282	0	0.0001	0.0003	0.0001	0.0003	0.0004	0.0002	0.0002	0.4032	0.0004
13	36936288	M9426	0	0.0004	0.0003	0.0005	0.2126	0.0006	0.0002	0.0002	0	0.0004
16	68447932	M9249	0	0.0004	0.1519	0.0002	0.0003	0.0002	0.0001	0.0001	0.0004	0.0003
22	58463949	M9238	0	0.0595	0.0001	0.0004	0.0002	0.0005	0.0004	0	0.0004	0.0004
22	45990630	M9220	0	0.2096	0.1813	0.0003	0.0001	0.0005	0.0002	0.2305	0.0003	0.0003
16	49068061	M9221	0	0.0003	0.0001	0.0005	0.0002	0.0003	0.0002	0.0002	0.4048	0.0003
