#chrom	pos	desc	normal	sample1	sample2	sample3	sample4	sample5	sample6	sample7	sample8	sample9	sample10	sample11	sample12	sample13	sample14
17	50165838	M9230	0	0	0	0	0	0	0.1835	0	0	0	0	0	0	0	0
15	18336552	M9270	0	0.1984	0	0.4508	0	0	0.2648	0	0	0	0	0	0	0	0
23	21741973	M9300	0	0.1248	0	0	0	0	0	0	0	0	0	0	0	0	0
21	4987748	M9176	0	0.3418	0.0929	0.4508	0	0.3004	0.2648	0.1027	0.117	0	0	0.3074	0.3574	0.158	0.4874
18	22537919	M9306	0	0	0	0	0	0	0	0	0	0	0	0	0.0677	0	0
2	153865537	M9190	0	0	0	0	0	0.0576	0	0	0	0	0	0	0.0407	0	0
21	20962015	M9423	0	0	0	0	0	0	0.1835	0	0	0	0	0	0	0	0
3	91156601	M9211	0	0	0.3867	0	0	0	0	0	0	0.1883	0	0	0	0	0
22	41424024	M9252	0	0	0	0	0	0	0	0	0.2519	0	0.4695	0	0	0	0
19	32343781	M9264	0	0	0.0929	0	0	0	0	0.1027	0	0	0	0	0.1435	0	0
5	122304166	M9324	0	0	0	0	0.4603	0	0	0	0	0	0	0	0	0	0
18	7497849	M9279	0	0	0	0	0	0	0	0.1445	0	0	0	0	0	0	0
6	92429031	M9224	0	0.0874	0	0	0	0	0	0	0	0	0	0	0	0	0
3	177369608	M9354	0	0	0	0	0	0	0	0	0	0	0	0	0.0407	0	0
13	85754343	M9239	0	0.056	0.0929	0	0	0	0	0.1027	0	0	0	0.3074	0.1435	0	0.4874
23	39367537	M9330	0	0	0	0	0	0	0.1835	0	0	0	0	0	0	0	0
22	48765257	M9290	0	0	0	0	0	0	0	0	0	0	0	0.3074	0	0	0
9	55645037	M9266	0	0	0	0	0	0	0	0	0	0	0	0	0	0.3361	0
11	25810321	M9310	0	0	0	0	0.4603	0	0	0	0	0	0	0	0	0	0
21	41396529	M9196	0	0.1248	0	0	0.4603	0.1202	0.1835	0.2073	0	0.225	0	0.1477	0.0677	0	0
8	68463853	M9407	0	0	0	0	0	0.3004	0	0	0	0	0	0	0	0	0
8	143446368	M9170	0	0.4666	0.4796	0.4508	0.4603	0.4783	0.4483	0.4545	0.1522	0.4133	0	0.4551	0.4658	0.158	0.4874
11	29519636	M9325	0	0	0	0	0	0	0	0	0.1048	0	0	0	0	0.1364	0
8	87371200	M9255	0	0	0	0	0	0.3004	0	0	0	0	0	0	0.2139	0	0
21	38411705	M9399	0	0	0	0	0	0	0	0	0.2519	0	0.4695	0	0	0	0
17	75702657	M9251	0	0.0874	0	0	0	0	0	0	0	0	0	0	0	0	0
17	4214040	M9186	0	0	0	0	0	0.0576	0	0	0	0	0	0	0.0407	0	0
4	53833201	M9419	0	0	0.3867	0	0	0	0	0	0	0	0	0	0	0	0
9	116125299	M9338	0	0.1248	0	0	0	0	0	0	0	0	0	0	0	0	0
15	40858320	M9234	0	0	0	0	0	0	0	0	0.0351	0	0	0	0	0	0
2	166919700	M9432	0	0	0	0	0	0	0	0	0	0.225	0	0.1477	0	0	0
7	21833699	M9269	0	0	0	0	0.4603	0	0	0	0	0	0	0	0	0	0
10	113412359	M9253	0	0	0	0	0	0	0.1835	0	0	0	0	0	0	0	0
19	69227724	M9314	0	0	0	0	0	0	0	0	0	0	0	0.3074	0	0	0
6	92980523	M9292	0	0	0	0	0	0	0	0	0	0	0	0	0	0	0.4874
15	30545211	M9236	0	0	0	0	0	0	0	0	0.2519	0	0.4695	0	0	0	0
8	100329366	M9427	0	0	0	0	0	0	0	0	0.2519	0	0.4695	0	0	0	0
8	48474975	M9276	0	0.056	0	0	0	0	0	0	0	0	0	0	0	0	0
7	76963452	M9244	0	0	0	0	0	0	0	0	0.0351	0	0	0	0	0	0
19	33588072	M9388	0	0	0	0	0	0	0	0	0	0	0	0.3074	0	0	0
10	35798121	M9218	0	0	0	0	0	0	0	0	0	0	0	0	0.0677	0	0
21	53273542	M9191	0	0.1248	0.3867	0	0.4603	0.1202	0.1835	0.2073	0	0.4133	0	0.1477	0.0677	0	0
7	40812602	M9225	0	0	0	0	0	0	0	0	0.2519	0	0.4695	0	0	0	0
20	59483848	M9166	0	0.4666	0.4796	0.4508	0.4603	0.4783	0.4483	0.4545	0.1522	0.4133	0	0.4551	0.4658	0.158	0.4874
23	35807473	M9212	0	0	0	0	0	0.1202	0	0.2073	0	0.225	0	0.1477	0.0677	0	0
11	71258338	M9392	0	0	0	0	0	0	0	0.1027	0	0	0	0	0.1435	0	0
18	77278112	M9405	0	0	0	0	0	0.0576	0	0	0	0	0	0	0	0	0
19	20817991	M9164	0	0.4666	0.4796	0.4508	0.4603	0.4783	0.4483	0.4545	0.1522	0.4133	0	0.4551	0.4658	0.158	0.4874
6	146012636	M9277	0	0	0	0	0	0	0	0	0	0	0	0	0.2139	0	0
23	36055165	M9439	0	0.1248	0	0	0	0	0	0	0	0	0	0	0	0	0
20	49007728	M9231	0	0	0	0	0	0	0	0	0	0	0	0	0	0.3361	0
5	129108541	M9232	0	0	0	0	0	0	0	0	0	0	0	0	0.0407	0	0
15	46545979	M9180	0	0.3418	0.0929	0.4508	0	0.3004	0.2648	0.1027	0.117	0	0	0.3074	0.3574	0.158	0.4874
9	102448024	M9273	0	0	0	0	0	0	0	0	0	0	0	0	0.0407	0	0
18	21697749	M9248	0	0	0	0	0	0	0.1835	0	0	0	0	0	0	0	0
10	7685015	M9294	0	0	0	0	0	0.1202	0	0	0	0	0	0	0	0	0
13	13553981	M9213	0	0.1434	0.0929	0	0	0	0	0.1027	0.117	0	0	0.3074	0.1435	0.158	0.4874
22	33429682	M9435	0	0	0	0.4508	0	0	0	0	0	0	0	0	0	0	0
21	38095291	M9379	0	0	0	0	0	0	0.1835	0	0	0	0	0	0	0	0
7	134208088	M9256	0	0	0	0	0	0.1202	0	0.2073	0	0.225	0	0.1477	0	0	0
4	5844781	M9280	0	0	0.3867	0	0	0	0	0	0	0.1883	0	0	0	0	0
6	28964189	M9311	0	0	0	0.4508	0	0	0.2648	0	0	0	0	0	0	0	0
13	90802057	M9259	0	0	0	0	0	0	0	0	0	0	0	0	0	0.3361	0
7	80663108	M9336	0	0	0	0	0	0	0	0	0	0.1883	0	0	0	0	0
3	165037956	M9437	0	0	0	0	0	0	0	0	0.117	0	0	0	0	0.158	0
17	16982608	M9348	0	0	0	0	0	0	0.2648	0	0	0	0	0	0	0	0
16	68447932	M9249	0	0.056	0	0	0	0	0	0	0	0	0	0	0	0	0.4874
4	66749282	M9332	0	0.1984	0	0	0	0	0	0	0	0	0	0	0	0	0
22	58463949	M9238	0	0	0	0	0	0.0576	0	0	0	0	0	0	0	0	0
9	117290824	M9312	0	0.056	0	0	0	0	0	0	0	0	0	0	0	0	0
22	45990630	M9220	0	0	0	0	0	0	0.1835	0	0	0	0	0	0	0	0
18	45084418	M9335	0	0	0	0	0	0	0	0.1027	0	0	0	0	0.1435	0	0
