#chrom	pos	desc	normal	sample1	sample2	sample3	sample4	sample5	sample6	sample7	sample8	sample9
17	50165838	M9230	0	0.2085	0.1767	0	0	0	0	0.2306	0	0
22	31159822	M9409	0	0	0	0	0	0	0.277	0	0	0
15	18336552	M9270	0	0	0	0.1385	0	0.3421	0	0	0	0
10	130121490	M9403	0	0	0	0	0	0	0	0.2284	0	0
4	29916589	M9393	0	0	0	0	0.2125	0	0	0	0	0
21	4987748	M9176	0	0.1433	0.1535	0.1385	0.2067	0.4478	0	0	0	0
18	22537919	M9306	0	0	0.0728	0	0	0	0	0	0	0
2	153865537	M9190	0	0.0614	0	0	0	0	0	0	0	0
3	91156601	M9211	0	0	0	0	0.2932	0	0.1132	0	0.0499	0.4217
19	32343781	M9264	0	0.1433	0	0	0	0	0	0	0	0
13	85754343	M9239	0	0.1433	0.1535	0	0.2067	0	0	0	0	0
23	39367537	M9330	0	0.2085	0.1767	0	0	0	0	0.2306	0	0
22	48765257	M9290	0	0	0	0	0.2067	0	0	0	0	0
21	41396529	M9196	0	0.2085	0.2496	0.3426	0	0	0	0.2306	0.4057	0
8	143446368	M9170	0	0.4132	0.4031	0.4811	0.4999	0.4478	0.3902	0.2306	0.4556	0.4217
17	4214040	M9186	0	0.0614	0	0	0	0	0	0	0	0
15	45928785	M9446	0	0.2085	0.1767	0	0	0	0	0.2306	0	0
4	53833201	M9419	0	0	0	0	0	0	0	0	0	0.4217
16	87182921	M9369	0	0.2085	0.1767	0	0	0	0	0.2306	0	0
15	40858320	M9234	0	0	0	0	0	0	0.277	0	0	0
2	166919700	M9432	0	0	0	0.3426	0	0	0	0	0	0
10	113412359	M9253	0	0.2085	0.1647	0	0	0	0	0.2306	0	0
6	92980523	M9292	0	0	0.1535	0	0	0	0	0	0	0
19	69227724	M9314	0	0	0	0	0.2067	0	0	0	0	0
7	76963452	M9244	0	0	0	0	0	0	0.277	0	0	0
10	35798121	M9218	0	0	0.0728	0	0	0	0	0	0	0
19	33588072	M9388	0	0	0	0	0.2067	0	0	0	0	0
21	53273542	M9191	0	0.2085	0.2496	0.3426	0.2932	0	0.1132	0.2306	0.4556	0.4217
20	59483848	M9166	0	0.4132	0.4031	0.4811	0.4999	0.4478	0.4522	0.2306	0.4556	0.4217
23	35807473	M9212	0	0	0.0728	0.3426	0	0	0	0	0	0
18	77278112	M9405	0	0.0614	0	0	0	0	0	0	0	0
16	77953080	M9349	0	0	0	0.1385	0	0	0	0	0	0
19	20817991	M9164	0	0.4132	0.4031	0.4811	0.4999	0.4478	0.4522	0.2306	0.4556	0.4217
6	351180	M9321	0	0	0	0.1385	0	0	0	0	0	0
19	38841956	M9386	0	0	0	0	0	0.1058	0	0	0	0
7	26750112	M9285	0	0	0	0	0	0	0.277	0	0	0
15	46545979	M9180	0	0.1433	0.1535	0.1385	0.2067	0.4478	0	0	0	0
2	96120594	M9420	0	0	0	0.1385	0	0	0	0	0	0
18	21697749	M9248	0	0.2085	0.1767	0	0	0	0	0.2306	0	0
7	62705474	M9404	0	0	0	0	0	0	0.062	0	0	0
7	51822897	M9360	0	0	0	0	0	0.3421	0	0	0	0
13	13553981	M9213	0	0.1433	0.1535	0	0.2067	0.1058	0	0	0	0
7	134208088	M9256	0	0	0	0.3426	0	0	0	0	0	0
4	5844781	M9280	0	0	0	0	0.2932	0	0.1132	0	0.0499	0.4217
6	28964189	M9311	0	0	0	0	0	0.3421	0	0	0	0
7	80663108	M9336	0	0	0	0	0.2932	0	0	0	0.0499	0
2	123305753	M9397	0	0.2085	0.1767	0	0	0	0	0.2306	0	0
21	35617541	M9282	0	0	0	0	0	0	0	0	0.4057	0
13	36936288	M9426	0	0	0	0	0.2125	0	0	0	0	0
16	68447932	M9249	0	0	0.1535	0	0	0	0	0	0	0
22	58463949	M9238	0	0.0614	0	0	0	0	0	0	0	0
22	45990630	M9220	0	0.2085	0.1767	0	0	0	0	0.2306	0	0
16	49068061	M9221	0	0	0	0	0	0	0	0	0.4057	0
