#chrom	pos	desc	normal	sample1	sample2	sample3	sample4	sample5	sample6	sample7	sample8	sample9	sample10	sample11	sample12	sample13	sample14
17	50165838	M9230	0	0.0005	0.0003	0	0.0002	0.0006	0.1844	0.0003	0.0002	0.0004	0.0002	0.0002	0.0005	0.0003	0.0002
15	18336552	M9270	0	0.1916	0.0001	0.4536	0.0003	0.0002	0.2659	0.0003	0.0002	0.0003	0.0001	0.0002	0.0002	0.0002	0.0001
23	21741973	M9300	0	0.1252	0.0003	0.0003	0.0006	0.0002	0.0005	0.0005	0.0002	0.0001	0.0004	0.0001	0.0004	0.0004	0.0003
21	4987748	M9176	0	0.3392	0.0932	0.4458	0.0002	0.2979	0.2658	0.1061	0.1177	0.0003	0.0004	0.3109	0.3607	0.158	0.4823
18	22537919	M9306	0	0.0007	0.0008	0.0003	0.0006	0.0001	0.0003	0.0003	0.0001	0.0003	0.0002	0.0003	0.0696	0.0004	0.0003
2	153865537	M9190	0	0.0002	0.0003	0.0003	0.0004	0.0595	0.0005	0.0004	0.0004	0.0002	0.0005	0.0004	0.0404	0.0002	0.0002
21	20962015	M9423	0	0.0002	0.0005	0.0005	0.0004	0.0006	0.1831	0.0002	0.0005	0.0006	0.0004	0.0003	0	0.0005	0.0005
3	91156601	M9211	0	0.0002	0.3894	0.0001	0.0004	0.0003	0.0005	0.0007	0.0004	0.1914	0.0004	0.0003	0.0002	0.0003	0.0005
22	41424024	M9252	0	0.0006	0.0002	0.0008	0.0002	0.0004	0.0001	0	0.2531	0.0002	0.475	0.0002	0.0002	0.0002	0.0004
19	32343781	M9264	0	0.0001	0.0909	0.0001	0.0002	0.0005	0.0004	0.1038	0.0002	0.0003	0.0002	0.0006	0.1408	0.0004	0.0002
5	122304166	M9324	0	0.0004	0	0.0001	0.4597	0.0001	0.0003	0.0004	0.0005	0.0003	0.0004	0.0001	0.0002	0.0002	0.0003
18	7497849	M9279	0	0.0005	0.0003	0.0003	0.0006	0.0004	0.0007	0.1442	0.0004	0.0001	0.0002	0.0002	0.0005	0.0002	0.0002
6	92429031	M9224	0	0.0822	0.0005	0.0004	0.0005	0.0003	0.0002	0	0.0002	0.0004	0.0003	0.0004	0.0004	0.0006	0.0002
3	177369608	M9354	0	0.0003	0.0003	0.0007	0.0002	0.0007	0.0003	0.0003	0.0002	0	0.0003	0.0002	0.0426	0.0002	0.0001
13	85754343	M9239	0	0.0557	0.0933	0.0005	0.0005	0.0003	0.0004	0.099	0.0003	0.0004	0.0004	0.3073	0.1422	0.0004	0.4917
23	39367537	M9330	0	0.0006	0.0005	0.0002	0.0003	0.0008	0.1849	0.0003	0.0002	0.0004	0.0002	0.0002	0.0003	0.0001	0.0001
22	48765257	M9290	0	0.0002	0.0003	0.0003	0.0001	0.0002	0.0004	0.0001	0.0002	0.0005	0.0004	0.3092	0.0002	0.0003	0.0002
9	55645037	M9266	0	0.0003	0.0004	0.0003	0.0003	0.0001	0.0006	0.0003	0.0002	0.0004	0.0002	0.0007	0.0003	0.3367	0.0004
11	25810321	M9310	0	0.0001	0.0003	0.0005	0.4595	0.0002	0.0001	0.0005	0.0006	0.0005	0.0003	0.0006	0.0005	0.0002	0.0005
21	41396529	M9196	0	0.1227	0.0004	0.0001	0.4594	0.1235	0.1818	0.2061	0.0004	0.2222	0.0003	0.1364	0.0705	0.0002	0.0005
8	68463853	M9407	0	0.0005	0	0.0006	0.0006	0.2983	0.0002	0.0001	0.0003	0.0002	0.0003	0.0001	0.0006	0.0003	0.0003
8	143446368	M9170	0	0.4594	0.4856	0.4511	0.4552	0.4842	0.4493	0.4428	0.1541	0.4071	0.0004	0.4538	0.4607	0.1528	0.473
11	29519636	M9325	0	0.0004	0.0003	0.0003	0	0.0001	0.0003	0.0002	0.1043	0.0004	0.0003	0.0005	0.0002	0.1407	0.0002
8	87371200	M9255	0	0.0003	0.0003	0.0003	0.0002	0.3017	0.0001	0.0005	0.0005	0.0007	0.0002	0.0002	0.2152	0.0004	0.0003
21	38411705	M9399	0	0.0002	0.0005	0.0007	0.0001	0.0005	0.0001	0.0006	0.2391	0.0002	0.4772	0.0003	0.0002	0.0001	0.0003
17	75702657	M9251	0	0.0891	0.0007	0.0002	0.0001	0.0003	0.0002	0.0009	0.0002	0.0003	0.0001	0.0003	0.0002	0.0002	0.0001
17	4214040	M9186	0	0.0004	0.0002	0.0001	0.0004	0.0539	0.0006	0.0007	0.0002	0	0.0004	0	0.0457	0.0002	0.0001
4	53833201	M9419	0	0.0006	0.3884	0.0004	0.0002	0.0004	0.0002	0.0001	0.0001	0.0005	0.0001	0.0005	0.0003	0.0003	0.0001
9	116125299	M9338	0	0.1238	0.0005	0.0006	0.0004	0.0002	0.0004	0.0005	0.0006	0.0004	0.0004	0.0003	0.0004	0.0003	0.0004
15	40858320	M9234	0	0.0003	0.0006	0.0002	0.0004	0.0003	0.0002	0	0.0351	0.0006	0.0001	0	0.0004	0.0003	0.0002
2	166919700	M9432	0	0.0004	0.0003	0.0003	0.0004	0.0002	0.0005	0.0006	0.0002	0.2282	0.0004	0.1486	0.0003	0.0004	0.0005
7	21833699	M9269	0	0.0004	0.0003	0.0005	0.4683	0.0004	0.0003	0.0004	0.0004	0.0003	0.0006	0.0006	0.0002	0.0006	0.0003
10	113412359	M9253	0	0.0003	0.0003	0.0004	0.0005	0.0001	0.1813	0.0006	0.0005	0.0005	0.0005	0.0004	0.0004	0.0004	0.0006
19	69227724	M9314	0	0.0005	0.0006	0.0004	0.0003	0.0007	0	0.0002	0.0001	0.0003	0.0004	0.306	0.0006	0.0002	0.0004
6	92980523	M9292	0	0.0001	0.0002	0.0004	0.0005	0.0003	0.0005	0.0002	0.0001	0.0005	0.0002	0.0001	0.0003	0.0001	0.4955
15	30545211	M9236	0	0.0001	0.0004	0.0005	0.0004	0.0004	0.0004	0.0004	0.2604	0.0003	0.4749	0.0001	0.0001	0.0005	0.0007
8	100329366	M9427	0	0.0003	0.0002	0.0001	0.0002	0.0001	0.0004	0.0004	0.2519	0.0005	0.4704	0.0004	0.0006	0.0001	0.0006
8	48474975	M9276	0	0.055	0.0002	0.0003	0.0002	0.0004	0.0005	0.0003	0.0001	0.0003	0.0004	0.0002	0.0003	0.0002	0.0004
7	76963452	M9244	0	0.0001	0.0005	0.0002	0.0006	0.0004	0	0.0005	0.0349	0.0001	0.0004	0.0002	0.0006	0.0002	0.0004
19	33588072	M9388	0	0.0004	0.0004	0.0002	0.0004	0.0004	0.0003	0	0.0004	0.0002	0.0006	0.3087	0.0002	0.0001	0
10	35798121	M9218	0	0	0.0001	0.0001	0.0005	0.0005	0.0003	0.0002	0.0004	0.0003	0.0011	0.0002	0.0727	0.0004	0.0006
21	53273542	M9191	0	0.1303	0.3858	0.0001	0.4591	0.1227	0.1792	0.2138	0.0004	0.4095	0.0003	0.1503	0.0699	0.0004	0.0003
7	40812602	M9225	0	0.0005	0	0.0003	0.0005	0.0004	0.0001	0.0003	0.2497	0.0006	0.4757	0.0006	0.0002	0.0005	0.0002
20	59483848	M9166	0	0.4602	0.4807	0.4543	0.4629	0.4748	0.4374	0.4573	0.151	0.4083	0.0002	0.4481	0.4583	0.1553	0.4899
23	35807473	M9212	0	0.0002	0.0003	0.0001	0.0005	0.1222	0.0004	0.2083	0.0003	0.2285	0.0005	0.1438	0.0666	0.0008	0.0002
11	71258338	M9392	0	0.0006	0.0003	0.0006	0.0004	0.0004	0.0003	0.1028	0.0003	0.0003	0.0005	0.0003	0.1392	0.0004	0
18	77278112	M9405	0	0	0.0005	0.0003	0.0002	0.0604	0.0001	0.0005	0.0005	0.0003	0.0006	0.0006	0.0003	0.0002	0.0006
19	20817991	M9164	0	0.4697	0.4849	0.4619	0.4552	0.4809	0.447	0.4634	0.1521	0.4092	0.0004	0.4589	0.4673	0.1625	0.485
6	146012636	M9277	0	0.0002	0.0006	0.0003	0.0003	0.0004	0.0003	0.0001	0.0003	0.0001	0.0004	0.0003	0.211	0.0004	0.0006
23	36055165	M9439	0	0.1294	0.0001	0.0002	0.0005	0.0004	0.0005	0.0003	0.0005	0.0002	0	0.0006	0.0003	0.0004	0.0006
20	49007728	M9231	0	0.0004	0.0004	0.0003	0.0005	0.0002	0.0002	0.0004	0	0.0005	0.0004	0.0001	0.0003	0.3314	0.0006
5	129108541	M9232	0	0	0.0007	0.0002	0.0002	0.0003	0.0003	0.0005	0.0004	0.0007	0.0005	0.0005	0.041	0.0006	0.0008
15	46545979	M9180	0	0.343	0.0944	0.4493	0.0006	0.2917	0.2648	0.0977	0.1157	0.0008	0.0004	0.3096	0.3589	0.1642	0.4855
9	102448024	M9273	0	0.0004	0.0002	0.0003	0.0003	0.0004	0.0005	0.0003	0.0003	0	0.0004	0.0004	0.041	0.0002	0.0005
18	21697749	M9248	0	0.0002	0.0003	0.0005	0.0006	0.0007	0.1839	0	0.0003	0.0002	0.0006	0.0004	0.0003	0.0006	0.0002
10	7685015	M9294	0	0.0001	0.0004	0.0005	0.0006	0.1186	0.0008	0.0003	0.0004	0.0003	0.0004	0.0003	0.0006	0.0006	0.0003
13	13553981	M9213	0	0.1356	0.095	0.0005	0.0004	0.0002	0.0003	0.1009	0.1185	0.0005	0.0005	0.3065	0.1395	0.1582	0.4959
22	33429682	M9435	0	0.0001	0.0006	0.4488	0.0001	0.0005	0.0003	0.0004	0.0005	0.0003	0.0004	0.0004	0.0004	0.0003	0.0004
21	38095291	M9379	0	0.0002	0	0.0003	0.0005	0.0001	0.1832	0.0001	0.0002	0.0006	0.0002	0.0002	0.0002	0.0005	0.0002
7	134208088	M9256	0	0.0005	0.0004	0.0002	0.0004	0.1206	0.0006	0.2098	0.0002	0.2217	0.0006	0.1481	0.0005	0.0009	0.0004
4	5844781	M9280	0	0.0003	0.3882	0	0.0006	0.0002	0.0004	0.0006	0.0003	0.1863	0.0002	0.0006	0.0003	0.0004	0.0006
6	28964189	M9311	0	0.0004	0.0006	0.4439	0.0002	0.0003	0.2609	0.0003	0.0004	0.0005	0.0002	0.0005	0	0.0002	0.0004
13	90802057	M9259	0	0.0004	0.0003	0.0003	0.0003	0.0004	0.0001	0.0002	0.0002	0.0004	0.0002	0.0002	0.0002	0.3358	0.0005
7	80663108	M9336	0	0.0004	0.0005	0	0.0002	0.0001	0.0008	0.0002	0.0005	0.1921	0.0002	0.0004	0.0003	0.0004	0.0001
3	165037956	M9437	0	0.0001	0.0004	0.0005	0.0002	0.0004	0.0001	0.0004	0.1168	0.0002	0.0002	0.0003	0.0004	0.1581	0.0004
17	16982608	M9348	0	0.0002	0.0004	0.0003	0.0005	0.0005	0.2694	0.0002	0.0003	0.0001	0.0001	0.0003	0.0005	0	0.0005
16	68447932	M9249	0	0.0564	0.0003	0.0005	0.0006	0.0002	0.0001	0.0001	0.001	0.0003	0.0004	0.0002	0.0002	0.0006	0.4948
4	66749282	M9332	0	0.2065	0.0003	0.0005	0.0008	0.0007	0.0002	0.0005	0.0009	0.0004	0.0005	0.0003	0.0004	0.0004	0.0004
22	58463949	M9238	0	0.0003	0.0004	0.0005	0.0006	0.0626	0.0003	0.0002	0.0003	0.0006	0.0003	0.0001	0.0004	0.0003	0.0002
9	117290824	M9312	0	0.0578	0.0002	0.0005	0.0002	0.0002	0.0003	0.0004	0.0006	0	0.0002	0.0002	0.0002	0.0003	0.0008
22	45990630	M9220	0	0.0007	0.0001	0.0004	0.0003	0.0003	0.1851	0.0001	0.0006	0.0003	0.0005	0.0001	0.0001	0.0004	0.0004
18	45084418	M9335	0	0.0001	0.0003	0.0002	0.0006	0.0003	0.0006	0.1035	0.0006	0.0004	0.0005	0.0002	0.1443	0.0005	0.0006
