#chrom	pos	desc	normal	sample1	sample2	sample3	sample4	sample5	sample6	sample7	sample8	sample9
22	7133200	M10179	0	0.2358	0.0002	0	0.0008	0.0001	0.022	0.3837	0.0998	0.0461
15	32342068	M10225	0	0.0003	0	0.0003	0.1403	0	0.0005	0.0002	0.0004	0.0003
9	81794152	M10187	0	0.0001	0.0003	0.0006	0.0008	0.0007	0.1943	0.0002	0.0596	0.0005
7	33651162	M10214	0	0.0005	0.1701	0.0003	0.0002	0.0003	0.0002	0.0003	0.0006	0.0006
22	39280297	M10172	0	0.4119	0.4076	0.4403	0.3194	0.4475	0.4303	0.4358	0.4607	0.4528
2	179347791	M10203	0	0.0007	0.0004	0.0001	0.0006	0.0003	0.0202	0.0002	0.0004	0.0004
12	49939577	M10197	0	0.1287	0	0.0004	0.0003	0.0004	0.0008	0.0003	0.0001	0.0007
11	49173417	M10204	0	0.0001	0	0.0007	0.0003	0.0001	0.2012	0.0003	0.0002	0.0002
15	58001847	M10186	0	0.0005	0.0007	0.0002	0.0002	0.0005	0.0002	0.0001	0.2286	0.0002
2	75080887	M10224	0	0.0001	0.0786	0.0001	0.0002	0.0004	0.0002	0.0004	0.0009	0.0003
15	55479707	M10180	0	0.2352	0.0001	0.0002	0.0005	0.0004	0.0191	0.3856	0.101	0.041
22	53530310	M10196	0	0.2253	0.0005	0.0008	0.0002	0.0001	0.0002	0.0003	0.0943	0.0003
23	28476813	M10223	0	0.0002	0.0005	0	0.0002	0.0003	0.0003	0.0002	0.0591	0.0002
2	207754244	M10218	0	0.0004	0.0446	0.0004	0.0006	0.0003	0.0298	0.0005	0.0003	0.0006
10	46559135	M10178	0	0.0432	0.3758	0.0004	0.3298	0.1576	0.0005	0.0489	0.0851	0.3993
12	111213591	M10183	0	0.1291	0.0445	0.4403	0.0001	0.3488	0.2059	0.0002	0.0003	0.0006
22	57707319	M10199	0	0.0003	0.1989	0.0002	0.1413	0.0005	0.0005	0.0002	0.0814	0.346
12	77361269	M10195	0	0.0431	0.0003	0.0002	0.0004	0.1462	0.0005	0.0507	0.0003	0.0608
4	15510171	M10184	0	0.2344	0.0003	0.0005	0.0004	0.0003	0.0221	0.3746	0.098	0.0426
17	41039797	M10209	0	0.0005	0.0002	0.4429	0.0004	0.1831	0.1776	0.0005	0.0003	0.0004
8	43309848	M10182	0	0.2257	0.0002	0.0003	0.0002	0.0006	0.0226	0.3848	0.097	0.0405
10	100858807	M10216	0	0.0003	0.0004	0.0004	0.0003	0.1637	0.0005	0.0003	0.0002	0.0003
19	110262	M10181	0	0.0452	0.0004	0.0005	0.1739	0.1658	0.0003	0.0487	0.0002	0.0622
6	37210028	M10213	0	0.0002	0.0003	0.0004	0.1354	0.0003	0.0003	0.0003	0.0001	0.0002
19	32231439	M10189	0	0.0008	0.0003	0.0004	0.0005	0.0004	0.0001	0.0004	0.0004	0.0401
6	70277178	M10217	0	0.0001	0.0002	0.4425	0.0002	0.1849	0.1733	0.0002	0.0004	0.0002
13	118520904	M10201	0	0.0002	0.0003	0.0005	0.0004	0.0004	0.0005	0.0006	0.0001	0.0247
7	75090543	M10212	0	0.0003	0.0809	0.0005	0.1445	0.0004	0.0004	0.0004	0.0003	0.3383
14	9719352	M10227	0	0.0004	0.0462	0.0005	0.0005	0.0005	0.0281	0.0004	0.0004	0.0002
18	22762487	M10191	0	0.1306	0.0466	0.4372	0.0003	0.1843	0.1997	0.0002	0.0004	0.0002
