#chrom	pos	desc	normal	sample1	sample2	sample3	sample4	sample5	sample6	sample7	sample8	sample9	sample10	sample11	sample12	sample13	sample14
8	112127476	M10207	0	0	0	0	0	0	0	0	0.1475	0	0	0	0	0	0
15	32342068	M10225	0	0.2315	0	0	0	0	0	0	0.1519	0	0	0	0	0	0
22	7133200	M10179	0	0	0	0.0065	0	0	0	0	0	0.3588	0.0131	0	0.3061	0	0.4797
9	81794152	M10187	0	0	0	0	0	0	0.2476	0	0	0	0	0	0.1202	0	0
7	33651162	M10214	0	0	0	0	0	0	0	0	0.168	0	0.3192	0	0	0	0
22	39280297	M10172	0	0.1903	0.333	0.4617	0.4752	0.4726	0.4837	0	0.3155	0.4047	0.4934	0.4358	0.4897	0.4694	0.4797
12	49939577	M10197	0	0	0	0	0	0	0.1773	0	0	0	0.1611	0	0	0	0
15	5178656	M10219	0	0	0.0876	0	0	0.4726	0	0	0	0.0459	0	0	0	0	0
16	86673770	M10185	0	0	0	0.2403	0	0	0	0	0	0	0	0	0	0	0
7	110511342	M10205	0	0	0.1399	0	0.0802	0	0	0	0	0	0	0	0	0.4694	0
15	58001847	M10186	0	0	0	0	0.2477	0	0	0	0	0	0	0	0	0	0
15	55479707	M10180	0	0	0	0.0065	0	0	0	0	0	0.3588	0.0131	0	0.3061	0	0.4797
3	108753699	M10206	0	0	0.1055	0	0	0	0	0	0	0	0	0	0	0	0
23	28476813	M10223	0	0	0	0	0	0	0	0	0	0	0	0	0.1202	0	0
2	207754244	M10218	0	0	0	0.0227	0	0	0	0	0	0	0	0	0.0634	0	0
10	46559135	M10178	0	0.1903	0.1055	0	0.1472	0	0.0589	0	0.3155	0	0.3192	0	0	0	0
12	111213591	M10183	0	0	0.2898	0.4552	0.0802	0.6418	0.1773	0	0	0.0879	0.1611	0.6071	0.0634	0.4694	0
22	57707319	M10199	0	0.1903	0.1055	0	0	0	0	0	0	0	0	0	0	0	0
4	15510171	M10184	0	0	0	0.0065	0	0	0	0	0	0.1466	0.0131	0	0.3061	0	0.4797
12	77361269	M10195	0	0	0	0	0	0	0.0589	0	0	0	0	0	0	0	0
8	43309848	M10182	0	0	0	0.0065	0	0	0	0	0	0.3588	0.0131	0	0.3061	0	0.4797
19	110262	M10181	0	0	0	0	0.1472	0	0.0589	0	0.1475	0	0	0	0	0	0
17	76941047	M10198	0	0	0.0876	0	0	0.4726	0	0	0	0.0459	0	0	0	0	0
6	37210028	M10213	0	0.2315	0.1085	0	0	0	0	0.4687	0.1519	0	0	0	0	0	0
19	32231439	M10189	0	0	0	0.0065	0	0	0	0	0	0	0.0131	0	0	0	0
14	80708634	M10221	0	0	0	0	0	0	0	0	0	0.2122	0	0	0	0	0
14	9719352	M10227	0	0	0	0	0	0	0	0	0	0	0	0	0.0634	0	0
18	22762487	M10191	0	0	0.1399	0.2149	0.0802	0	0.1773	0	0	0	0.1611	0	0.0634	0.4694	0
