#chrom	pos	desc	normal	sample1	sample2	sample3	sample4	sample5	sample6	sample7	sample8	sample9
22	7133200	M10179	0	0.254	0	0	0	0	0.02	0.395	0.106	0.046
15	32342068	M10225	0	0	0	0	0.113	0	0	0	0	0.001
9	81794152	M10187	0	0	0	0	0	0	0.2	0.001	0.065	0
7	33651162	M10214	0	0.001	0.139	0	0	0	0.001	0	0	0
22	39280297	M10172	0	0.407	0.403	0.435	0.343	0.447	0.418	0.41	0.495	0.475
2	179347791	M10203	0	0	0.001	0	0	0	0.023	0	0	0
12	49939577	M10197	0	0.134	0.001	0.001	0	0	0	0	0	0.001
11	49173417	M10204	0	0.001	0.001	0	0.001	0	0.208	0	0	0
15	58001847	M10186	0	0	0	0	0	0	0.001	0.001	0.219	0
2	75080887	M10224	0	0	0.066	0	0.001	0.001	0	0.001	0	0.001
15	55479707	M10180	0	0.218	0	0	0	0.001	0.023	0.38	0.09	0.034
22	53530310	M10196	0	0.229	0.001	0.001	0	0	0.001	0	0.093	0
23	28476813	M10223	0	0.001	0	0	0	0	0	0	0.054	0
2	207754244	M10218	0	0	0.037	0.001	0	0	0.029	0	0	0.001
10	46559135	M10178	0	0.039	0.351	0	0.334	0.174	0.001	0.049	0.073	0.401
12	111213591	M10183	0	0.127	0.044	0.439	0	0.338	0.196	0	0.001	0
22	57707319	M10199	0	0	0.192	0	0.152	0	0	0	0.076	0.349
12	77361269	M10195	0	0.044	0.001	0	0	0.16	0	0.041	0	0.063
4	15510171	M10184	0	0.262	0	0.001	0.001	0.001	0.015	0.368	0.076	0.032
17	41039797	M10209	0	0	0.001	0.462	0	0.217	0.166	0	0	0
8	43309848	M10182	0	0.235	0	0	0	0	0.014	0.412	0.084	0.042
10	100858807	M10216	0	0	0	0.001	0	0.155	0.001	0.002	0	0
19	110262	M10181	0	0.038	0	0.001	0.18	0.178	0	0.057	0	0.051
6	37210028	M10213	0	0	0.001	0	0.136	0	0.001	0	0	0
19	32231439	M10189	0	0	0	0	0.001	0	0.001	0	0	0.045
6	70277178	M10217	0	0	0	0.447	0	0.172	0.167	0.002	0.001	0
13	118520904	M10201	0	0	0.001	0	0	0	0	0	0	0.03
7	75090543	M10212	0	0	0.073	0	0.149	0	0	0	0	0.347
14	9719352	M10227	0	0	0.05	0	0.001	0	0.022	0	0	0
18	22762487	M10191	0	0.131	0.049	0.471	0	0.193	0.218	0	0	0
