#chrom	pos	desc	normal	sample1	sample2	sample3	sample4	sample5	sample6	sample7	sample8	sample9
22	7133200	M10179	0	0.2279	0	0	0	0	0.0217	0.3846	0.0973	0.043
15	32342068	M10225	0	0	0	0	0.1338	0	0	0	0	0
9	81794152	M10187	0	0	0	0	0	0	0.2009	0	0.0583	0
7	33651162	M10214	0	0	0.1681	0	0	0	0	0	0	0
22	39280297	M10172	0	0.4022	0.4164	0.4381	0.3193	0.4477	0.4242	0.4332	0.4652	0.4478
2	179347791	M10203	0	0	0	0	0	0	0.0217	0	0	0
12	49939577	M10197	0	0.1308	0	0	0	0	0	0	0	0
11	49173417	M10204	0	0	0	0	0	0	0.2009	0	0	0
15	58001847	M10186	0	0	0	0	0	0	0	0	0.2272	0
2	75080887	M10224	0	0	0.0791	0	0	0	0	0	0	0
15	55479707	M10180	0	0.2279	0	0	0	0	0.0217	0.3846	0.0973	0.043
22	53530310	M10196	0	0.2279	0	0	0	0	0	0	0.0973	0
23	28476813	M10223	0	0	0	0	0	0	0	0	0.0583	0
2	207754244	M10218	0	0	0.0454	0	0	0	0.0288	0	0	0
10	46559135	M10178	0	0.0435	0.371	0	0.3193	0.1617	0	0.0486	0.0824	0.4049
12	111213591	M10183	0	0.1308	0.0454	0.4381	0	0.3521	0.2016	0	0	0
22	57707319	M10199	0	0	0.2029	0	0.1409	0	0	0	0.0824	0.3432
12	77361269	M10195	0	0.0435	0	0	0	0.1468	0	0.0486	0	0.0616
4	15510171	M10184	0	0.2279	0	0	0	0	0.0217	0.3846	0.0973	0.043
17	41039797	M10209	0	0	0	0.4381	0	0.1839	0.1728	0	0	0
8	43309848	M10182	0	0.2279	0	0	0	0	0.0217	0.3846	0.0973	0.043
10	100858807	M10216	0	0	0	0	0	0.1617	0	0	0	0
19	110262	M10181	0	0.0435	0	0	0.1784	0.1617	0	0.0486	0	0.0616
6	37210028	M10213	0	0	0	0	0.1338	0	0	0	0	0
19	32231439	M10189	0	0	0	0	0	0	0	0	0	0.043
6	70277178	M10217	0	0	0	0.4381	0	0.1839	0.1728	0	0	0
13	118520904	M10201	0	0	0	0	0	0	0	0	0	0.0279
7	75090543	M10212	0	0	0.0791	0	0.1409	0	0	0	0	0.3432
14	9719352	M10227	0	0	0.0454	0	0	0	0.0288	0	0	0
18	22762487	M10191	0	0.1308	0.0454	0.4381	0	0.1839	0.2016	0	0	0
