#chrom	pos	desc	normal	sample1	sample2	sample3	sample4	sample5	sample6	sample7	sample8	sample9	sample10	sample11	sample12	sample13	sample14
8	112127476	M10207	0	0.0006	0.0005	0.0002	0.0002	0.0006	0.0001	0.0004	0.1575	0.0004	0.0004	0.0002	0.0003	0.0003	0.0002
15	32342068	M10225	0	0.2334	0.0002	0.0004	0.0002	0.0003	0.0002	0.0004	0.1432	0.0002	0.0003	0.0002	0.0001	0	0.0002
22	7133200	M10179	0	0.0001	0.0004	0.0072	0.0008	0.0003	0.0002	0.0003	0.0002	0.3534	0.0135	0.0002	0.3009	0.0001	0.484
9	81794152	M10187	0	0.0001	0.0004	0.0004	0.0003	0.0003	0.2477	0.0004	0.0002	0.0003	0.0002	0.0003	0.1203	0.0001	0.0001
7	33651162	M10214	0	0.0001	0.0004	0.0002	0.0007	0.0006	0.0003	0.0003	0.1705	0.0003	0.3142	0.0004	0.0003	0.0005	0.0001
22	39280297	M10172	0	0.1939	0.3385	0.4627	0.4788	0.466	0.4785	0.0003	0.3103	0.4052	0.4951	0.4319	0.4848	0.465	0.4774
12	49939577	M10197	0	0.0005	0.0001	0	0.0004	0.0003	0.1743	0.0003	0.0001	0.0002	0.1564	0.0006	0.0004	0.0002	0.0001
15	5178656	M10219	0	0	0.0858	0.0002	0.0005	0.4704	0.0004	0.0002	0.0008	0.0498	0.0009	0.0001	0.0003	0.0004	0.0003
16	86673770	M10185	0	0.0005	0.0004	0.2361	0.0002	0.0005	0.0005	0.0004	0.0003	0	0.0005	0.0004	0.0005	0.0002	0.0004
7	110511342	M10205	0	0.0003	0.1428	0.0004	0.0803	0.0004	0.0003	0.0001	0.0004	0.0002	0.0002	0.0001	0.0002	0.4761	0.0002
15	58001847	M10186	0	0.0001	0.0004	0.0006	0.2487	0.0001	0.0005	0.0001	0.0006	0.0002	0.0003	0.0003	0.0002	0.0005	0.0005
15	55479707	M10180	0	0	0.0004	0.0066	0.0003	0.0002	0.0008	0.0002	0.0004	0.3591	0.0133	0.0004	0.3129	0.0004	0.4796
3	108753699	M10206	0	0.0003	0.1088	0.0001	0.0004	0.0001	0.0003	0.0008	0.0002	0.0005	0.0005	0.0001	0.0005	0.0002	0.0003
23	28476813	M10223	0	0.0006	0	0.0003	0	0.0003	0.0003	0.0003	0.0004	0.0002	0.0002	0.0003	0.1169	0.0005	0.0005
2	207754244	M10218	0	0.0004	0.0004	0.0243	0.0003	0.0003	0.0004	0.0002	0.0004	0.0004	0.0004	0.0001	0.0592	0.0005	0.0004
10	46559135	M10178	0	0.1926	0.112	0.0002	0.1399	0	0.06	0.0004	0.3087	0.0007	0.3266	0.0002	0.0004	0.0006	0.0002
12	111213591	M10183	0	0.0003	0.2792	0.4507	0.0754	0.6334	0.1701	0.0008	0	0.0905	0.1586	0.6055	0.0619	0.4691	0.0003
22	57707319	M10199	0	0.1824	0.105	0.0003	0.0007	0.0004	0.0005	0	0.0003	0.0004	0.0003	0.0004	0.0003	0.0002	0.0007
4	15510171	M10184	0	0.0005	0.0002	0.008	0.0007	0.0005	0.0004	0.0003	0.0002	0.1465	0.0121	0.0005	0.3086	0.0003	0.4844
12	77361269	M10195	0	0.0002	0.0007	0.0005	0.0003	0.0002	0.0548	0.0002	0.0003	0.0005	0.0003	0.0002	0.0004	0.0003	0.0002
8	43309848	M10182	0	0.0004	0.0001	0.0091	0.0003	0.0002	0.0003	0.0002	0.0002	0.3578	0.0115	0.0005	0.3077	0.0005	0.4797
19	110262	M10181	0	0.0002	0.0002	0.0006	0.1474	0.0003	0.0572	0.0004	0.1447	0.0002	0.0003	0.0003	0.0004	0.0002	0.0003
17	76941047	M10198	0	0.0005	0.0875	0.0004	0.0002	0.4698	0.0002	0.0003	0.0001	0.0473	0.0002	0.0001	0.0004	0.0005	0.0001
6	37210028	M10213	0	0.2359	0.1113	0.0001	0.0002	0.0007	0.0004	0.4718	0.1511	0	0.0001	0.0003	0.0005	0.0004	0.0002
19	32231439	M10189	0	0.0003	0.0003	0.0052	0.0002	0.0008	0.0007	0.0001	0.0004	0.0004	0.0133	0.0004	0.0001	0.0001	0.001
14	80708634	M10221	0	0.0002	0.0004	0.0001	0.0003	0.0003	0.0004	0.0003	0.0003	0.2096	0.0002	0.0003	0.0002	0.0003	0.0002
14	9719352	M10227	0	0.0002	0.0005	0.0004	0.0002	0.0004	0.0004	0.0003	0.0005	0.0004	0.0003	0.0005	0.0632	0.0003	0.0002
18	22762487	M10191	0	0.0004	0.1454	0.2156	0.0811	0.0002	0.1746	0.0004	0.0003	0.0004	0.1596	0.0001	0.0608	0.4738	0.0006
