#chrom	pos	desc	normal	sample1	sample2	sample3	sample4	sample5	sample6	sample7	sample8	sample9	sample10	sample11	sample12	sample13	sample14
9	62376547	M7097	0	0	0	0	0	0	0	0	0.0891	0	0	0	0	0	0
23	49954170	M7092	0	0	0	0	0	0	0	0	0	0	0.3045	0	0	0	0
19	7410467	M7038	0	0	0	0	0	0	0	0	0	0	0	0.0719	0	0	0.2672
16	16755250	M7064	0	0.195	0	0	0	0	0	0	0	0	0	0	0	0	0
5	96934752	M6965	0	0	0	0.2297	0	0	0	0	0	0	0.3045	0	0	0.1335	0.1674
21	23539432	M7061	0	0	0	0	0	0	0	0	0	0	0	0	0	0	0.0478
21	22016221	M6998	0	0	0.4383	0	0	0	0	0.0056	0	0	0	0.1447	0	0.0823	0
14	47509196	M7067	0	0	0	0	0	0	0	0	0.0891	0	0	0	0	0	0
3	180140264	M6996	0	0.195	0	0	0	0	0	0	0	0.4451	0	0	0	0	0
8	34675246	M7042	0	0	0	0	0	0	0	0.0056	0	0	0	0.1447	0	0.0823	0
10	78122016	M7003	0	0.15	0	0	0	0	0	0	0.0092	0	0	0	0.4959	0	0
11	47556556	M7072	0	0.1076	0	0	0	0	0	0	0	0	0	0	0	0	0
13	98895608	M7006	0	0	0	0	0	0	0	0	0	0	0	0	0	0.1335	0.1674
14	38862146	M7120	0	0	0	0	0	0	0	0	0	0	0	0.1447	0	0	0
2	126446627	M7044	0	0	0	0	0	0	0	0	0	0	0	0	0	0.0635	0
22	2795034	M6976	0	0	0.4383	0	0	0	0	0.0056	0	0	0	0.1447	0	0.0823	0
18	73722133	M6985	0	0.195	0	0	0	0	0	0	0	0.4451	0	0	0	0	0
15	43941316	M6966	0	0	0.4383	0.1764	0	0	0.2783	0.4749	0.1627	0	0.1599	0.2221	0	0.0823	0
9	132603205	M6989	0	0	0	0	0	0	0	0	0	0	0	0	0	0.1919	0
23	24242182	M6977	0	0	0	0	0	0	0	0	0.0891	0	0	0	0	0.1919	0
16	78012877	M7139	0	0	0	0	0	0	0	0	0	0	0	0.0719	0	0	0.2194
16	99385343	M7096	0	0	0	0	0	0	0	0	0	0	0	0	0	0	0.0478
22	46483314	M7110	0	0	0	0	0	0	0	0	0.1627	0	0	0	0	0	0
11	67659876	M7026	0	0.15	0	0	0	0	0	0	0	0	0	0	0	0	0
4	101335356	M7023	0	0.1076	0	0	0	0	0	0	0	0	0	0	0	0	0
16	55885473	M6982	0	0	0	0	0	0.4872	0	0	0	0	0	0	0	0	0
18	31163655	M6979	0	0	0	0	0	0	0	0.4693	0	0	0	0	0	0	0
17	26424086	M6969	0	0	0.4383	0.1764	0	0	0.2783	0.0056	0.1627	0	0	0.2221	0	0.0823	0
15	60035980	M7057	0	0	0	0	0	0	0	0	0	0	0	0	0	0.1335	0.1674
11	46302001	M6980	0	0	0	0	0.4594	0	0	0	0	0	0	0	0	0.0635	0
10	103410061	M7008	0	0	0	0	0	0	0.1335	0	0	0	0	0.1386	0	0	0
14	26428843	M7063	0	0	0	0	0	0	0	0.0056	0	0	0	0	0	0	0
14	26469413	M7016	0	0	0	0	0.4594	0	0	0	0	0	0	0	0	0.0635	0
18	44232545	M7015	0	0	0	0	0	0	0	0	0.1627	0	0	0	0	0	0
7	91454277	M7068	0	0	0	0	0	0	0	0.4693	0	0	0	0	0	0	0
20	55683652	M7013	0	0	0	0	0	0	0	0	0.2111	0	0	0	0	0	0
18	9326754	M6970	0	0.1076	0	0	0	0	0	0	0	0	0	0	0	0	0
19	73592640	M6971	0	0	0.4383	0	0	0	0	0.0056	0.1627	0	0	0.1447	0	0.0823	0
17	17225617	M7040	0	0	0	0.0377	0	0	0	0	0	0	0	0	0	0	0
16	55278709	M6961	0	0	0	0.2297	0.4594	0	0	0	0	0	0.3045	0	0	0.197	0.1674
5	51459588	M7109	0	0	0	0.2297	0	0	0	0	0	0	0	0	0	0	0
8	2194862	M7002	0	0.195	0	0	0	0	0	0	0	0.4451	0	0	0	0	0
22	1232093	M6997	0	0	0	0.2297	0	0	0	0	0	0	0	0	0	0	0
17	68802240	M6960	0	0.2576	0.4383	0.1764	0	0.4872	0.2783	0.4749	0.2611	0	0.1599	0.294	0.4959	0.2743	0.2672
1	210906033	M6984	0	0	0	0	0	0	0.1335	0	0	0	0	0.1386	0	0	0
3	177473233	M7070	0	0	0	0	0.4594	0	0	0	0	0	0	0	0	0	0
1	206148931	M7001	0	0	0	0	0	0.4872	0	0	0	0	0	0	0	0	0
10	43209709	M6962	0	0.1076	0	0	0	0	0	0	0	0	0	0	0	0	0
20	39727904	M7043	0	0.195	0	0	0	0	0	0	0	0.4451	0	0	0	0	0
4	152809223	M6983	0	0	0	0	0	0	0	0	0.0891	0	0	0	0	0.1919	0
21	43089482	M7050	0	0	0	0	0	0	0	0	0	0	0.3045	0	0	0	0
9	93473375	M7075	0	0	0	0	0	0	0	0	0	0	0	0.1271	0	0	0
20	37517572	M6999	0	0	0	0	0	0	0	0.4693	0	0	0	0	0	0	0
15	67167356	M6974	0	0	0	0	0	0	0	0	0	0	0.1599	0	0	0	0
12	26225512	M7144	0	0.1076	0	0	0	0	0	0	0	0	0	0	0	0	0
15	76683504	M7009	0	0	0	0	0	0	0	0	0	0	0	0.0719	0	0	0.2672
7	41291303	M7024	0	0	0	0	0	0	0	0	0	0	0	0.0774	0	0	0
13	28086535	M6981	0	0	0	0.1764	0	0	0	0	0	0	0	0.0774	0	0	0
8	44147305	M7128	0	0	0	0	0	0	0	0	0	0	0	0	0	0.1335	0
7	23536552	M7104	0	0	0	0	0	0	0	0	0	0	0	0	0	0.1335	0.1674
22	42114918	M6986	0	0	0	0	0	0	0	0	0	0	0	0.0719	0	0	0.2672
8	70116267	M6973	0	0	0	0	0	0.4872	0	0	0	0	0	0	0	0	0
14	68046227	M7117	0	0	0	0	0	0	0.1335	0	0	0	0	0.1386	0	0	0
9	95203429	M7086	0	0	0	0	0	0	0	0	0.2111	0	0	0	0	0	0
9	9794775	M7083	0	0	0	0.2297	0	0	0	0	0	0	0	0	0	0	0
