#chrom	pos	desc	normal	sample1	sample2	sample3	sample4	sample5	sample6	sample7	sample8	sample9
18	44232545	M7015	0	0	0.0768	0	0	0	0	0	0	0
19	73592640	M6971	0	0.0565	0.0768	0	0	0	0	0	0	0
18	9326754	M6970	0	0	0	0	0	0	0	0	0.2632	0
16	55278709	M6961	0	0	0.1543	0.4291	0.1325	0	0.4472	0	0.2127	0.2282
8	2194862	M7002	0	0	0	0	0.1504	0	0	0	0	0
19	7410467	M7038	0	0	0	0	0.0692	0	0	0	0	0
22	1232093	M6997	0	0	0	0.4291	0.1325	0	0.4472	0	0.2127	0
20	57114119	M7145	0	0	0	0	0	0	0.4472	0	0	0
17	68802240	M6960	0	0.0565	0.2608	0	0.214	0.2083	0	0.421	0.2826	0
1	210906033	M6984	0	0	0	0	0	0.2193	0	0	0	0
3	177473233	M7070	0	0	0.1543	0	0	0	0	0	0	0
5	96934752	M6965	0	0	0	0.4291	0.1325	0	0.4472	0	0.2127	0
3	180140264	M6996	0	0.2126	0	0	0.1504	0	0	0	0	0
22	45427855	M7058	0	0	0	0.4291	0.1325	0	0	0	0.2127	0
9	34617268	M7090	0	0	0	0	0	0	0.4472	0	0	0
6	121717135	M7084	0	0	0	0	0	0.0494	0	0	0	0
10	43209709	M6962	0	0	0	0	0	0	0	0	0.2632	0
20	39727904	M7043	0	0	0	0	0.1504	0	0	0	0	0
10	78122016	M7003	0	0	0	0	0.1448	0.073	0	0.421	0.0193	0
11	47556556	M7072	0	0	0	0	0	0	0	0	0.2632	0
15	43406412	M7130	0	0.2205	0	0	0	0	0	0	0	0.23
15	67167356	M6974	0	0	0.184	0	0	0	0	0	0	0
10	139229099	M7033	0	0	0.184	0	0	0	0	0	0	0
21	35369412	M7080	0	0	0	0	0	0	0	0	0	0.2282
18	73722133	M6985	0	0.2126	0	0	0.1328	0	0	0	0	0
15	43941316	M6966	0	0.0565	0.2608	0	0	0	0	0	0	0
22	4133910	M7079	0	0.0565	0	0	0	0	0	0	0	0
9	33503267	M6994	0	0	0.184	0	0	0	0	0	0	0
15	76683504	M7009	0	0	0	0	0.0692	0.1354	0	0	0	0
16	78012877	M7139	0	0	0	0	0.0692	0	0	0	0	0
11	67659876	M7026	0	0	0	0	0.1448	0	0	0	0	0
4	101335356	M7023	0	0	0	0	0	0	0	0	0.2632	0
17	26424086	M6969	0	0.0565	0.0768	0	0	0	0	0	0	0
22	45521621	M7089	0	0	0	0	0.1448	0	0	0	0	0
22	42114918	M6986	0	0	0	0	0.0692	0.1354	0	0	0	0
18	54387494	M7121	0	0	0	0	0	0	0	0	0	0.2282
22	34399850	M7137	0	0	0	0	0	0	0	0.421	0	0
11	46302001	M6980	0	0	0.1543	0	0	0	0	0	0	0.2282
9	98421528	M7138	0	0	0.0722	0	0	0	0	0	0	0
14	26469413	M7016	0	0	0.1543	0	0	0	0	0	0	0
