#chrom	pos	desc	normal	sample1	sample2	sample3	sample4	sample5	sample6	sample7	sample8	sample9
18	44232545	M7015	0	0	0.072	0	0	0	0	0	0	0.001
19	73592640	M6971	0	0.059	0.088	0	0.001	0	0	0	0	0
18	9326754	M6970	0	0	0.002	0.001	0	0	0	0	0.271	0
16	55278709	M6961	0	0	0.135	0.414	0.126	0	0.449	0.003	0.206	0.245
8	2194862	M7002	0	0.001	0	0	0.149	0	0.001	0	0	0.002
19	7410467	M7038	0	0	0.001	0.001	0.066	0	0	0	0.001	0.001
22	1232093	M6997	0	0	0	0.421	0.13	0	0.427	0	0.186	0
20	57114119	M7145	0	0	0	0.001	0	0	0.46	0	0	0
17	68802240	M6960	0	0.052	0.236	0.001	0.228	0.22	0	0.398	0.271	0.002
1	210906033	M6984	0	0	0	0	0	0.227	0	0.001	0	0
3	177473233	M7070	0	0.001	0.153	0	0	0	0.001	0	0	0
5	96934752	M6965	0	0.001	0	0.44	0.142	0.001	0.446	0	0.236	0
3	180140264	M6996	0	0.186	0	0	0.163	0	0	0.002	0	0
22	45427855	M7058	0	0	0	0.43	0.136	0	0	0	0.22	0
9	34617268	M7090	0	0	0.002	0	0.001	0	0.446	0	0	0.001
6	121717135	M7084	0	0.001	0	0.001	0.001	0.06	0	0.001	0	0
10	43209709	M6962	0	0	0	0	0.001	0	0	0	0.258	0
20	39727904	M7043	0	0	0	0	0.168	0	0	0	0	0.001
10	78122016	M7003	0	0	0	0.001	0.148	0.065	0	0.389	0.024	0
11	47556556	M7072	0	0	0.001	0.001	0.001	0	0	0	0.258	0
15	43406412	M7130	0	0.214	0	0	0	0.001	0.001	0	0.002	0.223
15	67167356	M6974	0	0	0.176	0	0.001	0.001	0	0	0	0
10	139229099	M7033	0	0.002	0.177	0.001	0	0	0.001	0	0	0
21	35369412	M7080	0	0	0	0	0.001	0	0	0	0	0.265
18	73722133	M6985	0	0.224	0	0	0.12	0	0	0.002	0	0
15	43941316	M6966	0	0.054	0.277	0.001	0.001	0	0	0	0	0.001
22	4133910	M7079	0	0.055	0	0	0	0.001	0	0.001	0	0.001
9	33503267	M6994	0	0.001	0.191	0	0	0	0	0.001	0.001	0
15	76683504	M7009	0	0.001	0	0.001	0.072	0.139	0.001	0	0.001	0
16	78012877	M7139	0	0	0	0	0.061	0	0.001	0.001	0	0.001
11	67659876	M7026	0	0	0	0.002	0.131	0	0	0.001	0	0
4	101335356	M7023	0	0.001	0	0	0	0	0	0.001	0.265	0.001
17	26424086	M6969	0	0.054	0.083	0	0	0	0	0	0	0
22	45521621	M7089	0	0	0	0.001	0.153	0.003	0	0	0.001	0
22	42114918	M6986	0	0	0	0	0.061	0.138	0	0	0.001	0.002
18	54387494	M7121	0	0	0.001	0.001	0	0.001	0.001	0.002	0	0.224
22	34399850	M7137	0	0.001	0.001	0.001	0	0	0.002	0.425	0	0
11	46302001	M6980	0	0.001	0.137	0	0	0	0	0	0	0.238
9	98421528	M7138	0	0	0.074	0.001	0	0	0.001	0.001	0	0
14	26469413	M7016	0	0	0.151	0	0.001	0	0	0	0	0.001
