#chrom	pos	desc	normal	sample1	sample2	sample3	sample4	sample5	sample6	sample7	sample8	sample9
18	44232545	M7015	0	0.0003	0.0771	0	0.0002	0.0002	0.0003	0.0006	0.0004	0.0004
19	73592640	M6971	0	0.0573	0.0795	0.0002	0.0007	0.0001	0.0002	0.0004	0.0002	0.0002
18	9326754	M6970	0	0.0003	0.0004	0.0007	0.0007	0.0003	0.0005	0.0001	0.2698	0.0003
16	55278709	M6961	0	0.0004	0.1524	0.4336	0.1314	0.0004	0.4445	0.0005	0.2085	0.2296
8	2194862	M7002	0	0.0003	0.0005	0.0002	0.1467	0.0003	0.0003	0.0004	0.0004	0.0005
19	7410467	M7038	0	0.0002	0.0004	0.0003	0.072	0.0001	0.0004	0.0002	0.0006	0.0005
22	1232093	M6997	0	0.0004	0.0003	0.4305	0.1392	0.0002	0.4581	0	0.21	0.0003
20	57114119	M7145	0	0.0003	0.0005	0.0003	0.0003	0.0003	0.4419	0.0003	0.0001	0.0003
17	68802240	M6960	0	0.056	0.2619	0.0004	0.2141	0.2037	0.0003	0.4298	0.2891	0.0006
1	210906033	M6984	0	0.0002	0.0001	0.0001	0.0003	0.2149	0.0008	0.0007	0.0005	0.0002
3	177473233	M7070	0	0.0004	0.1519	0.0005	0.0002	0.0005	0.0005	0.0001	0.0003	0.0004
5	96934752	M6965	0	0.0004	0.0001	0.4276	0.1277	0.0003	0.4434	0.0001	0.2116	0.0004
3	180140264	M6996	0	0.2184	0.0005	0.0005	0.1579	0	0.0003	0.0003	0.0003	0.0004
22	45427855	M7058	0	0.0005	0.0004	0.4322	0.1317	0.0003	0.0005	0.0003	0.2138	0.0006
9	34617268	M7090	0	0.0003	0.0005	0.0006	0.0003	0.0004	0.4428	0.0005	0.0004	0.0007
6	121717135	M7084	0	0.0004	0.0005	0.0002	0.0007	0.0478	0.0002	0	0.0002	0.0002
10	43209709	M6962	0	0.0006	0.0002	0.0005	0.0002	0.0005	0.0001	0.0001	0.2621	0.0002
20	39727904	M7043	0	0.0005	0.0003	0.0005	0.1498	0.0003	0.0004	0.0001	0.0003	0.0003
10	78122016	M7003	0	0.0003	0.0002	0.0003	0.1453	0.0729	0.0008	0.4252	0.0191	0.0004
11	47556556	M7072	0	0.0002	0.0003	0.0002	0.0002	0.0004	0.0002	0.0006	0.259	0.0001
15	43406412	M7130	0	0.2213	0.0002	0.0003	0.0003	0.0001	0.0005	0.0004	0.0005	0.2336
15	67167356	M6974	0	0.0004	0.1863	0.0002	0.0002	0.0002	0.0002	0.0004	0.0004	0.0004
10	139229099	M7033	0	0.0004	0.1845	0.0001	0.0004	0.0003	0.0001	0.0002	0.0003	0.0001
21	35369412	M7080	0	0.0001	0.0006	0.0004	0.0003	0.0002	0.0001	0.0002	0.0003	0.228
18	73722133	M6985	0	0.2168	0.0006	0.0004	0.1308	0.0004	0.0006	0.0003	0.0001	0.0003
15	43941316	M6966	0	0.0563	0.2592	0.0004	0.0003	0.0006	0.0002	0.0001	0.0001	0.0006
22	4133910	M7079	0	0.0587	0.0005	0.0003	0.0001	0	0.0004	0.0001	0.0005	0.0004
9	33503267	M6994	0	0.0006	0.1867	0.0002	0.0008	0.0003	0	0.0001	0.0002	0.0003
15	76683504	M7009	0	0.0004	0.0003	0.0004	0.0688	0.1405	0.0003	0	0.0002	0.0003
16	78012877	M7139	0	0.0001	0.0004	0.0002	0.0662	0.0004	0.0002	0.0005	0.0002	0.0002
11	67659876	M7026	0	0.0004	0.0002	0.0007	0.1484	0.0006	0.0001	0.0004	0.0003	0.0001
4	101335356	M7023	0	0.0003	0.0003	0.0005	0.0002	0.0002	0.0001	0	0.265	0.0006
17	26424086	M6969	0	0.0562	0.0792	0	0.0002	0.0004	0.0004	0.0003	0.0002	0.0001
22	45521621	M7089	0	0.0006	0.0002	0.0005	0.1457	0.0002	0.0007	0.0005	0.0008	0.0002
22	42114918	M6986	0	0.0003	0.0004	0.0003	0.0708	0.135	0.0004	0.0005	0.0004	0.0004
18	54387494	M7121	0	0.0009	0.0002	0.0002	0.0003	0.0001	0.0002	0.0004	0.0003	0.2241
22	34399850	M7137	0	0.0007	0.0002	0.0004	0.0004	0.0002	0.0001	0.4121	0.0002	0.0002
11	46302001	M6980	0	0.0005	0.1557	0.0004	0.0002	0.0001	0.0008	0.0003	0.0002	0.2297
9	98421528	M7138	0	0.0002	0.073	0.0005	0.0004	0.0002	0.0001	0.0003	0	0.0001
14	26469413	M7016	0	0.0003	0.1519	0.0002	0.0001	0.0004	0.0005	0.0002	0.0004	0.0004
