#chrom	pos	desc	normal	sample1	sample2	sample3	sample4	sample5	sample6	sample7	sample8	sample9	sample10	sample11	sample12	sample13	sample14
22	17899926	M3363	0	0.158	0	0	0	0.001	0	0.002	0	0	0.002	0	0.002	0.001	0
22	55287725	M3320	0	0	0	0.306	0.146	0.001	0	0	0	0.109	0	0.187	0.484	0	0
5	24769802	M3365	0	0.001	0.001	0	0.042	0	0	0	0.001	0	0	0	0	0	0.051
5	74666620	M3416	0	0	0	0	0	0.001	0	0	0.001	0.106	0.001	0	0	0	0
21	17489666	M3345	0	0	0	0.001	0	0.38	0	0	0.256	0	0.001	0	0	0	0
4	35402452	M3378	0	0	0	0	0	0.36	0	0	0.001	0.001	0	0	0	0.002	0
22	51291032	M3379	0	0.002	0.002	0	0	0	0	0.001	0	0.001	0	0.171	0	0	0
17	84758567	M3370	0	0.001	0	0.298	0.146	0.001	0	0	0.002	0	0	0	0	0	0
16	73864337	M3388	0	0	0.001	0	0	0.001	0	0.003	0	0	0	0.001	0	0	0
1	5856923	M3355	0	0.153	0.001	0	0	0	0.001	0	0	0	0.002	0	0	0.001	0
13	33013798	M3321	0	0.231	0.483	0	0.287	0	0	0.424	0	0.316	0.001	0	0	0	0.118
12	107554031	M3308	0	0.048	0	0.131	0	0.455	0.454	0	0.258	0	0.28	0.109	0	0.412	0
12	38532234	M3304	0	0.001	0	0	0.001	0	0	0	0.001	0	0.002	0	0	0	0.265
10	80358047	M3409	0	0	0	0	0	0	0	0	0.001	0.001	0	0.065	0.001	0	0
6	129825421	M3369	0	0	0	0.001	0.001	0.001	0.002	0.366	0	0	0	0	0.001	0	0
10	106850836	M3425	0	0	0	0.001	0.001	0.001	0	0	0	0	0	0.192	0	0.001	0
18	694148	M3389	0	0	0	0	0	0	0	0	0	0.32	0.001	0	0	0	0.112
2	139021376	M3316	0	0.057	0	0.134	0	0.09	0.418	0	0	0	0.274	0.069	0	0.447	0
16	70113102	M3360	0	0.001	0	0	0.002	0	0.445	0	0	0	0	0	0	0	0.001
13	92815407	M3364	0	0	0	0	0	0	0	0.001	0.001	0	0.161	0.156	0	0	0
17	45952660	M3346	0	0.159	0	0	0	0	0	0.001	0	0.001	0	0.001	0	0	0
15	105898546	M3396	0	0	0.002	0	0.043	0	0	0.001	0	0.001	0	0	0	0	0.036
14	7882273	M3437	0	0	0	0.002	0	0	0	0.002	0	0	0.001	0.08	0	0.001	0.001
8	65274069	M3333	0	0	0	0	0	0.272	0	0	0.253	0.001	0.001	0	0	0	0.001
15	61039901	M3352	0	0.055	0.001	0	0	0	0	0.001	0	0	0	0	0.001	0.001	0
1	48452162	M3344	0	0	0	0	0.002	0.002	0	0	0.002	0	0	0	0	0.001	0.271
6	23666070	M3357	0	0	0	0.001	0	0.001	0.001	0.454	0	0.288	0	0.001	0	0.001	0.127
14	79318700	M3377	0	0.001	0.002	0.001	0	0	0	0	0	0.103	0	0.001	0.365	0.001	0.001
15	14745403	M3414	0	0.163	0	0	0	0.001	0	0	0	0.001	0	0.001	0	0	0.001
1	95906584	M3305	0	0.5	0.441	0.419	0.48	0.464	0.437	0.433	0.475	0.404	0.267	0.258	0.474	0.426	0.155
3	156068971	M3371	0	0.199	0	0	0	0.001	0	0	0	0	0.001	0	0	0.001	0
10	67708019	M3350	0	0	0.001	0.001	0	0.001	0	0	0	0	0.219	0	0	0	0.001
21	15484945	M3324	0	0	0	0	0.001	0	0	0	0	0.003	0	0.001	0	0.001	0.283
16	56474833	M3332	0	0	0	0	0	0.001	0	0.001	0.206	0	0	0	0	0.001	0
16	55723794	M3319	0	0.001	0.001	0	0.001	0.387	0	0	0.289	0.001	0	0.032	0	0.001	0
2	190700652	M3406	0	0	0.001	0.001	0.001	0.001	0.001	0	0.001	0	0.159	0	0	0.002	0
18	48228233	M3354	0	0.249	0.476	0	0.285	0	0	0.01	0	0	0	0	0	0	0.001
10	87270458	M3353	0	0	0	0.31	0.137	0	0.001	0	0	0.001	0.001	0	0	0.001	0
23	13275575	M3310	0	0.15	0.001	0.002	0.047	0.001	0	0	0.227	0	0.001	0	0	0	0.048
18	76560417	M3314	0	0.266	0.47	0.304	0.433	0	0	0.404	0	0.438	0.002	0.174	0.487	0	0.113
13	112684998	M3385	0	0	0	0	0	0.001	0	0.001	0	0.108	0	0	0.334	0.001	0
3	76398287	M3386	0	0	0	0	0	0.002	0	0	0.001	0.002	0.001	0	0.112	0	0
6	21417600	M3384	0	0.001	0.001	0.299	0.131	0	0	0	0	0	0	0	0	0.001	0.002
19	69568969	M3372	0	0.002	0	0.138	0	0	0	0.001	0.001	0.001	0.037	0.061	0	0.411	0.001
18	50117029	M3359	0	0	0	0.27	0.154	0	0.001	0	0	0	0.001	0	0	0	0
9	25213144	M3331	0	0.001	0	0.001	0	0	0	0	0	0	0	0.037	0.001	0	0
