#chrom	pos	desc	normal	sample1	sample2	sample3	sample4	sample5	sample6	sample7	sample8	sample9
22	17899926	M3363	0	0.289	0.002	0	0	0.001	0	0.279	0	0.001
22	55287725	M3320	0	0	0.191	0.262	0	0	0.44	0.06	0.001	0
22	51291032	M3379	0	0.001	0.001	0.001	0.293	0	0.001	0	0.001	0.001
21	17489666	M3345	0	0.001	0	0	0	0.171	0	0	0	0
17	84758567	M3370	0	0	0.181	0	0	0	0	0	0	0
16	73864337	M3388	0	0.008	0	0.001	0	0	0	0	0	0
1	53624709	M3387	0	0	0.001	0.001	0	0.001	0	0	0.234	0.253
1	5856923	M3355	0	0.28	0.002	0	0	0	0	0.253	0	0
12	107554031	M3308	0	0.18	0.283	0	0	0.456	0.001	0.001	0.232	0.001
13	33013798	M3321	0	0.008	0	0	0.001	0	0	0	0.002	0
4	170070837	M3428	0	0	0	0.249	0	0.001	0.002	0.001	0	0
12	126869831	M3392	0	0	0	0.001	0.143	0	0	0.001	0.001	0.179
22	19087521	M3397	0	0.27	0.001	0	0.001	0	0	0	0	0
17	149002	M3418	0	0.001	0	0	0.148	0	0	0	0.001	0.172
21	27908858	M3408	0	0.001	0	0	0	0	0	0.279	0	0.002
22	56169552	M3383	0	0	0	0	0	0	0.003	0.049	0	0
11	100770468	M3424	0	0	0.001	0	0	0.001	0.001	0.247	0.002	0.001
2	139021376	M3316	0	0.197	0.267	0.001	0.001	0.276	0	0	0.244	0.001
16	70113102	M3360	0	0.001	0.002	0	0	0.001	0	0	0.232	0
13	92815407	M3364	0	0	0	0.001	0.298	0.001	0.001	0	0	0
19	51564042	M3423	0	0.002	0	0.001	0	0	0.431	0.001	0	0
17	45952660	M3346	0	0.273	0	0	0	0	0	0.248	0	0.001
8	65274069	M3333	0	0	0	0	0	0.148	0	0	0	0.002
21	30209612	M3348	0	0.001	0.001	0.001	0.001	0	0	0	0.237	0.244
1	95906584	M3305	0	0.467	0.433	0.478	0	0.451	0.442	0.495	0.241	0.001
3	156068971	M3371	0	0.288	0	0.001	0	0	0	0.254	0.001	0.001
10	67708019	M3350	0	0	0.277	0	0	0	0	0	0.001	0
16	56474833	M3332	0	0	0	0.259	0	0	0	0	0	0
16	55723794	M3319	0	0.001	0.001	0	0	0.172	0.001	0	0.001	0
18	48228233	M3354	0	0.008	0	0	0	0.001	0	0.001	0	0
10	87270458	M3353	0	0.001	0.201	0.249	0	0	0.001	0.002	0.001	0.002
23	13275575	M3310	0	0.275	0	0.237	0	0	0	0.385	0.001	0
18	76560417	M3314	0	0.006	0.225	0.23	0	0	0.478	0.064	0	0
2	87203116	M3412	0	0	0.305	0	0	0	0	0	0	0.001
19	69568969	M3372	0	0.199	0	0	0.002	0	0	0	0.001	0
18	50117029	M3359	0	0	0.167	0.001	0	0	0	0.001	0.001	0
