#chrom	pos	desc	normal	sample1	sample2	sample3	sample4	sample5	sample6	sample7	sample8	sample9
22	17899926	M3363	0	0.2649	0.0005	0.0005	0.0003	0.0006	0.0005	0.2639	0.0003	0.0003
22	55287725	M3320	0	0.0002	0.1843	0.2397	0.0005	0.0003	0.4451	0.0561	0.0004	0.0004
22	51291032	M3379	0	0.0004	0.0002	0.0006	0.3081	0.0003	0.001	0.0002	0.0002	0.0007
21	17489666	M3345	0	0.0008	0.0001	0.0003	0.0003	0.1756	0.0002	0.0007	0.0002	0.0006
17	84758567	M3370	0	0.0003	0.1839	0.0003	0	0.0003	0.0001	0.0003	0.0001	0.0003
16	73864337	M3388	0	0.0077	0.0001	0.0006	0.0003	0.0002	0.0002	0.0003	0.0005	0.0006
1	53624709	M3387	0	0.0006	0.0004	0.0003	0.001	0.0009	0.0004	0.0004	0.234	0.2429
1	5856923	M3355	0	0.2688	0.0004	0	0.0002	0	0.0002	0.2532	0.0004	0.0003
12	107554031	M3308	0	0.1855	0.2595	0.0001	0.0004	0.4306	0.0002	0.0004	0.2595	0.0003
13	33013798	M3321	0	0.0089	0.0003	0.0003	0.0002	0.0006	0.0006	0.0003	0.0002	0.0003
4	170070837	M3428	0	0.0002	0	0.2448	0.0003	0.0003	0.0003	0.0004	0.0002	0.0006
12	126869831	M3392	0	0.0001	0.0004	0.0001	0.1457	0.0005	0.0004	0.0001	0.0003	0.1796
22	19087521	M3397	0	0.2636	0.0007	0.0004	0.0002	0.0006	0.0004	0.0004	0.0001	0.0004
17	149002	M3418	0	0.0004	0.0002	0.0004	0.149	0.0004	0.0002	0.0004	0.0001	0.1748
21	27908858	M3408	0	0.0004	0.0004	0.0002	0.0005	0.0002	0.0003	0.2604	0.0002	0.0004
22	56169552	M3383	0	0.0004	0.0003	0.0006	0.0003	0.0001	0.0005	0.0604	0.0004	0.0007
11	100770468	M3424	0	0.0003	0.0004	0.0005	0.0005	0.0005	0.0008	0.265	0.0003	0.0005
2	139021376	M3316	0	0.1869	0.2579	0.0001	0.0003	0.2476	0.0002	0.0004	0.2593	0.0004
16	70113102	M3360	0	0.0001	0.0004	0.0004	0.0001	0.0003	0.0001	0.0001	0.2547	0.0002
13	92815407	M3364	0	0.0005	0.0003	0.0004	0.3101	0.0002	0.0003	0.0001	0.0002	0.0001
19	51564042	M3423	0	0.0005	0.0005	0.0005	0.0003	0.0003	0.4464	0.0003	0.0006	0.0008
17	45952660	M3346	0	0.2702	0.0003	0.0003	0.0003	0.0002	0.0003	0.2611	0.0003	0.0003
8	65274069	M3333	0	0.0005	0.0002	0.0005	0.0004	0.1506	0.0003	0.0003	0.0005	0.0005
21	30209612	M3348	0	0.0003	0.0001	0.0003	0.0004	0.0003	0.0004	0.0001	0.2317	0.2557
1	95906584	M3305	0	0.4668	0.4483	0.4991	0.0001	0.433	0.4458	0.4722	0.2645	0.0005
3	156068971	M3371	0	0.2659	0.0003	0.0003	0.0008	0.0002	0.0002	0.2585	0.0004	0.0002
10	67708019	M3350	0	0.0002	0.2647	0.0009	0.0003	0.0005	0.0002	0.0002	0.0002	0.0005
16	56474833	M3332	0	0.0001	0.0004	0.2562	0.0003	0.0006	0.0002	0.0006	0.0003	0.0002
16	55723794	M3319	0	0.0004	0.0004	0.0002	0.0003	0.1843	0.0004	0.0003	0.0003	0.0004
18	48228233	M3354	0	0.0086	0.0007	0.0005	0.0006	0.0002	0.0004	0.0003	0.0003	0.0004
10	87270458	M3353	0	0.0002	0.1891	0.2432	0.0008	0.0005	0.0004	0.0004	0.0004	0.0001
23	13275575	M3310	0	0.2727	0.0005	0.2584	0.0001	0.0008	0.0001	0.4086	0.0003	0.0001
18	76560417	M3314	0	0.0088	0.1835	0.243	0.0002	0.0004	0.4459	0.0628	0.0002	0.0001
2	87203116	M3412	0	0.0004	0.2607	0.0002	0.0003	0.0001	0.0001	0.0004	0.0004	0.0002
19	69568969	M3372	0	0.1848	0.0001	0.0004	0.0006	0.0002	0	0.0005	0.0004	0.0002
18	50117029	M3359	0	0.0003	0.1914	0	0.0003	0.0002	0.0003	0.0006	0.0002	0.0005
