#chrom	pos	desc	normal	sample1	sample2	sample3	sample4	sample5	sample6	sample7	sample8	sample9
22	17899926	M3363	0	0.2691	0	0	0	0	0	0.2594	0	0
22	55287725	M3320	0	0	0.1876	0.2418	0	0	0.4457	0.06	0	0
22	51291032	M3379	0	0	0	0	0.3109	0	0	0	0	0
21	17489666	M3345	0	0	0	0	0	0.1815	0	0	0	0
17	84758567	M3370	0	0	0.1876	0	0	0	0	0	0	0
16	73864337	M3388	0	0.0097	0	0	0	0	0	0	0	0
1	53624709	M3387	0	0	0	0	0	0	0	0	0.2326	0.2474
1	5856923	M3355	0	0.2691	0	0	0	0	0	0.2594	0	0
12	107554031	M3308	0	0.1857	0.2629	0	0	0.4318	0	0	0.2571	0
13	33013798	M3321	0	0.0097	0	0	0	0	0	0	0	0
4	170070837	M3428	0	0	0	0.2418	0	0	0	0	0	0
12	126869831	M3392	0	0	0	0	0.1455	0	0	0	0	0.1759
22	19087521	M3397	0	0.2691	0	0	0	0	0	0	0	0
17	149002	M3418	0	0	0	0	0.1455	0	0	0	0	0.1759
21	27908858	M3408	0	0	0	0	0	0	0	0.2594	0	0
22	56169552	M3383	0	0	0	0	0	0	0	0.06	0	0
11	100770468	M3424	0	0	0	0	0	0	0	0.2594	0	0
2	139021376	M3316	0	0.1857	0.2629	0	0	0.2502	0	0	0.2571	0
16	70113102	M3360	0	0	0	0	0	0	0	0	0.2571	0
13	92815407	M3364	0	0	0	0	0.3109	0	0	0	0	0
19	51564042	M3423	0	0	0	0	0	0	0.4457	0	0	0
17	45952660	M3346	0	0.2691	0	0	0	0	0	0.2594	0	0
8	65274069	M3333	0	0	0	0	0	0.1536	0	0	0	0
21	30209612	M3348	0	0	0	0	0	0	0	0	0.2326	0.2474
1	95906584	M3305	0	0.4645	0.4505	0.495	0	0.4318	0.4457	0.4695	0.2571	0
3	156068971	M3371	0	0.2691	0	0	0	0	0	0.2594	0	0
10	67708019	M3350	0	0	0.2629	0	0	0	0	0	0	0
16	56474833	M3332	0	0	0	0.2531	0	0	0	0	0	0
16	55723794	M3319	0	0	0	0	0	0.1815	0	0	0	0
18	48228233	M3354	0	0.0082	0	0	0	0	0	0	0	0
10	87270458	M3353	0	0	0.1876	0.2418	0	0	0	0	0	0
23	13275575	M3310	0	0.2691	0	0.2531	0	0	0	0.4094	0	0
18	76560417	M3314	0	0.0082	0.1876	0.2418	0	0	0.4457	0.06	0	0
2	87203116	M3412	0	0	0.2629	0	0	0	0	0	0	0
19	69568969	M3372	0	0.1857	0	0	0	0	0	0	0	0
18	50117029	M3359	0	0	0.1876	0	0	0	0	0	0	0
